4136 4112
59
7044
3042
4112
4112
222 2249
2275 2363 6358
3270 3273
4125
4125
5865
23
4112
4126
5471 2645 6335 6395 6012 3757 5764 3762 1704
4126 687 611 527
4074
4099
4125
4125
2577 3379 6969 2810 3386 3381 3881 6969 5929 5763 6969 3386 3332 2809 2810 5929 3381 4280 4281 6969 3379 3195 1532 4291 3379 3380 3379 6969 3381 3881 5945 2573 2754 3268 6855 6969 3269 3408 2754 2810 3381 4281 3381 4280 6969 3386 3379 5920 6969 3379 3386 6969 3386 3164 3379
4112 4112
1391 1388
4112
4112 4112
4126
4273
4125
4126
4125 1699
285 4694 285 285 4112
4128
4099
4127
5691
4112
4136
4112
4127
1670
4112
361 1335 1324 1368 373 1284 1363 394 693 1871 1864
1855
4135
2362 3275 4112
4125
2806
6373
20 4
4694 4112 2642
6237 6236
4112
4112
2956
4125
4125
2363 6666
4112 4112
4126
163
4125
2283
4139
383 1278 1294 1362 1327 4112 4112 1622 721 1864 1738 7292 7125 7004 7355
6703 4125
3046 2282 3165
10
1709 385
4126
187
4126
49
5680 1793
4136
2946
3856
2968
4997
6722 4533 2806 5466 5625 2648
4125
5625 1707 1707
4126
4125
4126
4128
4112 4112
4125
4125
4112
4112
6250 1822
4126
4125
1531
4129
2369
4132
5
2853 2781 3423 7156
4126
4099
936 1108 941
4112
4112
6012 2587 6855 5335 5214 3877
4128
4112
1705 1705 1705
4112
13
5573 610 2782 2782 1622 2782 610 2782 1871 5573 6318
604
1703 3415
4103
4125
4136
4125
4125 4099
2970
4112
2369 1738 6711
2968
4125
4112 4112
2483 2585 958 1113 1043
4115
4112 4112
6850 350 5531
2369 3463 5925 392 3463 392 5752 392 3463 5772 392 3463 5875
1374 1394
4126
2954
6395 4799 2368 4177
4125 4112 4112 4112
4136 2946 2946
4126
4125
4112
42
4127
4125 4112
5634 6399
4112
2968
3
2970 2146
2614 3511 5220 849 861 4112
2633 2628 2633 2628
204
4126 4126
4112
4125
4112 4112
4112
4126
1853
2136
4126
4128
5121 5121 4125
61
2654 222 6242
61
4126
2461
4125
3297 6399 5752 2372 2369 5328 4125 4099
4126
6404 6261 2968
2946 4126
10 2473 2494 4112
6372 4112 4112
4131
3720 5531 1617
2214 5969
145
2946
2968
4126 2943
62 2472 10
4112
688 1858 608
4126
4112
4125
4112
4125
2970
4112
4112
4127
4112
4132
1840
2968
2970 3826 6765
5925
4112
4126
4132
5560
2634 2756 3878 4214 2203 2527 6263
222
2946
4126 2970
4063
2181
4112
1939 1964
4126
3880 6012 3881 6855 2754 2320 2241 5204 6723 5335 2256 4898 3306
4126
2968
1284 1363 1304 1738 383 1253 394 1309 1259 1300 1333 1279 373 1283 1738 1363 1259 1309 1253 373 394
4112
4125
4125
4125 4112
4112
1944 1937
4049
2968
4126
1532 6581 6396 2855
4125
4112
4830
4125
2550
4112
4112
4112 4112 4112
4126
2968
4126
4132
4112
4112
4136 2943
4126
2968
1776
2946
6711 6712
4112
4136
4126 4125
4112
4126
4125 4112
25
4112 6258 4126 2191 4112
2913
4129
163 2756 608 2639
4132
4694 1
4112
6393 2779 1757 3275
6279
6969 3408 4141
4126
4126
4126
1987 6986 5749 3875
1388 1394
2899 2191 4137
4136 2946
4126
1915
1749
4112
3 4112
4126
2134
3986 263 5750 2344 263 2343 5750 6723
1757 3510
3875 720
2458
4112
4132 4115
4126 2945
4125
4137
3278 2756 1615 688 607 1622 604 605 2754
3404 4112
4112
4112
1622 721 610 2755 3986 610 604 600
2943
4126
5889 3987
1738 721 1861
25 25
4125
2363 3259 2832
4125
4128
4126
4126
4128
4125
4127
4125
4126
20
4126
4112 4136 4126
20 5625 4638
4126
4274
1622
4125
4291
4049
4125
4
4136
2756
2773 4422 6662 6971 6969
6710
4101
6231 1776
4099
4125 2932
3199
