5623
5752 5329
5625
1530
1707
1818 1862
2930 285 5631
5631
1707
5631
5631
4099
5631
5623
5631
5623 4112
5623
5623 4112
5623
5625
4112 1707
5631
5623
5865
3609 5625
5631
4125
5631
5752 3580
3574
5631
1707
5625
4112
5623 10
4112
5623 4112 4112
4129 1707
1707
4130 4099
5625
4126 4112 4112
5631
5625
3278 3875 5929 5764 1707 2810 3268 4389 2754 5929 3268 3379 6969 3379 4291 6969 3380 6969 2810 1530 5929 3268 3164 3269 5929 5929 2754 3379 6969 3386 5929 2810 3408 1530 6969 3268 6382 2627
5631
5625
2182
5623
5625
4126
5530 1707
4129
1707
4112 5623 4126 4112 4112
5631 1776
5631
5631 4112
5625
5623
5625
7047
611 1707
4112
4112
5631
5625
5623
4126
5625
163
4126
6850 1037
4125 4112
2968 5631 4126 4125
1707
4112
5623
2946 2956 4125
285 5625
5208 3881 2245 2441 3940 5607 2797 5335 402
4125
6238
5625
5631 5691 5351 4912 2894
4112 5631
1707
5623
5625
5631
1707
5631
5625
4125
5625
1 4112 4112 4112 5625 4074
5631
1707
5625
5623 4112
2635 1757
5625
5631 4112
5623 4125
5623
4132 4537
6
1707 3275 1987 2797 5792 5622
5625
5625 4112
1707
5631
5625
6355 1820 5628 6355
5625
5625
4125 5625
4112
300
4 19
5631 4119
5625
5625
6250 6236
5631
5631
5623
1707
3
4126 5623
5631
5631
2946 6004 3269 5841
4125 5631
5623
5623
5631
3599 1767
5631
4112 4112
5625
5623
1707
1707
5631 918 431 1130 957
717
7045 431 2968
1707
5623
5623
3255 2231 608 687 1738 460 686 612 383 688 535 676 1615 534 1294 7280 1142 431 869 1474 908 431 1466 1477 1471 1473 1410 1248 5875 1533 1278 1706 1864 1363 1294 383 1738 4126 5028 1128 970 868 1120 1047 941 6723 3939 2367 3260 2231 3255 5737 1525 1516 1471 1474 1466 1477 1490
5623
1709 385
5628
1743
4075 1707 4126
3 1751
5631
5631
687 523 2367 3643 607 667 523 2326 608 5623 675 611 500 2326 527 610 687 611 667 2326 500 687 527 5324 608 610 667 527 6722
1916
3259 3264 3957 7142
4112 5625
1707 2851 5157 2755 1698 3390
4125
5623
5623
5631 4125
5631
4126
1707
5625
4112
163
1707
5623
5631 4112 4112
5631
5623
1707
4112
5625
5625
5631
4126 1707
4125
4125
4125 5631
5623 4112
5631
5623
5631
5631
5631
3463 5623 392 4112
4126
5623
4126 1707 4112
1751
1707
5631
2968
3408 3510 5631
5625
5625
1707
2970 4126
5628 4126
4112
717 1063 1123 977 1707 952 1123 1063 717 3869 7294 2481 1777 6295 350 7112 7007 5468 7008 5626 7291 6318
5625
4112
4274
1707
4074
5631
5625
4112
5623
1531 1707 2367
4126
5623 4112
5631
4112
5623 4112 4126
5625
5625
1705 285 1707 1705 1705
5625
5631
1707
5631 3334
5625
1707
1707
1707
5631 2388 4627 4125
4125
4112 5625
4112 5631
1699 5625 4099
5625
4125
5623
5623
1743
2946
5631
1707 2968
5623 1912
2947 5623
5631
4126
4112
4125
696 607 538 602
4136
1707
5623
1707 4112
4112 1707 2762 3907 3270
10 3
5707
1707
5623
5631 1707
4112 1707
5625
5623
5631
5623
3463 392
1707
5840
1707
5631
7048
5623 4126
5623
5295 5550
2337 2592
4126
1707
4125
5625
5631
864
5623
4112 4125
4112 5623 2947 4136
5623
5631 4112
5628
5625
5631
3
5631
4125
1670 1670
5623 4125
5623 10
4127 2968 5623
5623
5631
2946 4126
1707 4112 4125
1707 4112
4112 5625 4112
5625
2968
608 1858 677 610
5631
5631
4125
285 5623 285
5625
864 859 1707 4112 4112 4112
1707
5623
5625
4126 4112
5625
5631 4126
1707 4218 3510 6369 6668 3266 5980
4112 5623
4127 5631
5625 4125
5631
1707
1707
5631
5631 163
1707
5631 5625
5631
5623
1707
5625
4112 4112 1707
1707
5631
5631
5625
717 960
5623
5631
5631
1707
2946 6321 5631
1707
4112
5625 4112
4126 5625 2946
5625
5607 3740 3638 2806
5625
1707
5631
5623
163 5625 163 163
4125 4099 4264 5532 2231 2727 1547 3644
5623
5631
1707
5625
5631 4112
2797 2947 2333
1707
4112
5625
5631
5623 2511 2470 10
5625 5625
5631
4112 5628
5625
1707 4112
1707
5623
5625
5631
5631
1707
2949
2946
4112 5631
4126
4112 4126 4112 1707
1707
2945 4126 4112 4112 1707
5631
5631
4112
5625
4126 5631
5623
5625
5625
5623
5623
4136
1707
1707
1707
1707
5631
5623
5631
5623
1707
1707 4112
5631
5631
5839 5631
1708 2726
5625
5631 4112
4126
1707
61
5623 3778 3637 3750 3783
5625
4136
10
4404
5625
5631
6398 5334 5870 5339 2373 2377 3650 3888 5339 3222
5631 4112
5631 5561
5625 5723 2970 2363 4980 2911 4051 2249 2926 4081 2930 3580 2952 2894 6953
5631
868 264 431
5631 10
1707
5625
3376 2440 3510 4126
5984 1532 1707 4223 1531 5984
5623
2956
5631 4112
5625 4112 4112
1707
1707 2631 6403 3046 1821 2968
1707
5631 1785 2368 5531
408
5623
4126
5631
5625
5631
1707
4125
2587 1862 1707 1862 1622
5631
5638 6014
5623
4125
2946 1707
5623
373 1309 1293 1738 1363 1253 1259 1331 394 5623 1300 1262 1354 1333 1738 373 1882 394 1363
5623
5625 4126
2237 1707 3334 2240 2369 1532
5625
1707 1707
1707
4112 5631
2946 5623
5625
5625
5625
2968
5623 2971
5625
5631
5631
5625
5623
5623
5631
1533 1622 1738
5625
5631
5623
5631
5623
1707
5631
1707
1707 4112
1707 10 4694
5625 2642
3423
5631
4126
5625
5631
5623
5625
5623
5623
1707
5631 4131
4126
5623 2968
4112 5631
1707
5623
5623
4074 4137
5631
5631
4125
4126 4112 2899
5631
5623
5625 4125
4081
1707
2946 5625
4126
4126
5631
1707
5623
5631
5623
5625
2769 6341
2968 2946 6713
5631
5623 4112
5623
5631
5631 4112
5631
5623
4126
5631
5941 3924 2369 1547 263 2754 2317 2241 3876 263 3721 263 3744 2755 2641
5631 4112
5631
5623
5631 4125
5625
5623
2484
2945 1707
1707
5631
1707
5631 4112
431
5623
5625
5628
5623
5631
5631
5625
4127
4112
4125
2930 3668
431 978 1046 1110
5631
4125
163
5625
5631
23
2946
6896 6889
1707
2946 6178 4136 4112
431 869
5631
5623
1707
4112
1707
1707 4112
5625
5631 4112
431 1773 431
4126
5625
4128
1107
2946
4112
1707
3874 6341
264 677 607 1738 1858
5631 4112
2968 5631
4126
2945 5754
5625
1707
5625
5625 4112
5625
25 4132 5625
2725 3767 2368 3873 5326 5750
4125
5625
2945 4126 5631 4112
5623 4112
4125
1707
5625
4112
3461 391 855 857 5631
1531
5631
5631
4112 5625
5623
5631
5631
5625
1707
5625
1707 610 1622 1700 3274 6855 610 1622 604 1772 610 1700 610
5625
4125
1772
6361 6986 5631
5623
4126
5625
5631 4112 2498 10
5623
4112 5623
5640
1707
5623
5623
1785
5623 4127
5623
5625
5625
5625
1707 4112
2140
4125
4115
5631
1707
3517 2584
4125
5550
5631
5623 2968
5631
5625 1785
1707
6398 3650 1693 3649 6320 1686 3647 5328
5623
2134 2185 5625 5634 4112
4112 5625 4112 4112 4112 2946 2991 3976
5610 2797 2466
4112
5625
5631
5625
5625
5631
2983 1707
5631
5631
1707
5610
5631
5623
4127
1776
2875
3275
4131 4130
1532
6328
3898 2755 5607 4846 1821 1820 6689
4126
2956
4126
3376 3030
3265 3880 3878
3609
