4099
1039 2641
4074
4104 4104
103
4068
4126
1531 2369
3878
4060
3881 5945 5310 5773 3876 1547 1836
4126
4126
2645
4125
4130 2903
163 163
1382 2325 2296 602 2797
4126
6800 5067 3994
2644 2956
4101 408 408
4126
4126 3876 6823
3510 6335 2634 2634 3510 3423
2968
2968
2969
675 1615 608
2969
4127
163 163 163
2911 6350 2946 2633 4434
4125
4126
2944
2944
4129
4126
5450 5451
4125
2249 5925 2873 163
4099 4131
6
4126
5453 2933 6861 4634 4553 4639 3829
4125
682 709 608 1672 608 1868 682 1855 709
4129
163 163 4074
1941
4126
3643 3275 2257 3509 2320 3881 720 528 2343
4129
4125
163 163 163
5865
4126
4125
3294 4422 3379
3510 265
4127
4126
1
4131
203
4125
163 163 163 163 163
3282 5840 6723 3280 2634
4126
4126 1391 1120 1039 2362
1796 6333
4125
3408
2946
4129
5607 6792
2969
2797
4132
2944
6687 7339 4369
163 163
4125
4125
4125 2968
163
2944 2944
4127 4070
61 61
2969 4641 4632
2944
4101 3509 3275
687 1885 602 2342
1846
6907 6905
4126 4126 4136 4136 4136 4136 4126
4125
3273 4664 4304 6722 6974 2225
4136 4136 4136 4136 4136
4129
4127
2374 349 6320 2117 283
277 431 855
203
3510 3338 5246
5282 2773 1531 2807 4126
5871
4125 4099
5848 5842
4126
4126
2968
163
4125
4125
4125
163 4074
4126
57
2367 3545 3959 2833 2806 2853 5542 3910 2853 5295 1382
4126
2956
2968
4126
1699
4101
163
1394 1391
4126
4126
4125
163
4099
4129
4125
2633 3408
188 64
2944 2949
163
2969
2969 2969
4126
6690
4125
4127 4115
4128
4125
4126
4126
4065 4065 4074
1532
4127
4126
4125
2943
4126
57 188
4126
4112
292
4125
163
4125
5765 3924 3933
4125 4125
4132
4126
1977
4112 2968
1757
1532
2651 6402
4074
6723 5514 5535 1816 1807
1721
2969
4104 4104
2326 3881 2241
4125
4125
2912 3202 5942 2879 2633
4125
4125
4125
2969 6014 1836
600 1853
4101
4126
4125
4125
4126
4125
4126
4132
2943 4125
4112
5546 397 431 1047 973 1124
6346
1037 1119
4127
4126
4136
4137
2901
2968
1
4132
5214 431 1378 1116
2944 2968 4126
4136
1381 5913 2287
4129
2755 2484
6014 3898 5844 2857
2969
5752 3321 1046 1119 1388
3347 3542 2317 1531
5557
2628 3267
4131
3510
6013 1774
2969
4136
2968
4126
3878 3881
2944 4126 4125
256
1119 1052 1055
4129
4126
4127
4126
4090
5772 5929 2968
3759 4582 6409 2857
1669 838 1737
4074
4074 4074 4074 4074
4125
602 688 1615 2368
4137
4128
6970 2225
600
1533 3386 4291
4125
2946 2956
3265 2480 2300
3463 4525 1813 392 1547 5740 5431 4425 3165 3049 6972
6904
4055
4074
2944
4125
4126
4065 2944 5917 2440 2769 2224 3510 2862 2275
4127
3099 4281 3009
2968
203
4125
4126
4126
4125
6723 2648
4074 4074
2944
163
4118
394 342 373 1278 1363 1328
2944
2369 1777 3319
4074
3275 5845 3273 2325 3268
4126
2181
163
6761
4125
4075
2969 6823 2912
4125
2969
4125
3
4129
2369
4128
4126
1795 1751
4127
4126
6
4126 4136
4125 4099
4126 2946
4125
4126
4125
4128
2969
1786 2853 2944
163 163 163 163
285
2969
4125
4125
3340 6723 5792 1790 2368 1738 2956
4127
3306 5839 2362 1615
4131 4131 4131 4131
3378 3340 4898
163 1532 163 163
2441 5752
3918 6666 5793 4215 5920 2362
4137
1820 2374
4126
4126
4126
2944 4126
4747 1532 2944
1748 2832 1748
4433 1826 2432 3273 2944 3275 390
4125
2969 4136
5532 2369 2369
4125
2944
2969
2164
5941
2164
4099
4126
4126 2969
4125
2969
431
1669 718
6666 2368 1750
12 1675 3159
4126
2968
3510 3405 4125 2968
5747 5843 5339 1698 3510
2968
1622 1669 2645
2627
4136 5059
4125
3668
1669 721 1622 1862 238 3374
4084
6723 3269 1801 1547 5542 5764
2464
1
4126
2224
4126
4126
4128
4127
4125
682 1737 448 238
4126
4087
4125
2368 5629 2797 3880
7178
1531
4125
4099
4127
4126
2024 5644 2024 5644
4126
4125
6259 6281
3654 163
4126 2944
4125
4537
4099
2633 5532
2969 4632 2922
1699
4112
3267 2275
2968
4129
4126
2908 3294
4125
6935 1824 6933
2187
4542
4126
2969
163
163
4090
4126
4099 4131
4125
4126
4132
2374 6690
4125
4125
2956
4101
4126
4126
6850 5625
163 5917 5839
4104
3347 2369 4663 3334 1547
4126
344
13
4087 2191
4125
1853
1704 6723 2855 2861 2440 4240 350 2369
4126
1670
2969 4126
2956
4136
4126
2944
57
4126
4125
4103
285
1750
4126
6850
4074
2213 2220 2832 263
163 163
1045 6907 5929 2326
4126
4694
4438
4127
4125
2644 2374 3201 2644
4126
6723
5806
2968
4125 4099
2797 2834
5493 2944
4128
2634
5941 3321
2969 2969
2969
4126
4074
5606 3737 2762 3374
4126
3509 7034
4130 4074 4125
3509 5765 2726 3334 3725
6722 1374 2853
2968
4125
4126
114
2368 2649
1547 3877 4215
2944
4126
1837 6972 6972 1837 1837 6972
163 163 625
2968
4126
4101
4126
2250 1837 3270 2832 3886 3320 3267
6346 3509 2631 6341 3294
2182
2210
1054 1474 1474 5606 1470 1474 3510 1054
4125
4126 2968
5330
5969 6409
7032 282
1531
2944
4126
4126
2645 1986
188
4104
163
4126
4126
4126
4127 2944
2944
188
1848 600 678
1533
4125
1776 5839
193
26 2409 3510 3590
4126
282
4126
5839 1776 1822
4136
4128
2944
4125
1531
1615 688 608
61
4125
4112
4125
4112 4112
4136
4132
4128
2363 5729 2926
2321
2968
6666 3649
1394 1394
163 163 163 163 163 163
1670
4125
6687
4125
4101
4099
163 163
4125
5 49 6
163
4126
3509
6236 3836 1795
4099
4065
5623 3273 2414 5623 3276 5631 2407
4126
4125
4125
4125
64 64
426 844 851
5844 3961 6723 3269
4904 5607 6855 2943 6013
3510 3144
4131 4131 4131 4131 4131
4137
163 163 163
3891 3510 5542
163 163 163 163
4074
4125
4126
163
4125
2899 4126 2191 4074
4126
4125
3691 3509 3275 6969
4125
4542 4694
4131
4129
4074
4125
4125
4125
4126
4126
2132 2024
163
169
4126
64 228 64 64
4126
324
4112
2362 5839 3079 3379 3319
2946
1738
2797 5631 3891 4303
4125
3757 3764 3752 2368 3751 2631 5607 1547 3878 1532 3894 3878 2326 1547 2781 3278
163
4125 4125
4447
4136
4126 256
4112
4610 5425 4218 5426
2968
4099 4099 4099 4099 4099
4129
4131
163
5522 2363 3924 3908 2797 1547
4125
4137 4137
4112
4125
4126
163 4074 163 163 163 163
4125
3826 2191 2902 4126 4126
4074
4126
2402 2943
5496 6666
3924 5925 4217 3264 384 1681
4126
4447 163 4126
2944
5521 4128 2943 864 864
334
4129
167 4126
4128
2944
2644 2645 2249
2944 5537 2969
4126
4059 2944
4112 2857 1547 2634 2363 5295 4126
4098
163 163
2797
4125
4136
163 163
4127
6928 2969
2944
163 163 163 163
3494 2944
1116 1394 264 1374
4136
6895 5562 4136 6953
3878
4101
3463 392 5975 3201 1797 2410 5975 5640 3463 392 5752 3875 1547 2969 1797 2147
4126
4099
1915
4125
163 163
4126
4112
4125
4126
2175
1531
3964 3030 2362
4065
1531 869
4126 4126
4112 4112 4112 4112 4112 4112
4125
2969
2968
4074
4692 1622
4125 2649 6267 6282 2965
4128
4126
2969
4125
3415 2458 3809
254 4125
163
5607 1547 3881 2246 5324 1743
62
4126
5328 5969 2540 2586
2944
604 687 605 526 683
4125
2944
1759 2147 1759 1759
4125
4434 431 2368 2337 688 1701 530 2853 4434 502 4434 1701 682
25 184
4112
4129
3408
4112
5607 2944
4126 4069
4941
4125
5964 3370 5965 144
5572 1987 3651
6722
1855 720 688
5925 2826 3922 3910
2368 2333
2911 4136
4126
4112
1917 2948 4057 1916 1915 3526 3411 2134 5451 3517
4125
4125
2968
6985 3309 2968
5875 2390 6855
2901 2944 2899
2969
4131
6722 609 6689 414 438 1224 498 432 1771 413
878 1046 1117 1715
163 163
3297 5607 5841 3269 2855 5640
2969
4128
1468 1474 1520 431 1509
285
2369 1039 2643 1394
3
4137 2944
4125
431 1394
4125
4126
4126
4125
2944 4127
163
609 2969 2388
54
4126
4112 4136
4126
3882 2853 3547
721 1885 682 609 1885 682 1855 721
4112
5634 5829 2643 693 5772 3509
1
4533
4131
3376
2969
1622 1737
4126
163 163 163 163
2968
4126
4126 4125
608 691 709 4136
4125
610 1615 679
3637 3321 2769
4125
4132
2134
2946
4112
4061
2946
4125
4136 3200 5359 4430
4125
4125
228 228
4273 4128
4112
2944
2969
6259
4126
3952
4098
5560
3692 2755 2326
4127
4132
687 608 500
4101
3897 4727
4129
163
163
2024 3274 1791
2968
4125
2944
4529 3509 4103 4529 3509
4129
2956
2946
4125
4136
4126
2968 4112
465 688 1615
4125
3306 3621 2368
2968
4126
4125
4101
163 163 163
4125
1935
163
3274 2230 3201
5309 6689 6905
163 163
3510 2369
5522 5622 1795
263 2321 2374 3021 3001 1547
4125 2136
4074
2922 4074
2
2775 3270
2943 4136
4125
4125
2944 2946
4126
3394
1862 721 721 1862
3408 6692 861 6692 6692
163
4126
4074 163 163
625 1615 677 461 677 709 5101 1672 1855 677
6013 5941 4536
4632 2901 2906 2922 4126 4129 4128
2421 3875 5929 5628 5324
2956
4126
4126
7194 7349 2432
4125
721
4125
2134
4125
4125
2969
4099
2944
4136
2968
4125
4125
4126
2764 2325 3306 5929
2646
4126
4132
721 1737
2825 6722 3650 1547
721 1622
2492 2494
2164 2317 2325
4125
2901
4125
1670 4129
4132
4132 4125
4126
4104 1846
2797 3878
2456 2521 408
163
4125
2956
3510 3306
2641 3509 2797
1531
5326 2651 3270 3273 2944 4101 4087
4126
2944
3833 5837
4129
4125
3510
4132
4126
2935
4126 2969 4125
163
2944
4126
1718 3045 6928
4101
4129 4129 4129
4137 2968
4099
2968
4127
3201 4132
2944
4132
4129
4126
4125
163
4126
2946
419
1622 6972
4126 2195
2944 4126
4126
4801 5105
228 228 62 228 228
5945
2944
2956
2410 3268 3914 3269 1547 2862
4132
399 5548
4126
163 163
4125 4099
3880 1801
1532 1047 1388 1045 1131
4131
324
4136
163 163 163
5546 397 6375 397 5546 397 2432 5546 1533 1692
5105 2375
2968
4137
2954
2024
5945
4126
4125
4126
4126
2956
2969 1699
3668
4125
4112 4112
4126
3334
4128
2969
12
4125
2944
4132
394 5941 3510 721 6939 6940 5977
4125
2369 5530 4438 5671
2362 688 1164 608
4125
4125
5929 5625
6362
4074
7
4126
666 686 502
4126
4126
1855
1846
4125
4447
5610 5610 2334
4273
163 163 163 163 163 163 163
4136
2969
2362 6298 2362 5642 5531 2362 2633 2362
4125
4112
1120 1040 1388
4128
4125
6689 602 674 1672
4126
4125
4126
163
2853 796 3334 3509 1549 1564
1037 1393
3651 5920 1871
4125
4126
4125
5633 2585 2590 6284 2369 3881 5632
721 3463 5622 392
4125
4127
4125
4112 4112
5929 1818 384 1784 1681
4127
3875 3274 2367 2369
4126
1795 3510 3335 3875
1915
4135
2837
5607
4049
4126
4125
5608
4126
4126
163
2944 4125
4126
5521 5521 2944 4062
4101
1716 3510 2363 1724 2186 2966 300 2965 5537
5248 1547 2806 263 3510
5571 2230
4112
4112
4126
4218 3964 3877
4126
6796 4074
4126
4126 4131
4125
4125
1738 1738
4126
4126 2944
4126
4074
4126
2969 4126
1685
163 163 163 163
4125
4125
4125
4126
4126
4126
3035
163
4125
3379 4291 6987 6985 4291 3379
2968
4125
4077 4074 2185 2944
4129
4212 3070 3663 6990 3667 4218 4220 2440 2759 6338
4125
4125
163 163 1669 389 600 1825 163 163 5546 397 163 163 163
2365 2912
3510 2362
163
163 163 163 163
4125
4126
3668
264 1116 1394 1389 908
4126
4535 1741
1699
6722
4908 3509
6851 1622 5607
3509 2631 3881 1750 3756
4104
5521 4128 2966 2333
4132 4112
2968
4099
163
2369
4127
4129
4126
4074
4131 4130
2969
4131 4100
2968 4126
4126
4125
4099
4273
163
169
5629 5969 3274 1040
4125
2968
4127
4112
2969
2969 4126
2969
4126
2797 6855 6284 1547 3278
2968
1531
4126 2946
2851 3898 1760
2025 4135 2025 2968 2920 5468 3822 3833
4126
2797 2797
4127
2797
3510
2968
4125
16
4125
10
4125
6971 3890
2631 2538 3873
163
4126
2363 3542 3886 5808
2159
4074
4125
2968
2944 6266
2968
4126
4126
4126
2185 2969
2968
2531 5823 2528 1837 2363 1837 6976 5823
163
4074
291 4125
4119
2944 4126 3817 6723
163 163 163
2325 3894 1382 3914
1685 2296 2293
4125 4126
4112 6689 2645
2946 6370 2539
5496
2968
4479 3311 2756
4126
4126
285
4125
3275 4125
2369 5624
4125
869 1116 1400 264
292
4125
4125
1622 1738
6267 2140
5328 3922 5929 6689 2853
4125
2943
4125
4126
4125 2968
4125
4074 4074 4074 163
4126 4125
2968
163
869 870
2968
1745
4125
4126 3704 6969
4126
4694
2969 4125
4126
169
4126 2956 2944 2143 4632 4126
3298 2835 3735 2337 1787 2367 2240 3881 2239 2648 3881 2820
3491
4126
2858 6723 1807 2858
163 163 163 163
2968
4126
4126
4136
759 818 790
4126
4127
4049
1699
4125
2968
6760
222
2858 1378 1248 1374 2858 1248 1374 1378
4130 4099
2968
4126
3705
4125
5373 1547 1533 3976 3194 2146 2448
2144 2147
2797 4074
2969 4125
2367 3547
1374 1116 431
4136 4126 4125
4125
4447
2631 263 3751 2275
2
2461 6242 2920 4136 2465 2919 4126 4632 4632 4136
3391 2833 4631 1547
4125
163
2969
1533
4125
4101
2968
4125
1937
4129 2919
4126
608 602 5848 1531 6723 602 4987 1757 621 4987
4125
4125
4125
3259 1836 6315 2368
4125
4112
4112 4112
2894 4136 4137
4126
4126 4187 1707 5606
4126
4125
4125 4125
4126
20
2968
4125 4638
4125
3811 4061 2956
345 2949 2946
4136
5729 4126
2140 6012
163 163
4126
4125
169 4136
163 163 163
2644
285 285 285
6761
4126
163 163 163
869 1374
2968
4126
2146 2876
3334
4126
4664 2336 5630 3899
2944
2825 5920 263 6013 6723
1737 721
5607 5844 609 4126
4126
163
4126 2965 2921
4126
6969
4125
4125
4125
2497
602 518 238 682
4126
2944 3415 4136 5607 2944 2797
2968
2949
22 1756 22 21 20 3510 1715
4126
4112 4112
163
4125
4129 2969
4125
2969 4136
4125
4125
2968
4126
2944 2944
4126
2944 2956 4074
3852 5530
4126
4125
4126 2944
163
152
4129
3649
1047 1388 1120
4125
3558
2640 2180 6014
4125
6259 2965
163 163 163 163
4126
1699
4125
5963
2968
4126
4136
163
2969
5521
4126
4126
2936
4128
4125 2969
4126
4125
6257 4126
4125
4125 4126
3760 2369
3438
4125
4129
791 798 263 5749 1836 1776
4126
2179
2797 2797
4125
4125
1374 1394
5839 5801
3 10 2797 10 3510
4125
4125
2968
4125
4799
4127
4304 1954 4663 7352 7194 7200
2944
61
4127
4125
4132
4112 1871 721
4136
2948
163
4537 6969
4125
4126
2773 263 3269 263 3962 3743 263 2773 3889 4850 3743 263 2756 3743
4136
6012 2754 263 2241 3878
4126
4125
3935 263 5749 1987
1110 264 1400 1108 1381 4588 4663
1738 1733 686 1177 603 1862 1672 263 2369 1733 264 1379 431
163
6796
4125
4127
1853 3334 524 675
4125
5640 6722
1846
292
2969
4127
4126 1699
4126
2369
163 163
163
23 23 4132 23 4132 2733 23
4074
163
4290 2362 4129
3853 3851
4074
6690
263 5827 6668 4174 2797
3922 3964 4420 5849 3022 263 5849 1983 3964 263 163 263 3964 4423 1547 3922
4126
4074 4126
263 2583
2224 3347 5760 6722
4125 4130
2969
4125
4074
1394 5521 2363 6241 5625
2965
4125
4125
4112
4125
4125 3510 2807
1738 1862
57
4126
4132
4074
4126
4126
4125
3433 3338 3537 3334 1987
4126
6331 2527 263 4402 5584 263 2600 2585
4125
2956
5431 2369 6691 3423
4112
3376
4125
4126
2646 4692
263 3517 2296 2584
4129
2237 5607 263 3878 2754
4126
4125
4052
5941
6969
2969
6410 2368 2769
2634 2773 3650 3334 3643
4132 4132 4101 4132
4126
2969
4129 4061 4129
4126 2969
3817 2944
231
4129
4101
2943 2969
169 162 4126
2806 5049
4136
163 163 163 163
4126 4126
1304 373 1738 394 1882 1362
163
674 1615 1855 688
4126
4126
4081
3509 2944
4126
4126
4127
1738 1615 608 687
3520
1796
2633
2969
5537 4136
3866 4130 4135 3142 2375 4135
4131
4129
6976 1547 5806 3270 5765 1837 6974 5969
238 1669 1862 1864 3509
4136
1953 2648 1746
6012 2232 3882 263 6985 4898
7131
1846
3913 3269 263 3306 2363 2754 6370
4125
4125
4125
1469 1520 1478 1474
6231 2651 263
4126
4074
2944
4112
4099 4099
4126
3639 3269 263 3639 5827 869 1116 1394 263
4112 4112
2369 6970
4125 4125
4112
2968
2969 4099
602 697 518 264 6355 1827 6722 263 1207 1169 264 500 503 1853 683 602 264 625 1702 1850 1885 1169 1207 264 507 1850 1702 1604 264 1702 1207 264 3510 683 1207 1169 264 3203 1871 1702 1604 264 1207 1169 1702 518 500 264 709 1871 1604 264 1713 1169 264 688 602 1207 264 718 1702 1604 602
5718 4914
4103
4754 1531
6969
4104
163 163
2633 2203 3882 6293 3881
4125
4126
163
4063
163
6792 3952 3323
5941 2586 2367
4125 2969
3649 3270 3881 2362
2944
2635 5468 5764 6691 1784 2220 5765 2968 1733
2134
1
2968
4129
2166
4126
5929 5631 5929 1757 2949 6014 5929
1699 5925 4125
6826 3347 3959 2362
263 3328 263 3328
4125 4099
4126
4125
4125 4125
3889 5845 263 1792 2587 389 1792 5845 1825 263 3309 3345 2797 5925 5845 3510 263 3637 263 5925 6665 5845 5496 263 3309 506 1868 602 264 521
2968
1387 957 1374 955 1394 1128 1379
4125
4126
3
163
4125
263 3267 2023
4112 3201 2681
4127
4115
4074
1699
3882 2329 3386
4125
2946
6263
4126
4136
163
3270 3509 6850
2944
4125
263 1829 4588 3001 4605 263 3623 2313 263 6792 263 6336 2220 2313 263 3623 5542 5843 263 1704 5632 6284 6320 4401 263 6346
1801 1743 2897 1785 1785 1703
1862 1885 1166 4136 502 608 688 502 687 460 530 687 1701 1707 530 688 1855 687 502 720 460
4631 1840 3510
4128
4136 2969
1622 721 2969 5333
3084 4291 1532 1533
4136 3496 1759 4136
5555 2946
1846
4126
4126
4128
2369
63 63 63 63
163
4132
4127 4130
4136
4112
4136
2944 1848 608 528 720
1760
1532
2946
4125
2946
4125 1533
2333 1738
1533 4430 3307
61
408
1685
4127
263 6341 4439 2538 263 5843 1547 2634 3269 3278 263 6341 5843 5925 263 5581 3637 2202 1837 263 5344 1868 264 461 602 1547 2483 2634 263 5431 6341 1837 263 2528 2538 2600 2585 6331 1837 263 2202
4125
4128
2944
4126 2944 2363 1622 2363
263 3900 3882 3510 5826 2321 2851
4125
285
2968
163 163 163
4126
408
4112 4112
4126
2969
2954 2946
1712
2969
6990 6989
4125
1738
3906 5749 5749 3881
3307 6924 2643
2944 4125
6319
4126
5607 2528 2461
2944
3439 3439
2321 6728
3510
1669 1871 1871 3391
2665 3510 3873 263 2764
117
687 610 519
4136
4074
2946
4126
4129
1391 6689
4125
4087
6295 2368
502 602 687 502 6723 6666 602 687 2321
163
1846
4126
2797 3274 1862 2249 1622 1737 1622 1737
2968
4125
3877 5606 2578 5468 3307
4126
4126
4125
4126
2926 2899 2898
163 163 163
163
5806
163
163 163
2969 4101
4125
2633 1410 1374 2578 6701 2944 6259 4899 2621 6671 402
1531
4137 2944 4126
3890 3952
4126 2968 4125
2539
4126
2944 4126
4126 4126
4121
3298 2643 4217 4783 3299 2497
163
163 163 163 163 163
4126 4125
4126
4126
4127
4125
4074 2969
3269 6902 2782 2326 2241
3964 5842 6723 263 2261 2260 6792 2258 3922 3278 6723 263 2390 3309 3261 6315 263 1988 2424 3922 3959
2691 6969 2691 2369 6971 6971 2369 3298 2922 6012 3289 2614 4219 3275 3289 2922 2191 2368 2369 2369 3298 2633 2369 3289 2369 6664 6969 1533
3275 6969
2969
1942
4065
163 163 602 1871 163 163 163 163
4074
4126
2968
163
4125
2797
4126
3753 3924 263 5640 3914 163 1701 514 264 677 1885 263 1853 1855
4132
7042
163
2968
2968
4126
4127
4126
4126
2368
4125
4126
6722 6971 3881
4126 2943
263 6340 6723 3889 2820 3309 5749 263 2829 4420 3643 3261 6343 4535 263 4535 6343 3644 4423 6853 6343 6851 263 6851 4401 2794 6012 263 5626 2237 4401 3049 6356 3694 263 6852 6852 3309 4535 263 6670 6851 5532 263 2239 3268 2239 3268 263 163 2022 2406 3896 2405 1547 263 2527 6853 2203 4535 2725 263 6356 6375
4128
4125 2968
3509 2834 2368 5640 5628 5216 7077 5339
4113
163
4126 5906
4125 2968
4136
2968 4074
4126
6343 6792 263 3622 3622 3351 2216 263 3510 263 2216 3404 2362 6792 263 1043 1479 1125 2807 6398 2216 263
518 264 688 500 718 1738 2645 263 5431 2458 515 3509 518 264 516 2458 5431 2645 263 1738 264 500 686 602 515 516 686 521 264 1713 1215 1177 1771 263 516 264 686 500 689 1224 1223 1202 1169 1220 1177 1771 2645 2211 263 5431
4127
2911 2146 2901
4632 6690 4136 2368 4632 6969 4136
4127
2968
2480 5941 1821 6346 263 2631 263 2754 4898 5204
1915
4112 25 5907 5907
62
4456 4492
4126
2956 4112 2956
1
6907 285 3600
1846 1846
4132
4438
3108
2968 5633 1531 1801
3510
5
4125
5929 3877 3910 2769
4126
17
4125
4126
3001 3021
4126
1531
4126
5057 2058
163 163
2969
2969
163 163
163 163 163
2528
3463 392
2462 2534 6259 2334 3038 6995 3173 6282
4125 4125
4125
163 163 2797
67 1
4125
2944
2180
2946
1846
2756 3743
4131 4131 4131 4131 4131 4131 4131
3321
4126
6336 2855 2321
1717 2731 1727 3215
2944 4641 2944
4125
1531
4128
5633 5969
4125
5548 721 399 1622
4125
4126
4125
3927 3340 5748 1547
2458 2851
4125
1116 1374 264 1400 1248
4136
4126
3494
3319 2642
4126
2956
4125
3379
263 5173
4112 4112 4112
2969 4126
3338 4438 2775 4437 5624 1547 1986 2797
4135
2368 4112 4101 4126 1716 6661 4112 2363 2857 2224
4127
1871 264 6851 1622 4074
163
4125
1707
4136
2944
4125
4696
3269 263 2216 5827 602 1615 1853 1538 263 263 3269 1615 1853 1538 602 2216 263 3261 5827 3258 3889 263 1615 1868 1701 709 263 3258 1785 3404 709 1615 602 1853 263 3338 263 3404
4126 2832 6971
6355 6668 263 4528 3896 5339 5929 263 5929 263
5807 6259 2516
4939 3882 2797 4218 5214 1282 394
163
163
2367 2756 3298 1698
2944
1865 3309
2944
2946
2944
1707 2797 6014
2968
721 1835 3323
2644 3275 5765
4136
3271 3881 2853 3307 6289 2773 2130
350 6971 263
2631 263 2333 3640 5828 6013 3509 2628 4438 2333 263 2656 3509 1547 263 2640 6013 263 3509 2640 1785 2628 3309 263
4125
163
2797 4914 3336 1768
4126
4074
2344 4425 1716 263 1715 6320 6855 6855 3922 263 3510 3278 2313 4758 1716 2755 6343 263 263 3423 3649 3278 1801 3278 2755 4758
163 163 163 163 163 163
2643 2997 263 3622 2997 263 1622 1669 263 2997 3889 263 3060 2997
2956 4129
2369 5547 3460
3892
720 264 499 1871 520 698 959 911 263 868 518 1669 679 500 461 263 499 529 263 528 264 520 674 602 628 521 529 264 499 506 1850 264 692 520 625 499 264 1604 602 1479 1389 868 1043 1378 1111 263 692 529 1604 530 263 623 1207 263 1202 1195 1220 1193
2337 6668 1760 4439 263 2825 2333 2216 2336 4439 2336 6668 263 5849 1760 2337 6668 263 4439 2825 4439 263 2337 6793 4439 6668 6800 263 4439 1547 4439 6969 6668
2968
4126
25 6259 25
2161
4067
3880 2368 6399
1836 1836 2944 4125
4127
2969 2189 4125
4127
4099
4125
4112
2968
610 518 679
4132
163
4439 263 2284 4439 1818 4439 1818 263 4420 263 5327 4420 2806 6375 2807 2369 263 2287 2807 6364 6343 2806 263 6346 263 4731 2806 6734 263 2807 5844 2834 263 6343 2835 2807 6399 6792 6330 2826 2833 263 2826 263 1703 2833 6410 2807 2806 4439 263 2208
1786 4041 4042 4303 2725
4074
1737 1622 1622 3649 1862
2968
3889 2641 263 2313 6348 263 3622 2344 2635 3923 3889 263 5278 263 5281 3889 1986 263 1703 6670 263 5875 6670 1547 6406 263 263 6670 5633 2211 6406 6284 5875 263 263 6410 6792 4731
2323 2375 2368
263 2369 3334
163
4126
4112
4126
1532
4126
2944
315 3463
3921 2872 2870
4136
2944
4125
1846
4074
4132
4125
6270
1862
1968
2969 2969
2754 2797 7025 263 3877 5337
5865
163 4074 4104 4104
4125
4126
4126
4125
688 510 602
913 969 1119
4112 2965
2275 5920
3379 4291
4125
4112
4125
2624 4219 6722 431 6722
5625
1855 4434 1853
1846
2969 4070
6318 5839 5584 5839 2584 2325 5839 1776 5839 1776 2368 2584 5839 6398
3622 5847 1738 2797 5339 4758 1410 1377 1391
1987 5689 3340 3269 2330
4632
2645 2912 2911
4131 4130
6722
4574 4202
4074
5633 3964 3299 5980 5326
2956
4126
3
4129
4126
4434 2855
4125
4126 2944
263 3306 5844
4074
3748 3747 263
602 263 264 5339 5826 2249 6392 2215 263 2213 1705 5929 263 5623 602 5339 3509 3873 6850 6850 5928 263 625 3338 263 5840 6850 3651 3338
2944
163
2944 4125
4125
5625 3274 6855 3509 3275
2969
4127 4099 4112 4112 4112
1532 4126
4125
4126
3483 2944 6270 5754 2490
4132
2249 263 5843 2250 2249 263
3334 263 5845
1751
4126
5929 3292
263 5607 2855 5607 263 2855 2855 263 5607 5607 2855 263 5607 263 2855 2855 263 2366 2855 263 2855 263 263 2855
4126
4125
1738 721 3510
2337 263 5328
667 515 625
2302 4173
518 467 502 687 263 3593 6723 263 512 687 1701 518 2261 6723 3923 3592 1547 263 1224 432 1190 1177 263 3916 3922 1988 263 1770 1203 1771 1224 263 2754 5326 1983 2855 523 687 1713 461 263 1224 468 529 263 605 3542 5742 1743 263
2191 4136 2189
5908
163
4074
4128
163 163
4125
4126
2797 2369 4801
4099
1944
4136
4130
6796
2945 4125
5763
2369
4125 4125 4125
4132
2215 4433
3875 2369
4126
163
4129
4112 4112
4126
2369
4087
2946
4125
4129
4103
6263
2944
4081
4103
4130 6268 4131
1622
2617
4132
2969
4125
2969 3082
2827
4112
4126
2191
6971 3875 2764 3275
4126
1682 2944
5808 3267 2480 1547 6409 2369 3639
228 188 228
6343
4125
4074
2857 6336
4291
4112
6986 5840 3379
4125
7148 7147 7096
6012 721 1622
4125
5929 7048 2326 6691
4136
6973 6974 5805
2911 5562 4126 1816
4126 2365
4129
163
1967
4125
4126
1533
4126
4126
2321 3592 3545 5829 2369
4125
4125
5326 3334 2366
6 6 6 22 15
2944
207
1116 954 716 1053 1037
6968 1254 1255 621 5925
2633 3379 4291
4125
4125
4126
5747 3638 5845
4125
5845 6972
4074
6336 2317
4136 4126 1532
4018 6969
2911 4632 2132
2969
163
1855 3916 2644 3643 3278 3275
4127
4125
3415
4126 4125
4125
4127 4130 4135
4125
163
167
5629
20
4126
4125
4125
859 864
4126
3379 4428 2956
4074
4125
4125 1523 1474 1486 1469 1516 1467 1486 1516 1474 431 1374
1785 3201 1547 263 3259
1760 2754 3882 3379 1703 1760 3874
6855 263 2797 2239 3877 163 6855 3877 2797 263 2239 263 3877
6971
4125
2969
163 163 163 163 163 2797 3274
5067
4103
4128
1837
853 282 7178 2461 7126 5778 7177 2369 7288
5823 5823 5823 5823 5823
4125 4125
4074
3881 5607 4263 4967
4127
4131
4115
2969
1531
4135
3877
4129
3526
2643
263 1052 1124 1162 1389 4420 6398 5843 2214 1547 263 263 6398 3405 5849 4420 263 6410 3404 6410 5843 263 1547 6398
2966 2911 4126 6701 2969
5757 6854
4126 2186
264 1374 1248 869 1394 1042 264 1400 1128 1391
4126
4125 6266
4125
3255 2282
2645
263 5925 2249 2249 5925 2216 263 3391 2249 2216
5823 5901
1622 1738
163
4069 2954
2797
3153 2624 3376 2944
6796
5941
2943
2969 4481 5536
2640 2643
4125
300
1
4125
3510 1547 5750 1987 263
4125
4139
285
1531
4129
4126
2946
3379
2855 3509
4125
4128
2164
4126
2944 2944
3959 2646 3309 2820
693 263 1737 721
4132
2759 2797 1760 263 2756 2762 263 2754 6855 6855 263 2754 6855 2754 263 6855 2250 2249 5752 263 2754 263 6855 5752 5764 6855 263 5765 5763 6855 5752 2754 5826 263 6855 263 2754 5752
3499
5752 3877 6666 6671 1533 5496
4125
5607
4081
4074
4125
5802 2213 3307 5806 5770 2213
4126
203
3119 3048 3086
4125
2583 1750 2497
6796
5623
4126
3343 5808 1547 3901
4126
4386 2329
2969
4126
2466
5829 4291
4126
2503
2944
3379
2194
2937 2938
6935
4125
3309 3309
4125
2969
4132
3509 679 523 625 1738
4074
3510
5281 2645 263 263 3981 3338 5740
4136 4119
163
3644 263 3536 2214 263 5826
