4918
285 4916
4917 1531
4915
4915 4917
2003
4918 4917 4918 4915 4917 4916
4918
4132
1531 4916
4915
4916
4918
4917
3298
4917 418
4915 2363
4917
4915
4128
4915
4915
4916
4918
4918
2856 4917 2944
3404 5610 4915
4917
4916
5865 4917 5865
2968 4915 2944 2965 2912
4915 4126
4317 3510 4918 1531
2853 3268
5640
687 461 500
4917
4916
4918
25 21
4915
4915
7230 3374 3912
4126
3268
4125 4125
3299 3298 3299
4917
4916 1531 6697 4280 2810 2809 3875 2403 6283 3381 3268 2402 2335 3274 3379 3386 4280 4281 5820 3386 3380 3386 4281 2346 3268 3269 3423 2101 3381 3386 6969 3379 6969 3386 3386 3379 6969 1531 5929 3381 2101 3268 5929 3269 2403 3381 3381 3268 5929
4917 4918
2374 2374 4136
4917
4917
4273 4915
4917
4915
4126
4916 4112 4125
4916
4915 236
236 4916
2368
4918 4125
4129
4125 4916
4917
4132
4126
3335 2367 3338 5333
4915
4127
4916
4126
4918
2956
285 4915 285
4126 2901
6899
4916
5691 5532 6855 3201 2581 2755 1712 2538 2641 5531 3015 6324 2828 4917 5691
2969 4918
4918
4916
1531
4917
408
4125
1531
4074
3999 350
4126
4136
300
2944
4917
4918
4916
3747 5740 3752 3782 3780 4217
2956
3271 3877 2589 3374
3408 3343 1531
4917
4125
4125
4132
1820 2224 3113
4916 4915 4917 4917 4916
4125 4916
2944 4136
2943
4 19
4916 4918 4119 6855 4917 4918 4915 4915 4916
4131
4918
1531
4915 4033
4916
5447
4126
2326 3269
4915
4125
1752
2968
4918
4915
4908 2652 3268
163
4916 2968
2968
4918
5171 2502 2540 1531
4915
6696 2325 3415 2755 6690 3952 6700 970 914 1120 1059 1474 1467 1471 1120 1490 1489 1473 1119 4126 4916
4918
5941 4916 2540
4916
4917
4918
4918 2968
4126 2944 4915
4917
4915
4125
7199 5844 3906 3901 3875 3877
3846 5920 4916
5450
4112
1916 4918
4126
4918
4997 4916
4125
3114 3151 6689 1668 2806 6691 2827 2528 2807 1707
4915
5625 3509
4916
4917
4125
1532 2773 5844 2773 1531
4916
4917
4917
4542
4915
4918
4126
4916
4916
4917
4918
4125
4916
1531
4918
4916
4127
4916
6691
4126
1531
4916 4916 4918 4916 4917 4917 4061
2863 3271 2369 3545 3274
3201 4126
5980
4916 1531
1119 431 1052 952
6241 5596 2369 1757 2781 2440 1856 2855
4125
4126 4918
1531
2944
3195 4280 3153
2956 2326 5870
2911
5941
4917
4918 1531
4951 5839
4916
1685 4918
4917
1705
4916
4112
4125
1052 4916
4916
1
4916 1614 3882 3873
1855 3857
4129
4916
2943
4916
4915 4917 4916 4918 4917
4916
4125
4918 4125
292
4916
7144 5431
4916
6976
4125
4126 2969
4917
6691 6905
4915 236
4915 4918 4916 4917
236 4916
4126
4125
4126
4916 1531
4917
4915
4917
4915
4916
2944
4126
6331 2855 2853 2855 5640
4916
4916
4916
4125
4917 2944 4136
4129
4916 1531
1531 4917
4917
4125
4127 4917
4917 4918
5640 3881 6402 3546 3894
4915 4916
4125
5634
2944
4918 4917 1531
4918
4917 2968
2968
269 6792 2220 4525
4125
2968
4273 4915
861 865 4915
4916
4916
4917
1531 4128 4112
1531 4916
4917
4915
4127
4125 4915
1531
4915
4915 4125 4916 2968
1531
4918
282 3882 3049 3165 5372 3881 2326 6972 3438 3463 4525 392 3265 3195 5311 5976 5889 3463 5311 3165 5972 5372 2624 392 5373 7255 5890 2374
4125
4915
4916
2237 5793 2239 4746 3307 1547 5607 3509 6242
2725 4918
4917 6969
418 4916
4918
4915
1785 3264
4112 4917 2797
4916 4136 6971 6971 6971 6971 6969
4918
4916
4915
4915
4916
2943
4916
4125
4918
4126
69
4918
4918
10 5625 1785 1707 4916
3881 3639 2635 4434 3270
263 2589 1707 6668
4917
1531
4915 4918
4917
97
2949
4125
4915
4918
4917
4126 2943 4916
2943
4127 4916
4125
4917 6690
4126
4916
4916
4915
2969
4916
4918
4085
4915
4126
4915
4916
4916
4918
2806
4915
4916
4915
4125
4916
1743
1531
2224 5845
4917
4129
4916
1531 4917
1531 3927 2764 2756 3932 2259 2762 3907
4915
4917
4126
4916
3268 3935 3270 5335 5792
4915
4917
4917
4918 1531
4917
4917
1703 5792 4904 5772 3934 2461 5749 2239 2237 2368 5749 350 3889 6920 5772 3882 4904
4918 4915 4917 4916 5929 3270 1382 3269 3880
4917
4916
4291
5581 4915
263 2366 2838 2800 5330
4068
4915 1529 1531
4916
4916
1531 2944 4915
1531 1531
4916
4125
4915
4917
4680
4126 4915
2944
4915
4918
6672
4126
4915
4915
2164
2944 4291
4918 4112
4916
4917
1703
4915 4273
4916
2860
4915
4916
4918 2968
4915
4915
4916
4918
1531 3423 3892 2853 3338
4917
6290 6296 4916
4112
4128
4917
4126
4917
163 4918
4918
4125 2968
4916 6969 3952 1531
4915
4125
4915 4126 4125
1691 4139
4916
4917
324
4915
4137 5694
4125 4125 4916 4125
4916
4125
4915
2329 263 3922 3919
4916
4918
4917
4917 4917 236
4918
3914 3637 2631 3874
4917 4916
4915 4917 4918 4916
4915
6709 6837
2413
2944 4916
4915 4101
1531
4125
4112
4918
4126
4915
4918
263 1547 277 2624 2643
4917
3578 4917
4918 203
2965
4917
4915
4917 1738 1615
5925
4125
4126
2191 4915
4125 4917
4915 1531
4917
3437 3408
4125
4917
5344 6014 5840
20 1703
4125
6722 4216 3878 2764 3518 3539 1547 3271 1986
1743 5631
2946
1738 3880 1853 676 3878 1615
4917
7343 7097
4916 236 4915 4918
4915
4917
209 102 117 117 102
4125
4126
163
4126
4916 4915 4915
4917
4918
67
5805
4126 3668
1749 3852
4917 4918 4915 4916 4112 4112
4916
5328 2872 4663 3639 2869 2769 3637
4126
1703 3509
2366
263 5750 6250 6723
4915
2952 3983 3983
4918
4915
4918
4125 4916
5530 2368 1774 4126 4917
4126
4917 4918
1531
4917
4917
4915
2160 6990
4074
5632 2369 384 1681
721 1738 2369
4112 1531
4916
4127
3038 3314 3327 5925
4918 4916 4915 4917
4915
4917
4125 4916 2700 3668
4917
1622 1855 6855 1531 4918 1622 1855
4915 4916
1531
1531 5628 4917
4918
4918
4128
19
3927
4916
2797 6855 3882 609
5327
4132
19 19
4916
4915
3952 2762 3878 2853 3261 5792 1760 2635 3694
4129 4916
2210 4536 1726
4915
5623 3509 2643 2221
19
4126
4126
3510 4908 3900
6729 2086
4918
4916
4126
4131
4915
4126
4916
4916
4918 4917 4915
4126
2325 5534 2317 4918 2825
4125
4125
2806
4918
4917 4915
6346
3668
2365 6969
3297 2220 4419 4899
3509
4064
4915
4916
2797 1760 4068
1669 6972 1533 2583 6972
4917 4126
