3952
4074
4104
1131 1047 1461 431 1390
4125 2968
4126
4128
2971 1541
4112
4112
4112
4125
4085
4112
2946 4112 2912
277 4533 1757 6947 4747 1532 6088
7334
4112 4101
2946
6014 3307 3889 5801 2775
818 726 431 733 765
4112
4126
4125
3307 6318 2333
207
4112
6698
2946
163 163
4101
4529 1532
4125
3347 4747 282 1532 3914 1757 6566 7250 3910 5607 3914 2631 3374 3347
5450
2968
4112 2363
4136 2970
1737 5925 1686
4112
4125
2971
2971 5452 5452
4125
682 636 709
2369 720 611 605 163 2946
4112
163
163
4112 4112
163
2946 4632 4112
4126
4112
4112
2946
2968
2968
4112
1670
2946
2971
4126
4112
3273 3274 3643 2797 5607 3404
4112
4126 4112
3882 6336 1738 611 5324 6723
4112
1
2968 2374
163
2971 4126
2971 6486
4112
1813
413 431 665 707 1195 1202 1224
4125
4132
4112
5925 2971 4126 2797 4112
4112
4129
4126
4136
4125 4099
721 5344 1777 1738 721
163
4074
5626 5557 5626
4127
1760
4126 2971
4074 1846
4 4112
4126
163
4087
203 203
4125
4074 3510
163 163
2971
1547 5796 1531 2241 5615 4112
4099
2506 2483 1738 721
1777 2483
4129
4126
4136
4125
4112
2971 4126
163
4126
600 5829 5828 2326 5828 6289 4112 5969 3336
4112
2971
4632 5871 2971 2139
4125
4126
1162 1391 1120 1046
2968
2540 389 1825
4129
4126
2947
4126
4126
4112
2968 4125
4112
3877 2624 3297 4216 2755
4112
163
4103
4125
4112
1 4127
4112 4099
6969
4125
4112
4126
2968
4126
6346
4125
4136
4267
2946 4112
4112 4112
2968
4125
431 1062 5630
4112
4112 4112
4112 3274 3652 3509 3639 3644
4112
2914
4126
188 57
4112
4112
4125
4112
4076
163
4074
4112
4125
1807 2971 1797
4104
6722 2225 612 610 5607
4126 4112
4128
4439 1988 3275 1862
4125
2971 2956
4126
4126
1378 1394
4081 6887
1508 431 981 938
2968
4112 4112 2971 4112
5514 5521
2946
600
2146 3829 3833 4112 1531
3404 4747 1533 1533 4747 524 699 602 1862
3273 3907 5339 6851 2782 2368 4112
4112
1172 1169 1215 431 432
4112
4112 4112 4112
1532 3201 6318 5629 2947 1541 6495 1826 390 5934 2540 390 1826 1682 2461 3201
4112
6850
4126
4136
3510 4125 1686
4125
2968
61
600
4112
4112 4112
2458 5929
2946 2946
4112
2853 3877 5752 3890 5827
4112
4125
4137
4112
4112 4112
5836 2946 6485 5731
4112
2968
958 1391 1119 1063 1043 431 936
4125
4125
4136
2946
2134
4126
2946
6723 1065
2946 4136 4126
4129
4125
163
4125
4126
4127
4136
4112
2947
4112
607
1541 2971 2362
1615 611 688
4112
3668
1846
2956 5328 6970 3710 5328 1777 6970 6970 2369 2778
2946
1738 500 608 1615 688
5941 3644 3278 3509
4112
4136
721 1669 3269 3922 5607
2185
2970
4126
2946
6969 5976 282 6402 1813 3439 2862 4212 392 3882 5431 4525 4215 2682 5749 5642 3463 5080
4126
4303 2769 6904 2367 1871 5797 2367 1827 6921 1827 1871 2367 6904 6396 6921
4112 4074
2971
4112
2946
4074
163
2971 4065
4112
4125
2970
4834 5161 3633 4569 4218 1547 5169 2797
4112 765 805 804 781 823 824 2603 6668 4112
2946
2945 4632 4112 4112
2946
4112
2946
1862 721 1622 2441 3939 4218 2230 5335 3891 3881 1547
2971 1541
2971
2970 4112
4126 4112
2134
4125 4112
4112
4112
4131
6313 4306 5792 1532
2946
4126
2946
2971
4125
2971
2650 3333 3332 5750 2317
2971
4125
4126
2946
4112 4126 4126
4125
4112
4126
4112 4112
2971
4125
4112
285
4112
4125
4126
1532 4747 2369
5928 2583 3298
2971
4125
4112
4112
4131 4131 4131 4131 4131
163
4112 3270 2394 4727 1760 3273 4112 1531 4748 3913 1760 3952 5339
3520 3520 1861 1861 1622 1738
6971 2777
1836
4126
4126
4127
5181
4132
1531 4748
4104
4125
2946
431 1378
4126 4112
2971 3611
3913 3777
2134
2946
5829 4217 2797 3914 3510 1547 3637
2971
2946
4131
3309 2968
4126
4112
4125
4074
4112
1862 1740
2947
5935 2337 4438 1871 1622
4126
4126 4112 4112 4112
163
1378 431
4126 4112
4085 2971
2908 4112
2968
4112 4112 3875 5607 2797 3309 3274 1547
4126
4125
3889 3886 6242 5634
4126
4125
3302 3923 5746 3274 3909 5752 3299 1548 3908 5326 3881
4125
4112
4126
4128 2946 4074
2210
4807
2369 2946 3961
2971 2971
2947
4125
3876 2317
4126
2947 2946
4126
4125 2946
3379
4125
3438 3510
4112
4125
4125
2134
5213
6243
7146
2946
5581
2946 2140
3889 3273 3297
4280
1258 607 394 373 1738 699 535 1364 1864 1334
6855 2827
4125
4098 4126
4103
4125
4125
1824
1846
4126
4126
285
4137
1 4112
4112 4112
4126
4074
4125
4126 4125
4101
4112
4112 4112
4112 2176 4119 2956 4112 4119 2176 4112
4104
1846
2134
4273
4956
4112
4125
4125
4125
1670
2971 4632
163
4126 2946
1846
3259 3875 4631 3753 2631 3261 6723
2971 4070
4112 4112 4112 4112
4074
3302 3881 7039
2369
4126
4126
4103
3510 5925 5925 6916 5925 3510
4112
4126
2971 2374 6341 3324
6259
3644 3274 2325 3922 3752
163
251
1533 4136 4112
1937
2946
3719 3756
3874 5827 1827
2946
4126
4126
4112
2797 3898 3921
1807 285 5441
4125 4112
4126
282 7320 4112
4126
4104
3907 6289 5632 3638 2317 2424 3887
4126
4074
4125
2134
4112
163
4126
4112
4070
4112
2832 632 5542 2833 2826 2832
4099
4126
4112
4074
4087 2971
1837 6972 6972 6974
4112
4112
4125
3510
4112
2362 5749 5740 3418
4274 6237
4129
4632 2139 2971 4112
2946 4136 4112
2368 3783 3269
6484 1531 1531 4748 6484 6484 1532 4747 1278 383 1292 539 539
1474 883 1065
4112 4125
163
4101
2968
4126
4126
4129
4112
4099
6448 2971
2777 3298 5373 1547 3391 3297 5338 5373 3391 2775 4904 1547 3892
4126
204
1797 1807 5515
163 4074
4126
4125
2968 2971 4136
163
1813 2971
2134
57
4125
4112
4112
4112
4099 4112 1862 721 1622
4126
4112
6893
2464
5700 2912
2968 71
1547 5826 4663 4759 2230 2820
2971
2956
4125
4132
2946 2483 2459
281 281
4112
4112 4112
1046 1162
4126
3554 2971
2930
674 524 471
4112
4112
163 163
4136 2947
396 5550
4112
1777
2180
2369
4125 4112
4112
2374 2946
1532 4747
431
163
4112
4112
6723 3914
3347 3334 6723
1796 1797 1796
4112
163
4112
4112 4065 4112
4125
2229 2781 3875 5929
2946
2946
4125 4125
4125
6853 3306 4631 3889 1547 5622
2946
4131 4131 4132 4131 4131
2946
4129
163
4136
4125
4074 3668
4125
4132
4112
6723 2282 2139 1547 3881 5326 2806 2237 5214
5287 3268 2369 2878 3845
4126
4112 5468 5623 6986 5625 5631 1707 6990 5470
3840 2971
4131
4126
334
2946
4125
2946 6554
4112 4632 4125
1533 4747 2049
4125
1795
4125
4112
2970
2139 2971
133 42
2946
1703
64
3637 1576 6364 6662 3882
4136
2946 4112 4112
4049
2946
3598 4112
5006 1615 686 600 4812 3509 6409 7159 4899 1797 3509 6279 4189 3868 6262 4813 3867
4104
2139
4112
5645
2853 3882 2631 3899 3894 3900 3274 3876 2329 1547 2755
4125 4125 4125
4079
4126
4112
4099 4099
2946 4112
2946
4112 4126
4074
4114
4112 3274
4112
4125
4112
4112 6242
4125
4074
4112
3 4112
4126
4125
4126
4074
4112
4126
4126
3510
1846 1846
4126
4129 6709 4129 5521
64
4137
4090
4126 4112
4125
4126
6241 6236
4112
2908
4112
2769 1065 5747 3875 6855 3509
4126
4112
163
4112
4136
2956
4076
4125
5975 392 3882 3463 3875 2806 2410 4647 6969 1547 3321 6729 392 2712 3880 3201 1547 5806 6723 2410 3463 5975
4125
4087 4112 4112
4112
2367 6376 3334 5740 3622 5624
4126
720 1868 1855
163
1777 2368 4112
4074
4112 4112
2968
4131
4074
1531 3642 3651
4748 1531 1531 4748
2971 4126 2946 4112
4126 4126
4112
4125
699 630 709 1532
2946
4112
861
3517 2362 5214
4131
4074
3264 3085
4131
4291 1531 3379
4632 5729
4112
4125 5515
2946
4112
4125
1846
4112
1541 2971
1547 3642 2231 5607 3882 1743 4687 2301 3881 1547 1743 2239 5607 3653
1474 1477 1523 1467 2628 285
4125
4126
4126
6336 5925 6722
1759 1759 721 1622
460 1531 502 682 2368 460 395 667 6236
4126
5771 3723 5770 3638 3278 5750 3856 3870 3651 4218 3852
4112
2970
2389 3609
2363
4112
1853 1738 504 688
4112
2971
4112
4112
4125 4125
4074
4125
1571 2797
4126
4112
4099
4112
1855 699 720 3509 720 1853 699 1855 699 720
2968 4112
4136
4112
3517 1683 2896 4057 3517 1743 6243 5450
4125
4125
3753 277 3716 2776
4125
4074
4136
4126
2968
2914
4125
2946
2968
4131 4112 4074
4074
3351 6336 6792
1533 4747
1791
2968
2971
2947
263 1779 1739
4112
4129
2479 285
3882 5765
4125 2946
2369 6353 3890 3405
3740 5750 5847 1707
4125
4102
2180
4126
4125
163
2946
4112 4112 4112
5839
4112 4126
4101
4125
3877 277
4077
170
682 1855 721 688 507
163
1541 1767 2368 2971 1738 2336 5630 634 3414 5772 2775 5531 1738 1738 2333 2362
64
4074
4125
5765
4126
2632
4076
4126
2968
4126 4125
709 691 608
1707
2946
1615
2779 4074 3321 2225
4112
4126
1533
2946 2947
61
4126
5807
1937
4074
4125
4112
4126
4125 2971
1374 2817
4074
1777 4087 6889
4112
61
2946
2023 6318 4719
2946 4112
4125
4126
4126
4126
4127 4112
4112 2968
4098
6705
4112 684 632 689 607 1547 2665 5643 2325 5645 3881 5640
2946 76
4126
1533
2139 6266
163
1885 688 608 1885 608 688
1715
4112
2947
4125
4125 4099
6295
4087
4112
3611 2946 3509 4529 3509 2971 4529
2956
4126
2755 1547 2274 3881 2343 2363 5752 2220
4125
1531 4748
2946
2267
4125
4112
4126 4112
4126
5640 3952 3899 4112
4125
3611 2946
4112
4112
2946 4081 4125
2624 3881 3153 4525 4663 1547 3510 277 3060 5929 3060 3753 4663 5752
4101 4099
1278 1363 1259 1304 1738 394 373
163
4112
3306 2241 5542 3276
1937
2971 4125 4112
4112
4112
2415 63 2414 2414
163 163 163 2968
22
4126
4125
3408
4126
5109
4112
4125 4125
4112 4126
4090
4104 4104
2168 2168
4125
163 163
24 24 24 24 24
2968
4125
3274 636 692 1615 636 1615 692
5470
163
6951
62
1046 2231 6723 5335 3261
4074 2971
2946
4126
4136
4126
2956
4112
4126
6262 5936 6409
602 4112
4126 4112 4132
4112
4112
6723 2376
2970
1801 1785
4112 4112 4112 4112 4112 4112 4112
4129
2511 2478
1699
4112
4074 4125
4126 2968 2932 2946 2934
4104 1846
2468 2474
2968
163
4126
4125
2326 5772
4112 2971 2946
1533 4747 4126 781 800 803 818 791
3
1737 2368 1737 688
4112
4129
3255 2769 3334
4125
4074
4112
4125 4112
4112 4125 4112
2946
4217 6971 5928 4306 5606
163
4132 6894
4126
2968
600 1855 5875
163
4125
163
4112
4112 4112
4126
4125
4694 1913
4126 4136
4065
3743 1703 5607
2971
1547 2229 6410 2230 3622 2321 5324 5747
2631
4112 1705
4125
2459 6335
2947
163 296 312 309 163 163 309 306 296
6969
3275
4112 4112
4112
2946
5633 5630 263 2207
6972 3298 1547 6972 1622 3298 5806 6969
4074 2945 4126
5840 1698 2755 2759 1547 3877 6723 2458 5826 4112 4112
163 163
4126
4112
4126 4126
2249 2817
4126
4112 4126
5105 5354 2968
2946
2947
228 228 228 228 228
2946
24 24
675 689 1672 1868 536 600 608 1738 677 1853 535 1850 4127
4112
4112
1918
1531 4748 6621 1532
163
1604 693 1740 4112 2525 6972 2368 1207 1214 431 705 1167 414 441
2643 3409 5530 869 5925 1388 3273 1391 878
163
4125
56 55
4126
4126
3611 4136 4112 4112 2971
5496 2634 1797 1653 4112
4126
4074 4090
4125
4112
2970 2971
4112 4112
4112 4112 4112 4112
2971 4112
4081 2134
4127
4127
163
2968 1258 1679 1882 1280
4112
6903 2368 3922
4126
4112
6258 2971
6855 608
2326 3882 1374 3881
4126
2968
4125
4126
2375 4126
4112
4119
4112
1046 1130 264 1062 982
4112
4125 4112
2968
24
4748 1531
2968
163 163 163
4075
4112
4126
4098
128 79
4131
4076 4087
3625
4112
1850 696 614
4099
4125
4112
1547 2229 3719 4758 3762 5336 1738 1737
163
3510
4112
4127
1846
2369
4126
4126
4070
1944
4125
4112
2947
2968
163
2946
4125
2363
4112
1734
2946
4112 4112
2968
2947 2947 2971
10
608 1849 682
5801 5532
1967
4129 4131
1699
4126
4112
4125
4101
2946
163 163
4112 2968
163 4074
2971
4127
5841 4227 2797 5328 2587 1689
4112 163
2968
4112
4125
4112
4112
4112
4112 4126
4112
4126
172 162 167
163 163
2968
4112 4112
2946 4126
2971 2369 2369
2362 5844 3922 6734
4125
1067 1394 264 1378 1046 264 1394 1378 1116 2751 3261 2862 263 2440 1547
1757
3898 3899 5941
2971 4632
4128
6607 1533
4074
3900 3881 4438 2631
4104
2946
1670
4125
1683
2971
4112
4125
5692
5029
2968
4112
4112
4112
4125
4125
4126
4747 6645 1533 3309 3874 3274
163
2970
4125
4112
3423 5747 2807 2778 4219 1987
4126
3907 5773 2726 2367
2971
4136
4129
4074
1547 2775 3744 2797
4126
4127
3412 3415
2947 699 1862 1615 632
2946
1750
4112 4112
4126
163
4126
4126 4112
4112
2968
6452 2947
4125 4112
4112
2949 2825
2946
2968
163 2968
2971
2369 2214 2329 3274 3022 2211 2832 4758 2773 2369 1547 3297 3009 3274 2211 2214 5826 2329 2369
3651 3882 5764 1615 4112
2971
4126
4074 4074
1685 3517 2681 1685 6243 5669 6251 1685 4112
4126
4112
1751 1724
1948
163
285
170 4112
2968
4125
4126
4126
4128
4125
4112
4112
6371
4126
2968
4125
4098 2971
4125
4126
4112
3270 2362 3639 3269 2229 2723
4112 632
4125
4112
4126 2971
2947
4125
4112
2971
4125
163
163 163
2947 2139 5701
4125
4125
4112
4128
4112 4112
2947
4112
1927
1855 5978 2368 5532
4125
4112
2956
1538
4136
4137
2946 2950
4125
163
4125
2971
4127
4126
3273 3274
4112
1538 1538 721 2946
4126
1726
2914
2139 2139 4112
4112
2158 2139
4126
4125
5871 2139
4136 2971 4126
6784 2583 4136 5723 2296 4632 3416
2946
4125
4125
1693 6362 4101 6369 5941
4103
511 691 607 2367 3889 4125
4132
4125
4104
163
4126
4112
4125
4125
4112
4112
4125
4099
4112
4126
4126
4126
4112
4127
4112
4126
4074 4074 4275
4125
1133 2231 2441 2237 1388 1042 3273 916
3165 717 5749
389 1825 6259
2968
4126
4125
4125
4125
3668 2946
2946
163
4125 4112
4125
103
2971 2954
4112
2333 5770 4797 6723 3078
2946
2968
2971 2771 3693
4125 4065
4112
4126
170
4136
4125
4126 4112
4125
4126
4126
163 163 163 1531 3379 163
4112
4112
4112 4126 4126
4112
163
2946
163
4126 2971
1927
4101
4112
4125 4112
2946
4125
1391 1042 1130
4112 4112 2968
4537
3908 5765 2872 3428 4732 3910 3909 2329 5752
4112
4127
4125
4541 4694
4125
4125
3451
4218 3910
4112 4112
2946 2946
3409
4112
1944
4112
4126
2971
4126
2946
1855 1622 2368
3509
4112
4126
4136
2971
4126 2949
2968
4128
2971
4074 2971 1541
163
4126
4112
4126 4112 4112 4112
4125
4115 4115
1846
2677 6014 2640
4112
3838 2947 2899 2911 6259
4126 163
4112
57
163 163
4125
4125
4125
4126
7160 3509
2968
4126
4125
4136
4125
4126
3021 3269 3510
5610
4112
4125
4087
2134
4127 4127
2834 6398 2642 5626 6722
4126
1846 4112
4112
4112
4136 4112
4125
4112
4126
4125
4125
1885 608
4127
4128 6486 2946
4112
4125
4112
4112 4112 4770
4126 4112
4136
2971
4125
1719 1742 1729 4112
2134
4125
4112
4125
4126
4112
4112
4127
263 2367 1683 2644 1791
163
171
3539 263 2369 1547 1987 1751 1698
4112
699 2245 1848 611
3875 2635
3882
4112
163
4126
4136
4112
2971 4112
1699
2968
4126
3964 4289 3639
1862
2946
4074
4126
4112
2971
4075
4112 4112
1915
4126
4125 4130
4112 4112
4112
4125
4125
163
2797 2769
4112 4112 4112 4112 4112 4112 4112 4112
4112
4112 4112 4112
4112
1797
2968
2968
4126 2971
163
4112
4112
4112
57
4112
608 6723
4112
4074
2971 2971 2971
3405 3404
4112
3045 3273
2956
4126 4112
5031 4126
4112
24
2326 1531 4611 4748
163
2956
4126
4125 4125
2971
4112 4101
4112
1120 1389 1043 431
5028 5640 4742 4740 1548
4126 4128
5844 5606 3753 3719 6289
2946
231 1533 4112 4112 231 231
4126 4112
4126
3275 5747 263
6990 869 3933 1162
4112 4085
2369 3260 5607 2646
170 4126
4125 4125
4126 4112
2946
2946
4112
4074
4112
2797 2756 3306
4127
4112
2956 1795 2971 2325 1797
2946
1617 6986 4074 4136 1777 1691 5606 389 1825 1533
4129
4075 4126 4115
4126
4126 4112
2956
3900 3894 5740 1548 3651 3640 5530 3952 2775
3882 2835 1720 6985 4426 263 263 2806 1547 3881 1726 6985
2946
3692
4112
4125
4126
4112
163 4289 163 163
2971
4112
2971 1541
600 1622 674 502 674 1851 1897 4631 6396 6662 2833 4112 3439 3438 6662 4112 601 721
4112 4112
2806 3509
2912
4125
4112
1424 1435 1444 367 1387 1391
2946 4074 2134
4303 2756
2970 4112
4112
4126
2949
2956
104 4112 4136 104 4112
4112
1532
2970 4126
4112
4104 1846
4125
4125
4127
4125 4112
1937
857 841 855
4101
608 611 1855 1268 394
4125
2971
2023
4128 4112
3408
2213 3744
4112
4112
6014 5929 2797 5607
4125
170
1716 10
4112 4112 4112
4125
4125
5633 3297 1548 1801 3649 3637
2946
1785 2643
4112
1944
4125 4099
4073 4112
4112 6723
2971
2435
4074 4112
4112
2946 2934
4112
1846
2908
4125
2968
4115
4112 4112 4112 4112
1531 3459 4748 393
1699
2971
4125
6346 6410 2214 263 6410 6346 263 2214
4112
4112 4126
4971 4112
502 460 699 1701 699 502 1615 688 500 460 2946
3379 4136 1532 1533
1533 1533
4112
4074
1846 4081 4125
4112
2374 3894 5622 3268
2968
163
4125
63 57
2548 2549
2946
4125
4112
4136
4112
4112
4125
2857 285
6969 6370
4127
4125
4125
4126 233
4125
5623
3260 3261 2363 3259
4125
2971
1967 4112
4112 3259
4112
163
2971
4112
3491 4502 4462 3489 3492 4136 3836 2712
4112
334
1716 1716
2946 4126
2363 3880 5764 2213 3914 2224 2762 3881
6990 4112 2645
4112
4074
4126
2461 2458 4218 3267 2628
2946 2140
4549
4112
4112
2946 4060 2971
4126
6370 6369 6371 263 6370 6369 6372 6371 263
4125 6258
4126
2363 4129 4112 4112
4112
2968
4112
4125
6969 2317
4112 4112
163
4104 4104
4125 4112
1862 1737 2250 1622 3510 511 602 692 607 1724 1885 1737
2968
1704 3307 3889 5606 6014 1703
4126
4125
4112
163
4126
4112
4440 1379
163
4104
4126
2971
2207 1686 2641 1720
795 817 799
2287 263
5806
4112
2971
4074
4074 2946
4126 4125
2971
4125
4126 4112 4112 4112
4112
2968
4126
2797
4104
4126
4126 4112
4125
163
4112
1533 2031
1748 1746 2650 3880 4899 5795 5629
4112
1531 4112
163
4126
163
2946 4125
2970
2971 4126
4126 4112
3408
1547 5581 263 5626 4401 263 1774 2590 2297 263 5640 263 5875 6399 5619
163 163
2970
4126
4125 4112
1531 4748 1352 394 1882 373
1547 3643 263 6851 2527 2635 5875 3278 263 2635 2527 2466 2275 1726 3278 263 3539 1547 2635 3049 2635 2873 1124 1131 1393 870 2635 3643 6336 1378 1124 1126 1393 1128 2527 2216 4434 2762 2756 6336 2762 263 2756 2022 5875 4833 4533 2825 2214 6985 6369 2527 6723 3509 263
2970
4125
2946 5528 2459
4112
1531
2958
2162 3200 5638 4136 6990 4632 5752 6990 6810 2897 4632 4136
4112 4112
4112
1738 1853 674 1672
4074 379
5287 6850 2833
5462
3463
1738 1740
6972 2466 2497 2602
4074 1846 4112
3369
4112
4112
4112 4112
2954
3307 4112 5929 6969 5607 4431 1704 5829
4125
4126
4525 1738
2539
4074 2971
1376 1394 431
4125
1760
4126
4125
4126
4131 2911
4126
4112
2947 4074
163
4127
4537 4074
2538
1840
163 5941 6289
60
4126
2180
2971
4131 4131 4131 4131 4131 4131 4131 4131
1772 1772 1785
4126
4125
4125
6371
3438 3439 5109 4189
507 686 608
163
170
4125
4125
4136
221
2971 6699
3386 3380 4074 4291
4126
4125
5607
2971 4112
1862 1622
1533
2971
4125
2265
4126 4632 6364
4125
1846 4112
4074
4126
4126
4125
3829 2946
2971
117 100
3555
1
4112
1738 1767 1724 1705 4769
4136
4126
3881 2368
4126 2971
6894 6895
4125 2912 4112
6313 6851 2369
163 163
6895 2971
4098
1707
4125
4126
1547 1760 5771 5829
1531
3649 3261 5829 3261 1547 263 3744 3649 3623 3765 3261 1547 263 5844 1547 263 3765 3737 3649 1547 3765 1547 3737 2400 3717
4125
5607
163
4125 1699 4049 6971 4074
4129
6313 3270 3267 2773 2366 3298 6723
4131 6250 5522 4131
1617
4125 5837
6486 1541 2947 4112
4112 4112
5625 4126
4112 4112 4112
163
4112 4112 4112
4112
4115 2134
4694 1913
4112
3390
4126
4074
163 6258 163 163
4112 4112 4112 4112
263 6320 2835 2834 2835 263 263 6320 2643 263 3889 2031 263 3338 1987 263 3622 263 3623 3889 263 2643 263 3623 3510 263 3351 263 2643 3060 263 2643 2750 2650
163
95 95
2968
4112
4081 2947
5801
3297 1547 263 263 1177 1217 1771 1217 1771 263 1177 2641 3297 5941 263 2640 1547 3297 263 1177 1771 1220 263 3297 263 1218 1177 1771 263 3297 1547 263 1177 1193 263 1219
2971
6346 263 6365 6336
2968
4112
4112
6547 2946
4112
4126
4127
4126 4125 4112
2968
4112
4062 2134
2968
2726 263 4372 6336 2825 6330 263 2369 4439 263 4420 1708
1547 2820 6346 263 5829 263 2826 1708 2834
4112
163 163
4126
4126 2134
2956
2954
4033
4112
1692 2854 3510
5624 1531 4533
4127
4125
4125
1691 3332 3640 3637 2827 3058 4380 3073 3073 3331 5493 4735 4380 2806 6986 1691
4128
4115
2273 4274 2273
6333
4074 4074
4132
6985 263 3338 263 3717 2651 5285 1693 263 263 4600 2651 263 3255 1988 2651 263
6988 3694
2946 4136
4112 4112
4074 3323 3269
4125
2971
4112 4126
4132
2946
4127
6296
2971 2971
2946
4126
4126 2946 6887
1937
3
4125
4125
4115
4125 4099
4112
4081
203
4126
1846
5792 3881 3875 3273 3881 3274 2773
2968
4127 4099
4070 4126 4070
3668
4112
981 1162 431 1738 1672 2024 3622 5339 2603 2946 5339 3623
3
2465 2460 4112 2946 3814
163 163
4112
6404
204
2946
4130 4131 2454 2911
4126
3640 5793 5795 6319 4112
4131 4131 4131 4131
4115
4126
7187 7193
2946
4112
1855 1615 688
4126
2947
4112
4112 2971
4125
4112
1622
2968 4112
4126
26
4112
4112
4126
3376 2130 5629 2130 2759 2440 3376
4126
2968
5284
2461 1837
1531 4748 6040
4129
163
2971
4112
4112
4112
4125
4125 4112 4112 4099 4112 4112 4112
4112
4112
1531 6646 4748
6711
1685 1931 6659 4054 5925 2797 2640 1931 5680 1931 6839 1931
4112
5925
4074
3076 3320 3510
4126
5802 5970
5752 1704 2881 4663 5540 5945 2873 3260 2442 2348
6659
2971
4125
2971
2971 2971
5619 3261 2326
4125
412
4128
2997 3086 263 2344 263 2216 6320 5768 3540 5773 263 263 3309 4419 3922
22
163
4069
163 163 163 163 163 163
4129
4125
2369
4126
3609
4112
4126 4130
4103 1699
611 1615 674 1855 1615 673 1331 1301 373 1369 1258 1366 394
4112
4125 4125 2946 4076 2949
4112
3890 1825
2971 4131
4126 4112
4125
4112
4126 4112
4125
3509 2946 6850
5537 2946 2899
4125
4112
4112
6013 3960 3747 6722
4126
8
1842
4126
4112
4125
4112
2956
4126
4694 4112
4112
2946
4112 2134 4112
163
4125
4125
4112
163
3271 4218 1776 2368
4125
4125
3960 5929 3964 4112 5297 2225 610 676 630 5297 6955 3559 2326
4112
2968
4126
4126
1855 674 1885
216
4126 2971
4112 4112
4126
4112 4112 4112 4112
4112 4112
4126
3269 2321 5747 5827
1541 2971 4112
3342 5324 3892 2375
4112
4112
4112
1541 2971
6796 2486 1801 2754 2486 2754 5530
1128 1388 1065 6346 3510 4112
4136
5615 4130 4099
4112
2970
2912 2971 4075
4099
4125
602 511 688
2656
6229 2947
4127 4130
4126
2968
4112
2968
5610 3691
4112
4112 4112
4112 5929 4136 1760
163
4112
4125 4099
1738
1871
263 3307 5747
4126
4126
5597
263 5941 3105 3045
4126
163 2946 1128 716 1043 4076 2947 4074 4127
3882 5839 6971 2461 1532
5823
4125
611 3881 2363
830 751 773
4131 4131
4125
2946
1257 373 1362 394 1310
3275 3651 1703 3881 3765 5495 2578 1777
4873
4126
2
1541 2971
2968
5875
2945
4112
6952 4112 4125 2903 4130
3878
2968
4125
2968
1779 1785
2203
6372 5581 263 2249 5829 4439 3391 263 5925 263 5581 3391
4125 4125 4099
163
4101
4130 4131
4112
4125
1825 389
4126 2947
4129
5633
2971
5754
4126
163
4112
4125
1547 1680 4222 3875 2325 2775 4112
4126
4125 4112
2369
263 6409 2216
4112 2012
2971 2945
4125
4112
4112 4112 4112
4125
4125
2134
4125
2619
2754 6855
2227 5468
3
2971 4125
6713
4125
4112 4112
4112
2946
2367 2231 5335
2704
1541 2971 2947
1837 1844
2362 5607
3320 358 3340 1382 3334 277 1548
2946 4081
207
4126
1531
6969
4074
4112
6935
2956
5470 6971
1712 2177 4129
4112 4112
163
2971 3827
4126
4112
2024 3875 5772 2538
4132
4280
4112 4126
1264 5941
2971 4126
1532
4074 4074 4074
4126
6486 1541 2971
4112
5542 6353 5752 2873 6242 5975
4136 2946
2946 4126 4126
163
2911 2913 2971 4112
4126
4112
1836
163
4126
4104
2971
4125
4126 2970
2956 4069 4112
4074 1846
1037 264 1041 954 1119 980 5846 3880 3539 263 5846 3880 3539 263 263 2261 2249 3880 263 2833 3952 2249 263 3952 2263
4125 4125
1547 5839 6392 6320 6158 263 3989 6392 263 5841 2275 1547 2838 6392 263 2275 1547 6392 263 2224 2275 263 5841 263 2224 6392 2224 6734 5839 1547 263 6392 263 2224 6343 5839 2284
15 4
4061
163
538 3338 263 4420 395 3404 4420 1547 6734 263 5214
4125
4126
4112
4136
4125
64
6369 5941 1547 2362 6369 5941 1547 2362 2362 6369 5941 264 2362 5941 6369 1547 263 5941 2362 6369
2590 2642 1234 4219
1846
323 5623 1707
2946
3080
4074
4112
4125
4074
3374 2634 2744 2362 263 2646 2249 2634 5208 263 5324 402 2762 4433 2797 1683 2756 263 2369 3638 1547 263 3374 2635 3643 5629 5643 5631 6295 263 1801 1821 1683 263 6969 3969 3623 5770 1683 263 5768 263 4280 3261
4131 4130 4130 4131 4132 4132 4131 4132
4112
4112
163
4074
4112
2971
4125
2207 263 2207 263 263 3338 2337 1547 263 4758 3338
2947
4126
2806 2375 2368
5644
2225 1862
4112
4125
2946 163 1825 389 4631 2249 5532
4218 4280 6341 6336 1547 6722 2833
4126 4112
4074
4112
4135
6722 6259 6823 6259
4074
263 1547 3639 3261 1685 263 3721 3765 1547 263 5742 2214 3639 5344 1547 3765 3924 3637 1547 5845 3737 263 3261 3924 263 3261 5844 263 2401 3261 3261 1547 5844 263 269 3731 3765
4137
5941 4112
2485 1732 2971
4125
4125
4074
1846 1846 1846
2927
1862 1622 263
2797 2775 263 6359 3694 3338 1547
4112
263 5772 6341 4631
2971
2949 4125
2971
2971
4112
1740 1622
4074
6969 6668 263
2971 2971 4126 4067
3915 2797 2723 263 1547 2394 3261 263 163 3717 6947 3649 1547 2797 3259 2395 3338 3647 1547 2250 2869 3716 2797 3737 3639
4125 2971
4125
1846 2134
2946
163
4126
4074
238 1862 6487 4070 1541 2946
5844 2831 163 2831 5844
4125
2971
4136
2640 6969
4112
3637 1825 389 3278 3874 5532
4112
2911 4132
4127
263 5629 5632 1704 5742 5844 5845 263 263 2275 2274 3987 4420 263 2216 263 5845 3404 2586 2214 4374 263 6336 3692 5742 263 1547 2229 263 3420 4420
4420 3404 3647
2646 1777 2754 3874
1394 869
163 2971 2971
4126 4126
2971
2946
163 3868 263 2202
1531
4125
5344 6792 263 3692 3309 263 3987 4533 2603 1547 6792 263 263 2802 2525 5844 263 5844 3404 3009 5742 2214 263 5844 2802 5763 2214 2333 3692 263 263 4420 5763 3622 263 5629 5742 5742 5763 263 4420 263 5763 4583 4584 263 402 5742 5742 4631 4374 263 263 1547 5542 2825 2777
163
4064
4136
2971
1531
1738
163
4136
3297 2633 6855
4125
4748
4125
2971
1797 5624 2369 2234
3884 5844 263 2797
2971
4126
702 4125
1693 2838 5607
702 389 1825 4126
4126
4440 2769 6365
4126
2827 2712
3880 6985 3639 3510 3912 2833
4074 163
5621
4135
1738 1738
4126 4132
4126
2956
3320 2362 5771
163
4131
2225 2224 263 1547 2216 4731 263
1776
2971
2946
4074
1532 4747
2139
6895 4126 2947
263 6792 1547 3008 6346 6792 263 5765 3196 6398 6365 263 2799 2275 5812 263
1046 869
163
1708 6990 1705 6668 5606 1785 6668 6969 263 2502 3882 1547 6668 6793 2643 263 2645 1785 1720 3889 5606 263 6969 4438 1785 6969 5770 263 2363 1705 2633 5606 6668 1519 1121 6969 5770 6793
2956
263 1547 5333 1987 2834 4731 263 2828 2773 2321 721 1622 1862 2578 6995 4583 263 721 263 1622 1862
4291 3377
3622 1547 2797 3623 263
4747 6431 4304 1532 3302
3261
163
189
2835 263 2220 2213 6792 263 5633 2835 5845 263 4601
6722 1795
2946
4136
