3270 5844 3878 5845 2342 1704 1547 6012 2756 5529
5246 2232 2232 2284
64
4125
5530
2203
4099
1801
4127
4125
1915
2643 3510 6341 3392 2249 2856 2645 2857
4126
4125
2311 3757 5764 2362 1698
500 611 687
10
4126
5765 2284 4281 3408 5429 3195 3875 3477 3408 6855 3269 2440 2754 6729 3340 4281 4728 3269 2284 4726 3268 2440 4280 2284 3268 4726 3275 4280 3255 3875 3380 4280 1836
4126 4125
4101
2946 163 2946
4126
4125
4125
1532
285 4694
4129
4128
5875 5691 6855 3392 5634 2641 6336 5532
1724
4125
2947 2946 4420 3875 3275 3724
2922 5733
1820 6668 5760
5750 2807
4119
3336 2330
4998
4126
4928 4534 3334 3297 1547 3637 6242 2966 3922
4125
6823
4125
6296
163
2368
1547 5175
3835
717 1119 1475 431 1487 1517 908 1523 1462 1458 1464 1388
4125
10
4067
4126
392 2210 3463 2362 1988 2362 3275 1547 2586 5204 2756 5607 3273 2583 1709 385 2540 2300
5562 4126
2
4125
4126
4125
1538 1538 1531 6700 2909
4125
4126
1531
46 132
4125
4136
1738 1848
4126
1531
4130
4126
4127
2946
2365
4127
285 1705
1615 600 688
1743 1776 5573 6318 1871
6722 2640 5339 6722 3334 3334 6855 5607 4218 1547 3107 2440 6722 5976
1855
4126
1699
500 602 686
4126
1707 1743
2909 221
5534
4694
4126
1853 508 674
5769 4217
392 3463 1726 392 3463 4693 1726
4125
4127
4099
3509
4125
4126
4125
5100
10
4125
4126
5749 5750 263
677 720 620 709 506 677 620 610
4126
228
5875
4125
4126
163
6259
4125
4125 4099
4127 4126
2499 2514 10 2512 10 2477 2499
4273 4067
1937
5920
4128
4126 2133
4126
10
4075 4126
4126
4126
2967
4126
4127
4131 4130
4126 1855
4125
10
4074
4227 4227 3509
4126
6263
2826 6723 2858 1704 2234 5468 3307 3309 5765 2237 1547
408
1964
6671 3509 5513
4126
5531
5885 2645 1532 3307 6014 3899 5761
4126
4126
4131
4065 2136
4126
1
163
4125
3877 5483 2234 3642 4582 6855 402 5607
4125
4127 4126
4125
163
4126
4940 2859
1533
4126
4131
1821 1820 1738 4692
3602
4125
263 3876 2764 2640 6855 6723 2238 3876 263
1801
4125
4128
4126
4125
4126
4129
1
4126
3283 5929 4214 3007 5765
4632
4125
1126 1390 431 1047
3297 3509
4126
1705
464 604 709 502 605 692 686 1701 608 610 506
4126
4126 2814 4632
119 102
4126
6906 3874 6689 3873
17
2437
3423 5749 2237 6912 1987
1882 1307 373 394 1361 1300
2645
4111
4126
2946
6850 6287
4125
1760
4126
4132
6339 263 6723 5844 1708 6723 263 6239 3959 5844
6823
4126
4136
3910 2631 1622
