4136
4125
6326 6394
4074 4074
2633 4104 1846
4126
5522 1707 6343 1836 1547
3880
25
4127
4125
3867 2249 1776 5309
2946
163 163
4074
4101 4101
4125
3509 3334 3643 6666 1988 3334 3334 3922
4126
2540 5801 3267 2528 3744 2480 2461 5496 5801
4127
2946
4126
4126
4126
1708 6986
5625 4135
4125
1374 869 1400
282
1776 3877 5941
6
2858
1875 601 687
4126
4136
682 1615 607 3668 4126 4125
3888 2234 3298 5485
3807
1846
163 4074
2946
4126
2180
3898 5344 4303
502 611 676 238 2369
6013 2483 1040 2759 3510 6013 6295
4129
4126
4127
5865
443 1169 1187 431 1215 415 432
163
4125
163 608
4125
1530 6346 6722 3423
4132
6324 1797
60
4132 4132 4132
4074
349
4126
4115
1853 674 500 163 163 163 163 163 163
4129
5623
4125
163 163 163
4099
5560 5532
2369 6722
61 61 61
4125
4132
285
6723 3275
2186 4125
2965 2185
4126 4126 4126 4126
4125
3876 3343 3558 3334
4126
2856
4136
57
203 203
4099
2136
3959 2802
4126
4132
163
57
3259 3510
4101
4126
2965 4136
4126
4125 4099
4126
4099
2997 4218 2727
163
2946
3263 1794 2643 4384
3869
4125
4127 1
1693 1692
4099 4099
1622 2723 5760 5623 2363 4125 1622 4528 6969
1737 4101
203
5827 3273 6723 5841
4126 4125
3882 3875 2374
2911
4136
2153
4125
869 431 1162
4125
1795 3898 3907
163
4125
2956 4125
4126
5752 5844 3877 4304 2859
4126
1797 6334
16
5625 2565
4104
4125 4125
4131
4125
4126
6236
600 600 1871
6283 6971 1743 4985 4984
4126
4125
4125
2853 1995 5760 3313
6971
4914
4125
2565 4125 3510
4126
4126 704 1190 707 1204 1223 493 1191 1173 713 1186 433 1212
1
4136
4136
3876 3880 3509 3891
2946
5844 2773 1615 608 2367
2170
5557
4099
4638
4125
4132
4126
4132
4127
4125
163 163 163
4126
1532
2946
6722 6392 3959
4074 2956
4303 2806 3898 5607
4074 4074 2946 5865 3403
4126
4125
4126
4125
4129
3911
4125
3463 1836 6969 1547 3560 3881 4525 1813 5232 3558 5231 5230 392 5229 3049 5431 5232 4709 1547 6986 2817 5742 4708 5230 5749 5740 1836 1813 3049 3558 3881 4525 4426 1547 3560 4279 2274 392 3463 5742 3049 2862 5740 6969 4425 4708
2466 3852 4758 2300 6722
63
3976 4126 1547 6784
2769 6662 5170 5929 3165 5483 2275 5840 3165 5929 2769 3875 5172 3420 5917 2390 2275 3302 5840 2769 2862
4136
3509
2930
604
373 394 1308 1738 342 1365
4127
4125 4099
2856 1718 1825 389
163
406 2769 3952
4129
4126
2
2903 2466 2461 4632
1718 6346 6920
2191 4632
2946
4136 4632 2921 4136
4126
10
4125
1125 5529 3898 952 6855 1047 1043
718 4126
4137
4126
4125
4987
4125
1914
4127
4136
163 163 163 1669 1622 721 163
4125
5528 1856
4127
1853 709 602 675
2851 1757 5980 3269
4131 4131 4131 4131
163 163 163
2946
2194 6352 4632
4101
2300 5976 1776 3853 4217 6346 1820 5607
4126
1532
5848 2191
4125
2946 2369 1683 2461 2855 2369 4533 2208
4125
2857 3878
4126
2764
4126
4099
4126 4126
2275 1720 2210 3401 718 3400 721
6990 1809
1750 6666 2858
5015 7378
2946
4126
4709 1547 2644 4710 4303 1858 5633 3960 3268 6784 2759 5584 4727 4217
4125
10 10
163
4126
1464 1516 1523
2589
6326 2369 5652 3884 6326 5827 2369 1547 6346 5941
4027
324 2369 687 1855 1615
4128
2170
2210
1569 1549 1564 1559 1552
4125
4126
7181 7323
4127
1050 961 431 716 1043 1119 1120 1047 1111 1479
4126
3265 3259 3261 3264
4125
4127
6013 2024 2023 5531
6259
4074 163
4131
3343 1706
4638
4125
4430
4125
6336
4098
6723 3880 3586 5845 2325
63
4129
6933 1824 1824 6933
5609
3025 5827
6014
4126
4125
3752 5763 3640 6400
4126
2946 2185
4101
2149 5
4104
292
1
4125 4099
3022 3927 4219 5841
4125
1813 1670 1767
4087
4065 4125
1776 1777 1801 5450 2756 5937
6894
6326
6906
4126
4126
4049
4125
4311 4323 6723
2946
2208 1767
300 4129
1374 2326 5929 1045 869 2326
4126
1750
4126
4126
1776
5929 3875
3510 5827
2935
4075
4125
4930 3957
5630 4126
1995 5920
4128
4074
3877 6722 2631 6795 6855 2585 2237
2369
4137
3376 3717 6012 3742 3018 3717 6723
3647 2633 2765
69
2181
4129
4125
5929 1615
4127
1850 6972 1837 6972 1850 1837 1850 6972 1837
163 611
4125
4137
3352 3957 7157 5514 5840
4101
2956
1738
4632 4136 2946 2814 2182
431 1038 1475 1038 1475 1038 431 1475
163
4126
2369 6313
4401 5969
4126
2946
4125
4137
2946
4126
4126
4125
4125 2945
57
23
4125
1661
4126
1988 2648 6855 3274
4126
2806 2210 428
4126
3314 1987 6722 1987 3891 6722
4125
2235 3340 1698
4126
4125
163
2946 4126
4126
163
1738 693
3309 3307
4127
1670
3270 3881 3267
5749
4126
163 163
3 3 6 15
2946 3494
3650 4923 3647
5015 1738 449 4663 5327 3739 4728 6723 3881 3882
163
1932
4126
4065
64
1738 693 1702 1622
4125
4125
4126
2014 7235 7236 7182 163
4126
3423 3891 4126 3423 3743
2197 4074
163 163
4132
4085
4126
4126
2140 6326 2806 3668 4928
384 1681 3405 3404 3405 3404 4656
4126
4126
2366 1797
4125
2956
2136 4131
4127
1531 4074
4125
4129
4126
4128
2946
4126
1785 6 2452
1752
7229
64 64 64
3510 2343 4212 6906 5828 3750
2362
4126
4126
391 3461 2599 6315 6723 2873 1622 1388 1039 3461 1112 391 687 1855 2208
163
4125 4125
1393 1375 1379 431 264
392 6340 5635 3463 2369
6933
2275 4434 6319
4125
272
4125 4099
4663 2832 5336 3268 2797 1547 6666
4127
688 1615 2855 607
1378 5839
2185 4126
4136
4126
613 1615 687
4632
4074 4074
4126
163
163
4126
2946 5521 5521
4125
608 1615 690 687 1713
4129
4126
2203
690 611 1885
4132
1846
4126
4132
5537 3814 4136
4126
4074
163
2193
163
2180
163
2946
4103
2965 2967 3409 2956 5471
4074
5529 2410 6969 3306 392 3463 5760 1547 3307 6346 2641 3306 6969 3201 1547 3509 3463 392 2410 3890 4765 6296 5975 1797 6894 6866 2947 4632 6862 1797 4280 163 3463 392 3201 2410 3755 5752 3882 6969 1547 3463
4070
3268 5468 2775 2369 1547
4136
4101
4126
4126 6667
2181 6699
4126
4127 4127 4099
4126
4129
4125
4126
4074 4074
5801
4129
4125
2797 1686
1743 2254 5204 3881 5923
4103
1511 1462 1477 1464 1523
2754 5749 5607 6320 4631 3306
4126
462 512 688 1738
3752 3753
1820 1686
952 1042 1120 1162
4125
4126 4126
6251 5450 2173 6259
5470
4127
3639 5845
22
2946
4126 2195
4126
4732 3645 3261 6850 6410 1547
4126
163 163 163 163 163
4126
2466 1792
4125
1120 1047 1391 1162 431
4126
4125
502 610
5468 5750 614 1738 2853 2764 1547
3509 1738 373 1367 1882 394
1532
4125
4076
4103
5624
4968
4128
2946
1685
163 163 163 163
3263 3273
1821 1822
297
4126
1743
611 1885 5607 721
2284 6340 5844
163 163 163
1375 1399 1376 870 431
4126
2951
4100
2316
4126
4126
4126
4126
4136
4126
4125
4126
4126
63 228
4126
5530
4125
4137
4126
6259
2956
6266 1917
163
4126
63
163
1 1
4074
4125
2946
2858
4074
4125
2951
1730
6696 3258 5607 1718
4132
4126
5642 5807 4304 2369 3307
4125 2134
4125
4132
4136
2807 2440 3731 3477 5607 1547
4126
6971
163 163
1967
1622
6339
4128
4588
2414 2414 2415 2414 2414 2415 2415
163 163
4126 2952 2195
2903 3809 4136
1547 3986 6399 6231 3912 2369 3268
2946
4128
4126
1862 1622
4126
2834
163
4126
5761
677 1855 678 1615 1853 1164 674 691 600 4547 373 1304 1278 1354 1302 1299 602 1615 677
2946
5916
4126
935 873 1038 1393 4127
4126 5210 2146 2965 2967
2946
4126
4136 4126
4136
4125
64
2648
4137
2946
4126 4132
431 3985
4797
4126
4125
4103 4136 5724 2922 2191
4126
1689 2857 6236 6241 264
2500
2325 6242 1614
4126 2134 4126 2134
4125 4130
961 431 1388 1111 1119 1045 1047
4127
2946
1846 4104
1868 238 617
3052 6993 2224 2325 6969
163 163 163
4125
4126
4126
2946 1767 1750
3306 2578 5761 1853 6296 1760 1855 612 1853 1760 5761 3510
1821
1381 6014
5562 3596
4695
1796
4136 2946
4127
2910
4126
4126
4126
4136
4125
4129
163
3275 3639 2756 1842
4115 4115
4129
4125 4125 4126
4125
4136
4126
163 305 5801 296
6969
4126 4074
2946
6972 5812 6973 1547 3267 4219 6972 5610 4898 3298
4126
1669
5353
4125
64
1111 1047 1390
3877 5634 2797
2946
602
285
1547 2325 2769 2727 3275 3908 2775 2727 2325 2769 3347
4125
163
4663 3165 2388 6346 2390 5765
3017
4130 4099
163
5629
4136
4128
4127
4125
4128
4125
4127
3833 4126
163
1532
4136
7101
4126
4125
3274 2764
4125
4125
4125
4125
1850 5750 5749 709 5747
2911
1533
2828
604 675 1615 611 686
4137
163
4126
4125
1855 506 674
4125
4125
163
4101
4125
4127
4125
163 163 163 163
4125
6969 3889
5300 3268 1547 6691 2369 5521 5204
4126
4217 2643 3278 4218 1547 5628 2755
4126
4125
285
1695
4125
3510 3509 5625 3275 1785
3869
4126
4631 3875
4126
4126 2946
4125
4125
4126
4125
4101
4126
4132
4129
4126
4125 4099
163
1738
3668
4074 4074
4126
6295 3274 3875 1547 5607 2369 3637
163
163 163 163 163
2797
4125
3003 1757 5335 3910 5795
4641 4635 2134 3835
4
1046 1039 1119 716 960 1113
1997
4125
163
608
4429 3104 3070 5607 4734 5760 5484
4125
4101
4126
4126
163
163 163 163 163 163
3764 1715 4663 3510 2774 6969
6287 3106 2368 4125
263 3334 3647 3518 263 3547 2369 1394 263 1043 4898 263 263 1046 1394
6722
3878 3509 3509 1685 3878
4126
3275 6874
4125
4104
4126 2946
4125
4126
4126
4132 4132
4126
4126
4125
171
4125 4125
5556
4126
1306 1266 394 1315 373 1738 1301 1259 1300
4126
869
4074
613 1738 688 504
2631 2028 6295 2025 2140 2631 6295 2028 2362
3008 3510
4136
3734 3248 2258 1547 3731 5980 3960 3900 1547 2258 1748 2326
61
4126
2369 2483 5624 1862
4125
4126
6969 3307 1825 389
4129
163
2947
163
6296 4692 397 5546
4127
431
1475 955 2633 1036 2583
4126
5214 5214
4126
4074
3510 1838 1837 5823 1837 2461 2531 1820 1829 1838 2510 5822
2946
2369 5205 3881
6370
1622
285
3517 6246 1685 5670 3517
3379 1533
6370 2210
4136
682 608 507
1378 264 1394
4125
163
6971
5521
4126
4130 4101
4125
4074
1119 1043 1388
2946
163 2671 6868 163 163 163 163
1532
4125
1685
1533
4074
163
4126
1825 2645 3275 389 3900 1777 2634
4125
5761 2777
3509 2824 1685 6723 4075
163 1614 163 163 163 163 163
163
6012
2367
3275 2362 1698 3925
4126
2632 2635 1835 2643 2334 2635
4126
3501
4074
4125
4125
4101
4125
20
4126
23
5216 1689 5843 263 3021 263 1797 1704 5845
4136 4126 6894 2946 2903
1532
3744 5806 3772 6293
5645
5925
683 612 838 1615 678 838 612 1615 683 1164 612 838 683 612 838 1615 612 683 838 1615
5752 5312 2538 2797
4125 2390 3546 2769 2369 1547 2326 402
11 7
2828
4127
4127
4127
282
4125 1530
4129 4129 4129 4129
3267 1615 5750
4125
2363
5624 3880 2631 3878
3878 6313 3891 1547 3639 1757
4125
4126
3959 3265 1792 6722 2872
5763
4125
5706 2911 5010 4933 4924
4125
5941 6722
4126
163
4125
4126
163 163 163
4136
4125
5634 5634
4074
163
4125
5799
6296
4125
4128
3509
4128
163
2946
6890
4126 4125
4539
4125 4125
2946
4126 4074
4125 4125
1394 1399 1162 1374
4125
4125
3404 2343 6392 5763
1720 4115 3510 1715
2368 6341 6668 5827
4125
2946
5521
4125
4136
2946
4074 2956
4129
4099
163
2859 1704
4125
4126
163
5530 2578 6792 5875 5903 2859 6823 1699
4125
4125
4126
4125
4125 2134 4125
2367 5765
4126 4126
4081
5643 2643 2756 3881 3882 3882 3881 5645 2769 1046 2643
3
709 610 667 667 709 610 720 620 667 502 611 667
4125
2641 3404
4136
2949
1531 3510
4135 4130
4136
719 1853 674 238
4074
4126 4001 7137 7350 7089
4136 2946
4136 4136
2134
4087 4126
5929 3307 1547 3309 2820 6722
2774 3509 2797 263 4577 2797 3509 5764 5752 263 5625 263 1743 5623
4126
2851 6990
1738 838 1622 721 2325 3306
4126
4125
4125
2466
2858 2234 2754 3877 263
163 163
431 264 1378 263 431 1378
4125
3921 3732
4126
1670
4126
4132
1846
5607 2296 263 2589
4126
2857 6296
4126
4126 4632
264 1116 1379 263 6398
285
4126
4126
3269 3924 6723
163
78
4074
1757
3911
4101
608 1615 687
4132
3638 3510 3881 3881 3639 3510 1547 3638 3881 3510 3882
2369 263 6393 3767
2195 4126
391 3461 431 1720 392 3463
4074 4074
6670 5645 1825 389
5941 2663
4125 2946 5535
4125
4126
263 3878 2754 6723 2237
264 1043 1120 1047 1388
6969 3559
2466 2645 1547 2461 2643 2497
57
13
4126
5752 4217 3892 5627 6723 2220 5330
3408
4126
2369 5529 3307
4136
4127
4539
4119
4063
163
4126
4101
5840
1622 5630 1738 1795 1704
4126
4129
3892 3509
231 231 2195 231
263 3274 3275 5750
4125
4137
6894
4126
163 163 163
2956 4126
163
610 1615 1868
2946
4074 2949
4125
4125
4126
1737 1622
2164
6969
4126
4125
4125
5622 2644
4126 4125
6972
163
838 600
4099
3649 3297
5337 5929
4125
4125
163
4125
1983 1986 1987
6986 263
2458
104 4126 104
4128
1532
1846 4104 1846
4132
163 163 163
1937
163
721 1615
4125
4129
163
1531
2538 6972 2519
1705
2345 3405 263 3420
4125 4099
4126
3510 263 5845 3889 5845 1825 389 4174 1547 1868 1622 264 1858 721 1622 721 264 1871 693 3889 2797 263 5845 263 5925 3510 3309 2586 5845 3510 5925 263 3510 3889 5845 2797 5581 5845
4128
163
1685 1777
285
4126
163 2946 163
6296
6850 5806
2369
6336
4126
6259
5941
4126
4125
4126
2250 4998 2249 263 5542 2578 1995
2946 4069
6269 4536
4126
1531
5542 5875 4731 263 1547 6800 6320 4583 3351 5875 2834 263 6320 263 3510 1704 3622 1547 4583 3623 263 4583 4731 3622 3510 3351 263 1547 2211 263 4731 2024 4631 3404 6331 263 263 4731 6339 6284 2834 263
4126
1855 502 688
4136
3379 1740 721 1622 3379
1533
4136 3496 4136
1777
4104
64
3405 5920 2025 263 3404 1739
4126
6336
63 63 57 63
4115 4127
4125
4125
5631 608 2363
291
2946
4087
4125
1533 2851 3637
702
4126
3602
263 1839 5845 5633 1547 3045 5246 2640 263 3873 263 2640 1704 5632 5941 5845 1839 263 2459 3099 3171 1859 3062 513 1166 709 264 1615 686 605
4125
70
4125
207
2967 4099
2134
2362 3340 5324
2946
4136
163
602
4125 2946
4074
4125
1724 1724 1724 1724
4126 2946
2528 4428 2633
1712
2645 2645 2645
1532
163
2363 5806 619
3881 3386
2951
1822 4304 2023 4433 4663
2965 4125
3510
4137
397 5546 449 1622
4059 4058 4074
5839
4125
687 605 395 720 1701
4125
431 957
501 610 602 1868 1052 1121 911 409
2634 1547 3278 5625 3509
4125
4126
4125
6259 1669 1871
163
6410 263 1547 4420 5843 1162 263 1394 1389 1110 1048 6410 4420 263 5843 1547 3405 1114 1389 1048 263 1043 4998 263 6410 1043 1162 1118 1048 263 1389
4129
721 1622
5543 4533 5632
4126
4125
4126
4125
5531 1760 6920 5522 431 2297
163
4129
4125
4126
2458 2532
4126
6974 3299 3298 2216 2643
163 163 163 163 163
4126
2918 2911
4126
4126
1738 3509 611
512 3510 614 1862 264 512 264 1615 687 614 463 1871 512 264 1669 512 1871 688 614 1164 614 463 512 686 264 1871
1825 6872
5607 4218 3295 5806 6664 5806 2095 3295 285 5829 4218 3275 6346 5806 5806 2368 5829 4136 4218 6346 3275 2816 2815 2368 3275 2365 6969 3275 4218 5806 5618 4218 6969 4218 6346 2754 2797 5829 6971 2754 6346 5623 6969 2918 5699 2922 3815 5806 2191 4218 3275
2946
4132
5751 5336
163
163 163 163 163 163 1871 4950
1162 1045 874
4074
4126
163
4125
3891 263 3880 263 3891 3880 1868 1885 602 263 263 3891 3880 163 4218 4215 4217 4215 263 6318 5529
3270 263 2755 2797
163 163
2946 4129
4126
4125
5
6969 263
4125
5468 4126 5631 431 1475 937 1388 1120
2946
163
4136
163
263 6668 6355 4401 6343 263 6668 5829 6343 3351 3510 3623 263 263 3622 6668 6323 5829 6323 263 3623
1215 1169 264 1771 1195 613 693 264 1615 686 1615 264 613 693 1169 264 432 1191 434 1530 613 1615 686 264 1713 432 1215 1169 264 910 955 1121 909 263 1048 1164 508 689 263 2458 1726 2540 2645 263 1169 264 1195 1224 1771
4136
5826 2368 1531 5470 4136 6231
5835
3275 3307
1915
4101
4126
6969 721 1622
4136
3558
431 1048 1393 1042
4130 4135 2899 2908
4126
4125 4125
2374 5633
4126
4126
1777
5731 2140
4126
4067 2946
4135
4632 4126
163 163
4126
6722 4303 3268 5482 5217 3852 5482 6722 3882 2210 3758
1850
4126
3334 2374
5554
4125
4129
4126
4126
4136
3274 3925
4131
5844 1825 389 3269 1382
163
4126
1862
4126
1743
5977 869
4126
1760 3306 3379 3383 3385 3384
4125
4125
1826 390
1531 2817 4279
1738 1738
4125
2195
1531
2
1038 963 1118
3379
2946
790 6855
163
4126
4125
4534
4125 4125
4804 6974
6661 4427 2641 5805 6915 2946 3833 2708 5623 2631
1737 5331 1737
3510 5606
1707 1760
1785 5631
6851 263 3882 5740 2872 3912 263
2461
4521
2362
4126
5483
4127
4127
4136
4126
1703
1040 1042 6346
4125
4136
2946
2752 263 3391 1759 263 1547 2391 2723 263 2749 263 4535 2369 263 1759 4660 3510 5344 263 1547 263 2578 6401 2216 5246 5336 263 6330 1759 1547 2363 263 4660 5875 5929 263 3510 5929 2363 263 5929 263
4119
4074
163
163 163
3560
4101
3307
4137
5804 3952 2855 1855
163
4074 2906
4125
5328 263 2631 2342 263 3009 6346 263 4757 3510 3922 263 4757 1547 2216 4757 2745 6343
163 163 163 163 163 163 163 1532 163 163 163 163 163
3899 3898
1119 264 1390 1048 1110 431 263 5843 6668 4420 6410 263 6410 4420 6335 613 679 263 500 677 1615 263 4420 5843 6410 1389 1048 1118 264 263 5849 3622 263 3889 5849 6320 5849 263 1547 263 6668 5849 3622 263 5849
163 163
264 1374 1394
263 4429 3510 3876 3297 263 3510 1858 1713 1615 674 264 602 678 499 500 1858 602 264 674 1713 1858 602 618 1615 1604 264 1858 602 618
2466 1759
4126 4125
4127
4731 4998 3420 263 4401 3420 263 5849 1774 3404 4731 263 3420 5840 3420 5844 3404 1748 4631 4731 1547 263 1747 3420 4401 5839 263 4372 5839 4372 4731 263 4372 263 3404 3420 4998 2369 3420 263 4401 6343 5844 263
4125
3510
3379 3377 3379
7113
6668 6335 263 5763 263 5765 3622 1547 2833 2745 5764 1547 2641 6401 2220 263
5875
4137 2368
4136
4125
4125
4101
3879 3510 6985
4125 4125
1931
4074
4125
4136
163 163 163 163 163 163 163 4104
4125
277 2219 2998
3625
3509
4099
1532
686 1855 500
163
