5530 5530 3 1707
4112 4112 4112
228
1698
4125
4127
4
5865
4125
10 61
2202
4112
4126
3269 6855 3268 5764 2810 6851
6722 2944
4126
6820
4112
1855
2943 163
3
4126
3639 2229 6583 4581 5632
4534 4136 4136 4136
4125
3510 5827 5829 1046 6968
4125 1699
285
4099 2969
4126
2956
4126 2946
163 4126 2946
6
431 1374
4135
2903
62
4126
5760 2224
4125
4126
1683
4
3509 4112
10 10
2888 1750
4126
6319
2363
1752
4112
163
4554
4570 3536 6723 3259 3269 6855 2652 2325
1533 4643
4126
49 3 3 1745
1807
2
755 824 724 431
4125
4126 3881 3255 3928 5939 4410 3264 4411 4618 3275 1547
3151 4712 2634 2676 4214 2252 3122 2755 3343 1707 6238 3151 4434 3104 2756 2806 1707 4214
3509 5625
4128 2919 5730
389 1825 3830
4126
4125
1531
4125
4125
4112
4136
4126
4126
4115
4132
62
4125
4125
1123 1052 717 952
4125
2968
4126
4126
4125
1622 721
4126
3809 1749
5939 3298
2834 2835 1738 3509 2826 2835 2834 2835
4129
1705 285 1705 1705
4125
4129
4125
2968 3185 5672 3932 1958 1959 1949 1952 1726 1772 1622 1622 2782 1772 1622
4125 4099
2944
285
4136 4136
5629 526 1622 721 693 1166 6735 602 526 696 5626 602 526 696 607
4125
1685
221
4125
4098
5158
1737 1850 693 507 1738 720 514
4136
4126
3
4126
4126
4125
4126
2855 5531
2817
4125 4099
2968
4125
2944
4125
1531 2249
1670
4125
4127
608 1850 677
1
4136
4126
4125
2912
285
64
4922 4948 2362 2991 4171 2988
4126
4125
4125 5235
4065 2948
3463 5311 2225 392 6969 5976 5295 4525 2682 3881 2326 5373 1548 5372 5297 5298 3165 2440 7390
4126
4128
4128
2968
6969
10
2369 3269 2723
163 163
4126
2492 2471 10 2470 10
4128
4126
167
4126
285 4542
4126 2807
4112
4125
4112
4125
2956
4127
1755
4632 2918
4126
1701 1738 500 677
3639 6792 4030 4434 2367 2833 3415 5844 4217 3654 3649 2806 2337 2372
4126
1474 1484 263 1517 1467
3668
4129
2946
4125
4126 4126
1259 1321 394 373 1701 720 686 1253 1361 373 502 1330 394 1701 688 1363 1253 1259
4126
4126
4125
4126
4125 4130
5121 6259 4125
4125
4125 2968
4128
2968
4126
4128
4125
4125
4136 4136 4136
4126
4126
6761
4125 4130 4273
2346
3899 3309 5619 2797
1776
6083 2368 5633 263 2644 263 3509 1776 5625 3278 6728 5941
4126
2509
5281
4074
163
6279
4126
117 117 117
163
1533
2946
6236
4126
4129
4136
4539
4129
4125
2826 6336
4126
5750 263 6723 1708 6242 5750 6723 263 1708 3623 6242 3986 6723 263
2162 4126
4125
2103 4191 5841 5584 4533 5607 3878 2326 3269
2538 3201
1 4127
4132
2946
4126
2943 4126
4125
1622 2756 1622 3309
3668
2968
1772 1622 1622 6855 605
2944
4125
4126
4126
2466 2461
3685 3683 3674 2377 2372 5840 3229 5341 3226 3231 5840 2325 3509
6369 2539
4125
4719 3274 3912
4076
1036 6969
4291
5053
4125 4126
4131
4099
1768
2970
4112
4126
4126
5470
4125
2851
3898 2635 6320
4129
2140
2334
6969
