1531
228
4126
6284
4125 4112
4125
1915 1915
4125
5865
23 16 2185
5310 4690
4274 2956
4126
3386 3379 1531 2754 3379 6969 3386 3379 6969 5848 3386 4291 4281 5929 3381 3386 3379 4281 2100 4280 6969 3881 5765 3138 3268 5862 3405 6965 3381 5941 3379 6969 3379 5390 4280 3381 4281 3879 1707 3164 2627 1531 2810 6283 2640 4112 3879 6969 2809 4688 3408
2946 2374 6666 6722
4112
4125
1533 5324
2968
4194
4112
2968
2968
4125
2802 4645 4644 2249 5829 2369
4125 1699 4112
4127
4112
4112
2971
4112
4112 5615
5564 4804
5770 3720
4112 4125
4125
2958 2909
4218 2633 2325 5969
2954
4 19
4835 5779 3275 5297 4770
2249 6365
4125
4126
4112
2968
4824 1547 6723 6985 2368
3
4112
3609
4136
4112
4747 1533 4112 4112 1336 1278 1363 373 1738 1294 1280 383
4112
1709 5532 385
187
2971 2966 2911
500 636 2326 667 527 610 675 608 667 2326 411
1916
4112
324 5373 2631 2237 3878 6855
4125
5623 5625
4112
4125
4112
4112
4126
4126
4136
4112
4125
4125 1541 2971
4129 4112
2465 5530 6691 5628 1821
4126
4125
1531
4129
4112
4074
5
2366 4554 3869 5634 431 979 1063 1391 1123 1120
4112 4112
2971
3343 4112 4112 4112
4099
3265
3510 3877
4139
4112 4119
4112
4112 4112
1749
4126
1533 5929 1776
4125
4112
4127
4112
1915
285 3
2968
2645 3881
2946
4125
2968
4125
2971
163
4112
2368
1680
1699 1699
4272 4274
4112
502 2773 696 5626 6976 6974 537 607 602 6977
4125 4125
2911 4813 4803
4112
4112
4125
2968
392 5765 3463
4112
4126 4112
2946
4112
4131
4126
4126
2971
4125
4099
4125 4112
2946
4112
5730
419 1671
4074
4125
4126
4126
4112
285
4126 4126
4126 3829 2190 2146
2634 2633
64
4125
4125
4132
2968
2539 3030 3165 5431 5640 5298 2465 2799 3438 5306 3439 2794 2274 6969 5230 3881 5976 4218 2466 5749 1548 3894 4525 7201 5311 2682 5626
2704
4125
1801 5466
3405
4101
2948
4099
4126
4112
2945 4126
4112 2968
3536 2862 4280 3643 3509
539 688 611 1858 602 674 395 688 1853
4112
1531
4112
4125 4125
2928 2971 2139 2971
2968
2968
2968
4112
4112
4112
4112
1755
4112
4125
2367 5 1703
5985 4747 1532
2971
1776
4126
2971
4126
1846 4112
1253 1701 688 373 1738 1259 1333 1363 720 394 1309 1363 1253 1259 373 394 1738 1253 1331 2971 1363 394 373 1259 1336 1738 1253 1261 394 373 1363
2946
2946 6485 4112
2414
4126
4112
4112
4112
4126
2198 4990 4125 3609 3106
4112
2968
4112
1707 2550 6293 6293
4112
2968
4126
4127
4126
4126
1
666 263 720 674
4136
4125
2968
2968
4126
2968
4126
1547 263 1703 5925 3721 3374
4112 4112
2484
2945
2965
4125
4125
2968 163
4112
163
5839 2645 3334 1776 263 5530 5839 3759 263 5468 2644 5530 1776 5840 263 5531 5468
2956
1844 6242 1751 1750 6251
4129
5631
4747 6631 1532
23
4125 4125
4125
2971
2945
4112
4112
4126
263 6723 6242 5750 6250
4112
4112
1039
4545
2946
4125
5749 3881 3536
805
3911 3889 2779 3259 3260 3405 3510 2631
4300 5373 3378
6340
610
4125
5628
2139 2971
4112
4112
5022 3231 4241 3229
4125
2953
2971
4125 4125
3
228
2586
2971
4125
4099 4099
4126
4125
2643 5632
4125
4289 1698
2945
6972 3294 2817 6972 2211
4112
4112 4112
1531
324
4125
4112 4112
2946
4112
3408
2971
2946
2971 1541 6485
5531 6293
2369 1855 2773 1738 3545 3269 4218 3878 2459 3623 2024 600 2762 5844 5752 2203 2362 5584 1860 4216
5941 1826 390 5941 6336
