4099 4099
4104 4104
4126 3881 2362 3875
4126
4099
1855 2369
2912 6863
4104
4125
4074
3924 3008 2440 1547 2622 2410 2755
3899 3268
4126
163
2968
4101
4632 5324 3334 3881
4128
2634 6335 3510
4126
1531 6151
163
3910 3898
4112 4112
4128
4074 4074
4104
4125
4126
4541 376
4103 4103
5450
2946
4125
1772 5925 2873 5925 3376 163
1757 4437 2540 6970
1821
6
4099
4426 1381 2362
869 1045 431
4126
4126
4126
5453 2891 5453
2956
3410
4084
709 682 1855
721 1533 1622
163
3907 2374
163
720 682 609 2369 1795 2369 1795
4129 4632
5015 5065 5073 1548
5740 3908 3269
4126
163 163 163
5865
4128
4126
6723 5324 6336 666 3882 6723 5339 6336 1855 2820 1738 5339
2908
203
4125
163 163 163 163 1622 163 1622 163
4125
4112 4112
1738 6971 6723 602 1885 624
4074
6340 1797 5625 1813
4125
4126
4126 2968
4112
4126
188
2857 2797
4112
163
285 4136
4125
4692 3964 2745
4125
1738 507 1622 5920 506 5920 1777 1738 1622 721 1738
163
4099
4127
5623
4101
4074
4125 5117 6263
4125
4136 4126
2968
2755 1772
204
203
163 2631 2249
163 163
2946
6915 1698 1785 4126
4099
4125
4126
324 5244 5245 4571
4125
4126
163
13
4125
1853 506 687 4074
2369
4126
4136
2458 2458
4125
4126 4632
4125
6723 3900 3894
163 163
4126
4125 4099
4129
2968
4126
2366 2214 6366
2944
4126
4125
4126
3323 2853 3045 1776
4127 4115
4099
4125 1698 5826 6969 2873
4126 4125
4136
4126
2944
2362 5335 3877
2946
5246 5566 2808 2362 5632
2296 5917 6608 5630
2723 1547 3752 6985 3270 2367 3275 2625
4125 24
4046 6970
163
4126
4127
4132
4112
2944
2944
791 779 750 5929 824 1784 4692 1795 5792
1807 6711 1797 1797 1807 6709
2944
1777 6850
3510
4126 2946
4125
2362 2326 7048
4126
4104
4126
4126
57
4125
4126
4125
2968
4125
4125
3694 3875 4223 2317 3340 3887 2202 5468 3340 4533 2203
2946 1796
608
4125
1533
4125
2968
4125
4126 4126
4126
3273 6722
2776 2369 1707 4326 3640 3278
25
386 1710 1724 390 1826 6012 4112 4112 4112
4434 3877 6014 3875
3510 6734
4632 4129
4084
4027 2817
2946
2946 5061
4125
4126
2211
2968
2956
4125 4130
4126
2951
4126
5805
4125
2944
2369
2944
4125
163 163
4126
4126
5772 5772 6722 5772 5772
2440 6396 6315 5929 4217 3877
4074
4104
1615 688 1855 1615 686 602
4126
3298 3294 1757 5531 3293 2764
4129
2578 1777 6970 6970 1777 5793 6970 2778 5975 5795
6971
4126
4112
1615 608 1848 1738 686 1738 1615 629 502 720 674 602 1868
3833
4112 4112
2968
1715 4472 1705
1836
2944
5920 3509 2851 6295 4758
4125
1 101 2725 6921 2629 3694 6904 6921 2367 2769 6924 6907 3408 6691
2949 2133
3143 5871
2970
2325
2275 5917 2862 2777 2224 5172 2390 2275 3022 5840 3420 5917 3886 3165
4074
4065 2944
2538 2481 2943 3637
2944 4632
2956
2944
1718 3894 2944 1825 6723 389 389 6722 1738 1825
2
4126
4127
4126 4126
163
1533
2968
4126
2968
6567 1531
1760 3274 5929
2969
2960
4125
5327 6801 5324
4126 6711 2946
4125
4129
6
4126
1533
88
4136
2944
5796 4326 4423 3269 3852 1547
163
4631 4898 2260 3003 5175 2631
4126
1533
4127
4125
4131 4131 4131 4131 4131 4131 4131
2421 3924 3323 5631 2337 2369 3640
4112 4112 4112
163
4126
4069 6801
4126
4125
1772
677 6666 2317 709 1853 720 720 506 677 1853
4126
4132
4126
4126
5941 3274
689 523 624 460 1532
4126
4136
4104
1738 1622 2583
4125
4126
4126
2134
1670
5531 3435 3434 1983
4126
4126
4126
4126
4126
1531
2723 500 3960 5285 4438
2944
10
1533
4696
1698 1777
1532
4061
4126
5973 1776 3334
2369 6356 4583 6343 1547
2983
4125
1738
7028
4125
4125
4125
4127
2946
2851 3881 5324
4126
3509 2754 2913 2185
4125
4125
1532
4125
4129
2023 3420 4631 2024
4126 2946
4126
6259 1750
163
163
4
2583 2773 3922 1547 3307 2325
163
4101
4127
4126
4126
4125
64 64
4125
6935 1824 1824 6935
6687 2140
3871 2949
4099 4131
4696 1
4125
4126
1944
4126
4126
387 1722 702 718
4129 4127
2944
3438 1531
4126
4136
4104 4104
2202 5624
4069
4632 2946
4125
6006 6691 1704 2855
6666 2527 3877 2797
2855 2853
163
4126
2968
4126
2146
5530 4712 3298 6990 4712 6990 3409 3275 5530 3409 3298 4712 6990 5530 3298 2633 5530 3409
285
1785
6971
2968
5559
2956
163 163
2968
2617
4127
4126
4127
4125
4126
4898 2776 3921 5923 3898
4125
1533
2968
4126 4126 4126
2634
4104
2944
4126
2946 2968
4074 2181 2949
4112
4539 2296 4137 4112 4112 2968
3510 3510 1532 2797 6668 6341
4638
4126
3882 3269 3876 5752 3874 3273
4069 1532 1882 394
163
610
4126
1837 6972 6972 1837
4126
163 2968
4129 4127
5672 6301 3875 6242 3269 7200 3334 1548
2944 2185
6823
2210
1437 1415 1444 1443 5334 1046 1119 1052 915 1121 967 968 716 1120 1533
4112
4101
6356 1395
4126
1533
3268 6014 2862 3510
2946
4126
4126
188
5515 1807 1807
4126
4126
2764 2241 6722 6690 3877
4125
4127
4125
63
4759 3045 4663 3045 3769 2336
163
4136
687 1855 1615 4125
4125
4126
3886 3936 3298 2374
4112 4112 4112 4112 4112
4049
4126
4126
2285 1750
4126
2363
4126
6723 3886 2241 3876 6855
6969
6662 623
3906 1698 2368 4425 3640
4136
4074 4126
4126
3343 3338
5630 2775 2851
3875 2773 6855 3299 3297
1388 1119 2858 1039 2249 5531 4125
1759 1750 602 6236 1796
4136
4112
3959
4125
4125
5531
4126
4131 4131 4131
6712
2946
4125
2944
3273 3299 4904 3952 5917 5844
2862 2624 2258 3347 3881 6722 1548 5326 4596 3960 3878 2260 1547 3477 3297 3477 5326 3924 1548 3963 6722 3539 3545 7048 3546
5623 1707 6990 5470 1777 1703 6986
4126
4126
2645 2362 5607 3275 2652 5542 2369
4127
4125 4127
4129
4136 2968
2944 2909
2452
168
4136
163 163
1757 6341
228 228 228 228 228
7046
4129
4126
4125
1738 1669
3509 3461 391 5626
2949
3637 2369 2817 5607 2563 5752 2224 797 795
4125
6797
4125
6935
2853 2300 3510
163 4099 4099 4099
4126
5648
4126
4125
4126
4074
675 504 1855
3668 5430
4126
2968
4129
4129 2944
4125
1846
5521 5521 4051
4126
4126
4128
4126
4125
163
2497 2466
2968
3510 2337 2807
5537 6836 6783 3814 4112
4125
4126 2188
1759 5625 4064
163 163 163
2909
4126
4065 2944
5750 2239 3894 2237
4126
4126
2956
163
5826 4033 3275
4126 4126
2946
2946 4136
4125
1797 3463 4647 3328 3463 3306 2410 3201 5975 2326 6969 1797 5640 392 2949 3873
4136
1703 5470 6393
163
2368 4217 3877 2873
3062 3037 6013
6445 4126
4126
4127
6409 5808 5752 2362 3899
4126 4126
4127
3881 1995 1825
4125
4126
2944
2944 4074
4125
3491
3520
4074
2983 6236
2164
4087
2968
4125
1743 2255 5607 6326 3881 2231 1547 2943
163
1515 1467 1523 1474 1482
62
4126
4136
2954
1785
1759 1759 1759 4126 1759 1759
2317 6241 2317 6251 6239 2797 2826 2807 2368
721 1622 1315 1882 373 1738 394 1361
4126
2134 4049
3880 4727 2797 5335 5847 6855 2968
3408
4125 4112 4112
4127
4126
163
5468 2483
720 1855 687 687 1615 1855
4126
5808 3310 2600 2778
4112
4074 4125 4125 5564
3517 3517 5544 3517 5451 1915 6259 3625
2944
6972 602 1672
2968
4125
4129
4125
4779
4125
163
4126
163 163 163 163
6356 3593 5607
2944
2969
4125
3509
6971 4215 2369
2949
4125
4126 2164
4074
2366 6734 1892
163 163 163
4125
4126
277 3320 277 3877 277 277 3320 277
4129
4126 1622 507 608 682 507 5607 686 608 507 609 721 682 686
4074
4125
4126
163 163 163 163
163
4126 4125
4125
629 709 692
4126
5335 5632 6485 3881
4129
4126
4126
4126
4127
2325 1692 2633 3894 2754 2524 2274
4112
4126
6666
431
5752 5975 3200 3313 4136 4632
2944
6969
228
4273 4126
734 431 846 749 821
4125
4126 4112 4112
4076
4126
4126
2953 4063 4098
3869
2428
2968
4280
6336 3510 6666
2946
5808 2634 3485
4137
163
608 1885 686
163
4129
4074 4074
163
3876 4434
4125
4126
1772 2440
4112
2944
3509 2946 3509
24
4074 4136
4126
4074
2968
4127
163 4125
4136
2956 4126
4125
5294
4373
2944 2946
4125
380
163
4125
4081 2528
4127
4112
2943 2415
4126
163 163
408
4126 2946
4126
506 1738 602
4125
4125
1868 688 2946 1862 1622
4104
4129
392 2211 3463
4126
2946 4126 2911 2967 2966 3826 2913
4125
4126
163 163 163 163
24 24
3201 1547 2241 3334 3643 691 1672 602 691 1672 461 3876 3644 1615 678 3334 2240 677 523 625 677 2240 3201 3334 2241 5932
4136
163
4126
2642
4126
4129
4126 4074
163
4112
4126
4125
4926 263
1746 6014 4136
4112
4125
4128 2968
4126
4125
720 602 1848 687
4126
2944
4126 4132
2949
1693 263 5648 263 5630 5640
4125
1738
5672 2589 5875
4074
4126
1801 1785
4128
2944 4074
6341 4899
4126
2471 1668 2498
4126
2143 4136
2645
4076 3957 4112
3642 1531 3964
1846 4104
163
4132
69
163
4125
1707 6971 6971
2956
2368 2229 3881 6847
6706 2909 2946
4125
4125
3347 3880 3299 6850 1548 3298 2633 3270 3875
163
2944
4127
163
80 29
163
4112 4112
4112
4112
4490
4125
4129 4129
4126
4115
26 4136
1837
2240 2239 5747 6792 3897 1547 4401 2422 2230 2231 1743 2321 1547 6792 3622 5339 1395 6356 4401 5339 2239 3622 2231 6792
6346 6398
4126
2912 3494 2911
296 309 306 163
4533
2764 3307 2631
4126
3306 2944 1547 6969 6970 5925 6972 3306 3306 5925 6972 6972 6971 1547 3306
4126 2943
4027 3051 3274 2219 1698 3691 6723 2250 3379 5840
163 163
4126
2817 2817 5560 2817 1615 1164
228 228 228 228
6270 4136
24 24
2181
163
163
1531
1533 1710 386 1533
4112
4126
4125
3
163
4126
4136
4070 4126 1699
4112
4112 4112
3408
1855
4128
4126
4125
163 163
4129
4125
4132
2369 5339 2220 2759 5826 1853 2313
4125 4112
1388 1040 1110 1162 5630 6855 3336 6035 3347 6972 5632 1777
4128
2284 2369
4074
163
4126
5607
3509 1716 3351 1786 2853 1547 5295 3334 2759
2776 2587 6971 3875 3873
4112 4112
718 838
4128
163
2968
4126
1682
1374 1394 1116 264
3410 2363 2363
2946 3270 5607
163
163
4127
4975
163 163 163 163 163 163 163
4136
2185 2363 3336 2362
3881 3924 3907
4137
2968 4112 4112 4074
2483 2363 3694
4125
6509 3275 5008 3881 5632 3639 5752
2944
2592 1547 3881 2362 2632 2825
163
4125
3323 5808 5826 4217 1885 674 607 609 1533
1846
4126
285 163
4074
6850
1855 503 667 1738
4099
4127
4126
5530 2657 2754 1712 5530 2657
4125
4125
4112
4125
4137 4796 1731 1720 6295 5634 5634 3510 1715
2968
4125
4126
5847
10
4129
4112
1699
1738 1622
4126
3510
4126
163 163
4136
163 163
4219 5752 3637 3327 2224 5607
4125
4125
4125
4126
4127
163
1676
1738 687 1701 1672
2956 4125
5757 6961 6990 5607 2728 5752 6346 2440 3037 3265 5772
4126
4125
163 163 163 2631 163 163
4136 2899
4126
2369 6301 2807 6689 2362 2807
163 163
163 163 163 163
4126
3668 4099
263 3195 3547 2833 163 263 2833 2862 3343 1394 263 1046 1162
1547 3509 600 3899 1685 5845
1862
2363
2968 4104
4137 2944
3509 2657 6855
4076
4127
1822 5532 1785
4137
163
163
4125
4129
4126
2944
4126
4074
4112 4112 4112
2936
4125
621 689 1785 2208
1531
4125
6320 1039
163
4129
4076
1685
4126
2946 4128
6767 2797 3759 2755 5629 5632 3927 1547 2797 3873 2776
61
5977 6340
4127
2633 2631 2833
163
4126
3881 5623 2369 1164
4125
4126
4125
4125
4125
1846
4125
3874 2300 3022 3278 3547 1703 3374 2631
4126
4087
4074 1533
4127
4126 4126
4126
163 163
4125
4136 2944 3485
4135 4130
4126
2913 2912 2944
4128
163
188
4126
4127
2956
2797 1531
1816
4126
4126
163 163
3269 5241 3644 2779 3913 2650 4908 3203 2258 3546 5326 2777 3914 3589 4236 5239
1685 2681 3517 1685 3517 2681 1685 2681 3517
4125
4127 4099
1622 5969 1790 6315
163
4125
2756 1855
5945 5945
2945
4125
4099
4132
4135 4131
2944
4126
4125
2949
4126
4074
2969
4125
4125
4125
163 163
163 163 163 163 163
4125
4137 4137
163 163
4126
1738 1669
4126
4126
4136
1615 681 608 5542 3651 2650 3881
4125
1751
163 163 163 163 163 163
4125
163
4126
4136
4127 3298 2633
3510 954 1046 1130 608 527 686
3274
686 1701 502 1738
4125
4087 3334 1698 2317 1164 1986 1547 2633 1698 3340 1986
22
6242 5640 6236
4125
4125
4126
6969 4074
1400 264 1379 1116 1381 3889 3297 263
4126
4137
4131
4136 4126
4125
4126
163 163
1801 2631 6012 1704 263 2631 6012 263 3851 6116 5633
4126
4632 2920 4136 4632 4126 3416 4136 4632
1532
4126
4099 4130
4136
3408
1547 2835 5941 4631 263 2461 1116 431 1374 264
4128
4126
4126 2943 6441
4125
1531 431 955
970 6852 869 6990
4125
396 5550 693 3509
4125
4136
4101
2956
4129 4129
721 1532
1164 674 602 608 1164 682 5795 510 266 608 692
4125
4125
2651 3891 3874
4126
4125
4136 4136
4125 6279
4126
4139 2930 2583 2930 2146
4125 4125
1825 389
4126
4125
4125
4126
2944 2944
2944 2956 2921
5606
4125
4125
99
869 1248 264 431
4126
2949
3510 5844 4631 5941 2586 384 1704 1681
2943
2333 2186
4126
163
163 163
4126
4125
4126
4129
163 163 1531
4129
4131
4128
4136
4126
4075
4125
5309 3427 4425 4126
4136
4136
5712 270
1248 1479 264
5555
4126 2944
4126
4074
2797
2949
5297
4126
4126
5794 5940 6990 5940 2483 2464 6990
1531
5607 5840
6969
1944
3835 2901
6241 1689 263
4125
4125
2946
5875
4126
163 163
4126
4125
4125
3437
5628 1748 3875 5607
4125
4128
4125
4125
4125
6014 6346 2640 2180 6346 1743
4126
4125
163 163
163
4126
4136
4125
1533
4125
5750 1742 5749 1726 5747
163
4631 5632
4126
3510
4128 4128
4074
4126
4125
4115
4125
4126
4125
3517 4074
4112
2179
2946
2968 4112
4126
6970 5845 1837
2820 5622 6398 2966 2642
3338
4074
3510
6969
4125
4125
4125
163
4125
163 163
2968
4112 4112
4125
2946
4126
4126
1533
4137 6239 6251 6243 2534 6241
163
4125
2502 4103 4537
2946
4125
4126
4132
163
4112
2139 2139 2968
1374 264 1394 1116
1751 1547 1987 263 3418 3539 1987 2369 1751 5749 263 263 5335 5749 1987
709 608 674
2968 2538
2956
5765
1846
6320 6398 263 6668 2216 263 2825
4126
4126
4273
1699 4126
2363 2249 263 3899
1379 1116 264 1036 1391 1116 264 1379 1116 264
4126
4632 4136
4126
163
23 25 23
163
4126 4126
4128
4126
4128
263 6668 2633 5629 2797 6573
4126
3306 3307
4125 4130
4125
263 5532 6666
4126
21
1846
4126
4126
5522 4137
4125
4125
189 102 102 105 93
4126
24
4126 4074 5802 3405 3643 4434 3405
4126
2968
4136
4126
4101
4129
3892 4731 4264 3650 2797
4101 4132
5496 431 1120 1389 5631 1047
4126
4129
4136
4125
263 5747 3270
2968 4112 4126
163 163 163
4125 4125
4126
4112 4112
2628 6343 3922 3877 3309
1855 1615 1868 1262 1738 373 1304 394 1358
4136
4087
4126
4126
4126
1795 6722 1796 6722
5450
4104
1738
3261 1837 4217 3260 6974 6973 1547 6976
4129
2946
4126
4126
4125
4125 4125
2946
4125
431 717
4126
5625 6691 3381
4125
1825 389
163
2151 2946
721 6396 2306 6973 721
4125
4126 4125
2828
4126
4129
4125 4125
4112
2181
163
4126
4125
4125
104 104 104
5839 1685 1683 4112
4125
2164
1531
4127
24
2911
2944
4125
4126
4101
1759 6986 1759
4126
4125
4136 2968
263 2635 3438 6691 3438 6691 5765 3438 6691 5764 3437 6691 5764 3437 2635 3278 2635 6691
4133
5324 2283 2807 3650 3647 5284 2283 4263 4264 5284 5283 5672
4125
4126
1853
1716 5625 1743 1705
4125 282 283
869 264 431 1374
4125 4099
4125
1531
4125
2369 2602 2586 263
1862 1738
4125
163
2911
5806
1533 4112
4112
2968
4126
4126
4125
2949
4115
4112
1699
1248 1378 1116 264
6261
2930 4632
4126
163
4126
4125
6341 6792 3622 263 6346 4731 4583 263 6356 1395 6341 5772 263 1547
4128
4126
4103
4125
4136
4125
1622 1701 502 687
163
1740 721 1740 721
5925
163
1846 4104
2968
4125
4126
6174 5632
5471 608
163 163
4125
63
214
4127 4130
2946
4126
2944
4125
4125 1533
6703 2911 4125
604 676 721 1848 1737 6990 629 6985
4128
4074
4125 4074
1738
2363
4125
1967
163
4126
4125
4694
4126
4131 1712
1837 6969
3510
2528 1797 2539
2140 5720
4126
4126
3694
4074 4074
2137 4201 4131
263 3952 6395
1747 1746 3269 3559 1973 263 2281 6773 5630
2614
264 1121 1043 431
4112
3510 3024
4125
4129
163
6968 2585 720 5542 502 2579
4129 2691
163
163
163 163
3510 2249 1737 1622 1737
4126
4129
4125
3307 2631 3309 4433
4126
2968
4112
163
2717
709 1853 682 1738 263
4126
163
221
1532
163
163 163
163
2899
4126
1531 4914
4132
24 4137
4112
4074 2946
4126 4125
2911 2919
1374 1394
4126
163 163 163 163
4126
4125
163
4074 4074 6261
2369 2363 2633 5720 5721 3275 3275 6973 2369 5875 6971 3275 6971 3275 2368 3275 864 859 2369
2912 2911 2944
163 163 163 163 163 163
4136
4125
2983
163 163 163 163 163 163
4125
1532
163 163 6969 6369 5630 6069 163
3420 2769 3334 3510
163
5248 3261 3518 6985 263 1547 3261 6369 263 2528 3309 263 6012 4401 2527 263 2828 6369 6369 3561 2527 2405 263 2825 263 3278 2022 6670 5875 2336 2527 3509 6369 6990 3561 2527 263 1547 2527 6985 3643 263 6369 3509
5827 6013 2853 3874
4126
5214
4115
4899 3652
4125
3934 3275 5941
4125
1672 263 623 687 1738 602 1713 687 602 263 623 1128 957 1043 1052 263 263 6343 3623 6792 1131 1390 958 263 1052
1207 263 515 1868 500
2368 4632 4136 5638 4632 6822 6969 5638 6969
245
3899 2756 2762
4127
4128
4136
4112 4112 4112 4112 4112 4112 4112 4112
1531
3479 3214
1707 5941
2930 5829 3927 3891 2256 2441
4126
4125
4125
2239 5848 57 4291
4127
4081
6723 2258 4898
163
2940
4074
4125
4125
2951
3668 4537 4090
2287
4136
163 163 163 163
4126
4129
4076
4126
4126
4131
2944
163
3314 6722 4258
1871
4125
4126
163 163
2433
6722 3351 1776
4125
163
3302 1547 5749 3640 2325 5607 3880 3297
4125
1716 2970 2334 1716
4125
4126
2919
5213 3324 1757 5576 3298
2944
5026
2943 2174
4126
4126
4126
388 1532 1723
228
163
2968
2367
2944 2968
2968 4112
2166
1692 263 6851 2640 6691
2369
5329
3268 5917 3269 6632 5632
4126
4131
733 768 820 742 827
1813
5381 5380
5196 5197 5198
2944 4126
1547 5829 3404 1547 5829 3261 1547 5829 3258 4631 3258 263
6969
1547 5929 263 3391 5281 263 2751 263 4531 6668 263 4584 2249 4582 1547
4085
4125
2969
163
6009 5630
1699 1699
163 163 163 163 163
4136
2754 3298 2367 3298 3875 2797 2773 2367 3877 3261 2754 2367
4126
3652 3886 4216
68
4074
2982
3276 3275 2025 2756
1532
3510 6970 6855 3510 1836 1611 1836
718 693 721 1737
4126
2910 2899 2944 2906
163 163
1395 6356
4125
163
263 5740 3268
163 163 163 163 163 163 163 163
1113 1039 1388 1162 1042
3623 3622 263 3622 3510 263 263 5281 3622 5542 6356 263 3003 3258 263 3060 263 3623 3622 6342 263 3623 263 263 2997 3258 3622 263 263 3622 3024 263 3623
163
263 6320 6330 2275
163
1723 2369 1720 1723 1723
1771 1193 1177 263 1177 1771 263 1213 4420 3297 5344 263 1771 263 1175 1212 263 4420 1716
263 6365 6341 2333 1547 6346 2336 2834 263 4401 6343 1821 6343 6012 263 2333 1547 263 6012 1685 4401 4439 3536 4371 263 6336 6343 2333 6356 2336 263 6343 1395 263 6365 6343 2333 263 2333 6012 4731
1389 1054 1115 431
4125
2944 4074
2911
4127
4127
4125
4112
163
3379 1533 3377
4126
2968
6365 5764 6668 263 2216 263 3420 6398 2224 263 1741 6668 6365 3652 263 2778 6319 263 5875 869 5471 263 2631 3889 1986 263 2997 5764 4420 263 2797 1986 3889 263 2778 2759 3438 2750 263 1547 2643 3545 263 6668 3438 3637 2220 263 3420 2778
2375 2368
2634 2652 263 2645 2628 1547
7363
4125 6969 3882
4112 4112
2912 2965
6318 4437 5925 6284 1818 6318 5844 2797 4437
263 3639 4900 3921 4898
4126
2926
163
4125
4074 4074
4132
2624 6858 263 341 2773 263 3261 3261 263 6722 1547 277 6985 263 2325
4125
4125
2944 4136
4136
3509
4112
4090 4112
1750 3509 1795
2968
3559 263 2797 263
3894 2797 2834 2632
4125
1052 2440 1119 976 1060 1045 4218 6722 2946 4129 4219 2440 6722 2024 2440 6356 3639 1547
285 5625 5631
2825 2282
4273
1547 2229 3509 3882 5339 6855
1846
3886 3881 3642
4070
2946
5607 3877 5752
88
2300 2458
4126
4125
5945
5345
4074 4112 4112 4112
5126
2070 5632
4125
163
3494
2249 4908 1796 4136 3899 5282 1797 1547 6723
2181
4126 4125
4126
2944
2943
2369
2944
3876 2754 6723 5336
5752 263 3338 3959 4420 6792 5764 263 2759 264 3692 6668
4125
4126
4101
4127 4099 4112
4125
4104
163
5535 2943
4126
6266 2655 1931 1931 5925 1931 3411 5754 1931 5754 5801 5754 2655 5925
4125
4317 263 264 1123 959 1040
6399 263 6399 2855 2855 263 5607 6399 263 6399 2855 2855 5633 263
6659 5801 6659
4125
4074
163
263 2372 3510 5740 1983 263 3643 1547 3258 2749 263 3258 1983 263 3257 1547 3423 6346 5845 263 3438 2344 263 3622 2216 2997 263 3024 3438 6792 5328 263 2997 263 3086 3203 263 2997 3438
2583
4638
2368 5929 3986
163 163 163 163 163
4125
163 163
4136 3503
677 1615 602
4126
4112
4112
1304 1279 1264 373 1361 1738 1301 373 1308 1366 1258 1279 1262 1738 1366 373 1304 1279 373 1304 1738 1351 1279 1258 673 1855 1885
2956
4125
2946 4136 2908
3886 3899 3897 3268 3881 2369
4099
4137
1532 4291
4112
4129
2946
163
4132
4126
4127
6692 5941 4131
4112 4112
2366 2797 2634
4126
2956 2191 4128
5631
4127
163 163
2911 2522 5537 5929
4125
4126
163 163
163
4074
2968
4112
4898 3264 5622 3753 1547 2775 5929 1390 1043 1040 1133 940
4126
4136
4112
4126
187
163
4126 2944 4927 6679 4936
1967
4125 4099
6
207
4126
692 607 1672
4125
4125
1796 2369
3334 3434 4692 6278 1532
4074
1785
4127
4136
4125
269 1784 1792
1037 952 431 1133 915 6972 3424 5845 5605 1547 5845 6972
607 2329
301
6012
4074
4073 1837 4126
3274 2644 3274 600
4136
4126 4125
4112
4127 4130
3889
2944
2638 2826 1760 1718
163
4126
1782
26
4125
3638 3889
1474 1489 1467 1516
4125
163
2633 347
3273 2326
3509 3030 263
4126
2983
4129
5625 5839
5823 5823
4127
4131 4131
4125
4137
4101
3340 3086 1547 3306 2769 4899 3328 3510
4127
2946 45 2946
4127
1052 1119 263 952 1121 975 431 3351 1547 263 4439 621 263 623 677 507 4420 6398
4136
6854
1531
25
1379 1123 431 1391 1042 264 1115 1042 1379 1113 264 1388
4126
6266 2910 4125
1533
4081
163 4074
2203
2869 3260 2869 263 3259
22
2956
163
4069 4049
6796 1760 1668 4537
4126 4126
1419 1443 370
2968
285
4770 1695
4129
1251 1405 1252 1233
2968
4125
4126
5630
2944
4125
5845 5844 3881 1738 2369 2249
4125
20 2797 1707
2944 3814 6969 3809
163
4126
3637
5626 3926 3639 3882 2646
4125
4126
2755 2756 6896
4112
4112
4126
163
1532
4074
203
4128
4125
610
4136
4126
4126
4112
4075 6668 1844 2943 4126
6924 6318 263
167
4132
4137
2 4126
2631
4126 2970
4126
5535 6935
4125
4125
2944
4129 2369 1862 5214 721 1737
4074
3668 6709
5496 3276 3274
4126 4127
6976 6974
1738 2369
4126 4125
4125 1532 2943
4074 4074 4074 4074
3952
4126
4112
6722 6722
2946 4136 2182 4136
163 163 163 163
4126
1840 3414 5920 6398 6414
4126
263 3536 3643 263 3008 3009 264 4264 3536 3644 3008 3643 263 4264 263 3536
6796
4112 4126
4126
4125
4126
3520
3898 2261 264 6722 3889 2259 263 6722 3922 3889 6723 263 263 3306 3922 6723 263 3306 3922 6723 3924 263 3889 6723 3889 3923 263 6723 1041 1119 955 970 1388 264 1041 1388 264 1394 1119 3120 263 3952 1394 264 1119 1041 1388 970
4127
3924 3545 3265 2375
263 5542 5839 6356 1395 263 5839 2851 5941 1547 5542 5839 263 263 5839 6238 6239 2376 5839 1547 6238 263
126 174 5 408
4126
1547 3351 263 6995 687 504 677 263 602 1885 4420 263 1547 6398 3351 4429 263 1547 677 1738 518 625 263 504
4125
163
4126
163
716 1111 1043 1388
5468 3915 6855 3347 2375 2635
5941 6369 263 2369 263 6369 5941 2369 2369 6369 5941 263 264 6369 5941 2362 6369 5941 2362 263
2585 5633 3881 263 6574 2857 2502 407 1234 2585 2764 2631
693 1672 263 838 602 718 677 1868 263 1738 1615 431 1131 264 1043 1116 1374 1622 263 507 1868 602
6270 1759
4126 2911 2912 2946
2620
163
2405 2745 263 3971 3970 2390 2392 263
2326 2252
2755
2460 4125
1531
2633 263 3637 1683 2755 5928 2635 2633 2369 263 1683 2369 2797 263 3261 4554 263 1760 3968 2762 263 263 2633 4554 4374 6969 5768 3889 263 6969 263 2362 2628 263 1693 4554 1683 5928 2369 2851 263 3654 2632 3374 263 2635 6969 1760 5431 263 1760 6969 263 2369 2249 2797 263 1683 1760 5630 263 4631 6990 6988 6969
4130 4132 4130 4132 4130 4132 4130 4131
163
6935
4056
4126
2258 3963
2207 263 3261 2211 3261 2207 2207 263 2202
4125
1531
4074
4127
1777
4533 2202 263
163
2873 1374 6553 1381 3510 1400 5633 1685 869 3510 1685 1531 2249 2646 5746 3510 2621 2250 1685 1190 1175 1174 1215 1195 1220 1740 3510 6794 2249 5746 1547 6729 3265 5281 3261 3510 3882 5584
6297
4074
3753 3915
163
4126
770 795 824
4136
4129
5844 3423 6990 5844 263 5801 3423 263 3876 3911 2833 1820 263 6252
2833 3315 3509 2833 3294 3509
3876 2350 263 1395 5841 263 6356 6969 263 5752 2835 3509 263 6356 2224 263 6343
163
2934
3035 1759
4125
5807 264 602
2949 4074 2944
3911 3875 2366 1774 2362 3299 3298 2366 2756 3275
1531 3298 2240 6569 3652
3420 4631 3404 1547 6589 5632 818 792
3203
6329 1791
3509 3278 2220 6850 263
6796 6796
4074
1971 3765 2797 6841 263 3261 3651 2797
4131
