4126
2968
4074
2968 4104 4104
2946
4074 3900 3510 3022 3894 3035 3115 4074 5623 5929
4125 4125 4112
2723 2321
2369 4434 4101
2899
2755 5941 2578
1716 5295 3878 1836 5752 6970 3881 3882 5632
2369 6242 1750 3875 4112
4112 4112
2764 2817 2363
4104
163
4112
4074
2410 3903 3922
2946
4101 4112
4128
2946
3881 6969 1703
4112
4112
4125 163
4125
163 163
4125
4126
4131
4126
3347 3914
5451 5450
4125
4126
3158
163
4099 4112 4112
163
4126
5452
4126
4125
4126 629 682 1672 1164 682 607
4112
2140 6709 2911 2894
6
4126
163
2968
4129
4112
1548 5078 5079 3450 1548
163 163
1720
2944
1532 3379
4112
4112
4129
4136
4126
4112 4112
4136
3298 5840
163 163
2946
4063
4112
5806 6976 881 1036 2635 1474 1063
2934
4074
6324
4112
2968
4126
4126 4101 4101
4074 4074
4112 5839 4112
4125
1533
2857 4126 6722
2968
3374 3510
4696 4112
4125
4112
4125
1622 1738 691 608 526 450 1861 451 1738 721 1738 1777 1871 1738 1777 1777
163 163
4112
4632 4112
2946
4132 4087
3120 3509 6395 2283 6392 3509
4074 4112
4112
4074
4126 4126 4136 4136
4125
4112
57
4126
4112
4125
57 57
4074
163 163 163
2944
4099
1532
1738
4049
2946
4112
163 163
5847 3881 3268 2723 2368
4126 4126 4125
163
4126
4126
4126
57 57
5846 1382 3273 3640 5828
4126
4126
4126
3877 3323
4125
6723 3894 4904
3510 2946
4125
4112
4126
163
2945
4126
4101
3275 3509
2956
4112
2968
4112
5802 3930
4125
4115 4127
4125 4112 1533
2943
4127
4126
4112
4125
4131
4112 4112
4126
4125
4112
2946 4136
4127
163
3881 3875 5752 5607 2441
3510
204
4126
2168
4126 2683
4112 4112 4112
163
4125
4067
4132
2369 4770
4126
4125
2970 1695 1807 1807 1815
4112
4104 4112
1669 1622 693 1737
2181
57 228
2930
4126
4125
4126
4129
4126
4125
4126
4112
4125
1716 2210
4126
4112
600
394 373 1264 1882 460 1352
4126
3952 1796
2912 2375 1208 1167 1224 431 705 438 414 1213 1167 4112
163
4112 4112
3509 3509
4074
4112
6409 6012 3881 390 6012 2540 1826 1826 390 2797 2366 2631 1047 1391 1128 431
4099 4131
1862 5847 721 2873 1871 1622
3882 3510 4434 3875 6313 3340
4125
3510 3510 1751 1716 2946 4125 5213 3510
4126
4125
4112
4112
4316
4136
5269 5272
4118
4112
5562
4125
4112
4074 4136
3510 4126 3510 2946 3510
4112
4074 2956
4112 4112
2970 4063
4125
4127
3294
4112 4112
2633 3264 2255
4136
1132 1039
2968
4908 3307
4125
2946
6239 2241 3320 6723 2237 6239 2628
163 163
2946
4126
4127
5772 5772
4126
5607 5335 6855 6392 6315 6012 3877 4304 2797
4112
4126
534 688 611
4069
4129
6970 5338 5337 6970 1777 2778 6970 2631 2363 5772 5828 6346 5328 5841 5328 1836
4126
4291 3386
4112 2968
2640 3374
3881 4217 5749 2782 2862 3438 5298 4525 2326 3165 5976 3439 2682 1547 6971 5229
6904 1547 6921 2727 2769 1379 2367 6921 6921 2367 5752 6921 2631
3668 4126
4112
2946 2949 2946
4126 4126
4126
5917 2862 5840 2390 2275 5172 3022 2862 5917 2390 5796 2777 2211 3271 5172 2862 2528 5917 5796 2211
4112 4112
4125
4112 6734 1987 3338
1531
4112 4112 4112 4112 4112 4112 4112 4112 4112
4127
4126
4125 4112
1950 6723 2362 1718
163
696 1713 674 610 502 602
5522 2368 2806
4112 4112
5634 2726 4803 5496
4112
1622 1862
4136
4112 4126 1670
4518
4128
4125
4126
4112 2970
2968
2970
3274 2363 3877 1047 1126 1387 1111 1043 431 952 1044 5640 5769
1980
1930
1807
608 1868 1164
2970
4112 4074 4112
4125
4074 4125
4126
2317 2325 2820
2634 3320
2944
6711
4125
4126
2956
4126
4061
163 163 163 163
285 4069 285
4112
4125
2946
3952
5522
4127
4125
4074
4127
4126
2946
1388 431 1047 1119
4126
4131 4131 4131 4131
163
4125
4132
4663 2764 1760
4126
3833 2970 1699
4126
4177
4135
2946 2946 4112 4136
4104 4112
4112
2946 3408
721 1862 2725
4127
4126
4126
4112
2797
5067 1738 5625 1707
2946
4074 4126
4074
2210 1708
4126
1622 693 1871
2634 2944
4112
2214 4126 4112 4112 4112 4126
163 4618 3273 2777 2584
4125
4127
527 611 688
1776 3343 1718
5839 5580 2369 1390 1111 1042
4074
4126
3889
4125
4112
4112
4126
4125
4126
4125
4129
4126
4125
163 163 602 678 1164
4125
2901
2366
4074
2946
827 1549 1559 1564 1552 1554 1549 1552 1567 1564 1550 1568
2956
4127
4112 4112 4112
4126
4126
4126
4125
4125
2946 6619 6396
3877 5773 2797 5640 6723 6969
3851 3870
4127
4126
4126
4125
2459 1750 4112
163
4115
2134 4101
2968
4101
2797
2921 2898 2970
4127
2828
4127
4119
5875 1836
4408
4125
4125
4126
4112 4112 4112 4112
1824 6935 1824 2754 1703
3823
4112
4129
5192 5183
4136
4126
4129
1 4112 4112
4126
2968
6320
4112
2968
4126
4112 4112 4112 2946
2461 2214 5830 6346 5581 5826 2578 2528 6336 2466 2502 2617 2225 1699
3379 2946
5613 5633 5629 5632 611
4119 5522
4104
4126
2968
961 1039 1120 1394 1119
4074
2944
5468
2956 4112 4112
2945
4112 4112
4087
4126
4126
4126
4074
3298 4712 5530 6990 3409
4112 2911
4112
4112
4126
4074
4112 4112 4112 4112 4112
2968
4126
1868 534 500 608 676
4112
4112
4125 4099
4125
4126
1532
5531 2296
4126
4112
3509 1761
3503
4112
163
4539 6332 2584 1776 2903 2899
2946
6379
2764 3647 3952
163
4112
2363 1738 1669
4125
4439 2832
4112
1837 6972 3926 6972
4126 2901 2911
4125
6895
4112 4112 4112 4112
4012 2998 3649 3374
4112
4126
2210 2210 3510 2210
2362 3725 3740
2946 5624 5875 6402 2968
4125
4104
2970
6346 1532 2369 2220 4218 3880 2755 1526 6568
4125
5844 6792 5606
4126
4126 4112 4112 2956
6313 3273 5672 3426 3320
204
2968 4112
4087
6013
4103
163 163
4126
4112
204
2901
4125
4126 4112
57 57
3309 4335 4311 4277
2970
4126
213
1797
3640 3045 4663 4759 6396 2602 3414
1751 2859
4128
4125
4126
4125
4100
4087
4103 4632
4129
4303 6013 3910 3274
4112 4112
1162 1043 1046
3405 2502
6402 3869
2946
2912
5372
4126
1680 4724 2855
163 163 163 163 163
4112
2180
5840
3644 3274 3509 3923
4101 4130
4112
4126
4126 4126
4065
4126
3477 1476 1474 1520 1468 431 1394 869 295 876 3510 431 883
4074
4112
163 3377 163 163
4126
8 3 6 5 3
163
163
6250 2930 1796 1797 2362 1796
600 1162 869 4112 3881
4136
163
5827 2369 4074
4112 4112
2946 4112
4126 4128
4125 2946
3914 2764 5827 1785 3320
4125
1715 1716 1532
4126
632 667 1858 6392 2275 5975
163
4074
4131 4131 4131 4131 4131 4131
6326
163 163
4129
3423 3510 3891
163 163 163 163
2578 2374
4129
282
2180
4126
4074
4131
4125 3510
4126
4112
4070
4132
4280
4125
3
4125 2191
2851 2797
2968
2946
4126
4127 4099
2452 2452
4125 4112
4127
4126
64 63
6723
4125
3758 3922 3334 2375 3509 3753 5098
4125
1669 1738
1622 721 1738
2797 2720 4945 1693
350
4125
4125
4104
2216 2834 2835
4126
4125 4125 4125
6242 389 1698 1825
2946
4099 163 4099 4099 4099 163
4112 4112 4112
2968
4125 4112
4126 2946
4125 4099
4129
4125
3275 5339 2873 1547 5977 5335 1779 2527 4218 3877 2362 2603 3509 3881 2286 2817 5980
4112
6278 3819
4131 4126
1530
4126
4126
4126
4127
4126
4126
2968
4132
3637 1547 1795 3921 5295 2969
5521 6713 4797 4799 4129 4799 861 2706 865 847
1
4125
4112
2362 2820 3309 2241 3275
4112
2968
4126
2970
2946
4125
4132
2943 4112 2943 6836
4125
4098
2635
163 163 163
4126 2946
3320 2946 5335 2764 2755 600 5335
4126
163
2797 2944 4112 2367
2947 2946
4112 4112
2948
2946
4112
2806 3463 6969 5975 2633 392 2410 4664 1797 2806 392 3275 3463 1548 2410 3976 1853 5772 2210 5925 1807 4805 1797 5752 4797 3463 1760 4291 4462 5713 3444 4101 1807 1797 2930 5713
4126 2944
6990 6346
4687 5752 3882 2024 4217
163
4125
4136
5468 4126
163
6112 1532
1531
4125
1531 6112
4126
4126 4126
4112 4112 4127 4112 4112
4125
2970
2946
80 14 84 181 85 196 5 79
4112
6578 2946
4074 2956
1043 431 1379
4125 4112
4125
3494 2946
3494
5634
4125
4112
1743 2245 5607 1547 3881 2255
163
3705 2792
3260
4126
4126
4126
1531
2919 2912
721 1622 1759 1622 721 721 1871 2908 1759 4126 2144
3243 5077 7138 1547 4582 3224 2369
502 1701 2368 682
4126
5483 6666 3170 5499 3882
4126
1686 1820 1795
4125 4125 4112
4112
4127
3957
4175 2797 5827
4125
4112
4125
4126
5871 2946 4112
5628 2224 6366 6251 1791 2265 2362
4125 6698
3517 6848 2138 1777 3517 5556 6264 4121
4074 4112
4126
2970
4638 4136
4126
2901
431 1391 1063 1120 611 535 688 1862
4128
2363 1695 3622 610 1672 2723 674 5573 1615 2727 5806 3510 607 6971 1164
5625 5623
4112
255
4074 4131 4112
4518 5633 2946 4074 4632 3834 607 699 502 5633
163 163 163 163 163 163 163 163
4136
4129
6668 2540
4541 376 6797
2970
4112
221 4103 6831
4112 2475
5324 2806
4070
4090
4112
4132
2956
4112 4638
4125 4099
4125
2970 2956
4125 4125
4126
3477 3911
4126 4112
4074
6891
277 3477 1553 277 1565 1550 1549 1564 277 277 3320 277
4132
4125
4129
163
507 3509 682 608 721 507 721 681 632 688 4126
2368 1862 3418 2368 2643 1738
4126
3493 10
4074
2181
4125
4126
163 163
4112
2946
4126 2968
4126
692 608 511
2797 3445 2461
6558 1533
6318
1391 1043 1379 1119
4136
4112
4126
4112
2968
4074
4126
4126
3872 4136 5975 3291 6850 3288 3200 5938 5699 2945 4112 4112 4112 4112 4112 4112 4112
2968
6723 2769 6969 1547 5496 3642 3911
2949
4126 4112
4137
2968
2947
4112 4112
4125
2969
4126
4136
2946
1533 6143
4126
6259
4112
4126
4098
4112
6689 5941 2249
4125
2968
4126
6267
4126
57
13
4127
2946
4112
163
4129
163 3753
4125
1
4125
4103
4087 4112
4126
3509 3509 4529 3509 4403 4529 3509 2944 3509
4112
4125
4112
4126
2759 3875 5640 2578 2369
4125
4112
4125
4125
4125
4125
5294
4099 4101
4126 4070
2954
4126 4112 4112
1937 4112
163
4126
2321 4764 2459
5532 5532
4127
2970
2617 2414 2414 2414
2367 3887 3912 3269
163 163
3782
5141
4101
4136
4112 4112
4126 2970
1846
2912 4112
3201 1615 5629 608 686 2369
2946
2946 4074 4065
4125
2726
5531 2781 5335 6985 3910 2968 5884 5977 2368 6668
4126
4112
4101
4104
1826 1695 720 1615 678 610 390 1826 2208
2368 4103
6378
4126
4112
163 163 163
4131
24 24 24 24 24
2969
163 163
4126
6520 1531
2968
4127
4126 1836 1694 4126
4112 4112
4126
4126 4112
4126
4112
4126
4112
869 431 431 4434 1128 1062 970 3261
4112
4112 4126
720 611 687 1848
4136
4112 4112
2947
4112
4132
2797 263 3952
4112
4126
2946
4125
4126
4129
4125
4101
4807
2589 2214 5302 2326 6395 2326 2589 5283 2214
4126 4074
4112
4126
4126
4101 4112
4126
2946 3499
2479 2530
5213
4112
4132
4112
2956 4125 4074
1533 2966 4112 4112
4132
4125
1772
4125 4125
4112
163 163
4126 4126
4125 4125
4131
4125
4112
4126
4126
2779 3278 4631 3510 3878 2797 3306 5772 607 2797 612 3510 2578
3079 3510
169
688 1737 1871 688 1737
4132 2182
2970 2946 4112
4126
4103
4125
4127
4112
163
3275 2366 5628
163
4112
4112
5945 1549
4125
4129 4129
4129
4112
4115
2946
4126
4125
4112
4126
163 163
4126 2946
3
4112
4112
4533
2946
5246 264 6855 2646 6236 6250 5640 3559 263
4127
3307 6972 6970 3269
2945 4126
3668
163 163 163 163 163
2946
163 2968
1615 1164 2817 5829 5829 2249 4525 2369 1615 1615 1855 688 1615 1615 534 4914
4126
4088 2946 4126
228 228 228
2946
2956 4112
3878
8
4112
4127
431
952 1381
4112
460
163
163
1759
6855 3509
5809 6722 5806 5810
4125
4127
3278 4112
6371 1693
4112
4127
2912
4112 4112 5945
4136 2970
4125 4112
1389 1042 1128
4076
2946
4126
4125
4136 2970 1699 4070
4126
4125
2946
4112 4112
4125 4112
4125
4126
6722
4125
163
163
2597
1798
2968
2970
163
4129
4125
4126
3264 1751 2833 3537 1767 1531 2832 2833 6141
263 3889
4125
163
2797
4136
2970
4115
4125 4099
6326
1669 1738
4112
4112
3882 3273
4125
4127
1531
163 163 163 163 3018 163 163
163
4112
4075
4074
4136 4112
4112
4125
721 1738
1547 6012 3881 3882 3919 6988
163
4112 4112 4112 4112
4112 4112
1785 389 5980 2432 1825
3869 2480 1670
4112
4125
1846
4112
2210 1855
1532
57
2946
4112 4112
6722 3298
3022 3873 3875 5607 1795
4112
4125
3890
1944
4127
4126
5941 5929 2754 2754 2362
4126
4126
163
1715 2911 2912 5534
4125
2946
2970 4126
4126
2216 3510 5828
5941 3882 1547 3881 1785
2968
5607 5827
2970
721 1737
1699
4126
4126 2968
4126 4112
4112 674 1615 1855
4126
4125
1532
2968
4125 2970
2726 5246 4218 2584 3639
1622 838
4126 4112 2946
4074
163 163
3294 3274 3415 5746 3753 3743
163 163 163 163 163
3638 5752 3298 2578 1547 3926 5607
3510
4112
4127
163 2968
1937
3269 3899
4129
852 752 5607
4125
4125
4126
163 163 2631 721 163 1622 721
2946 2459 2899 4049 4126 3
163 163 163 163 163
163 163
4135
4126
1116 1400 1043 264 881 1394 1374 1378 264
1362 373 1882 1278
3020 142 180 6722
6895 5534 1685 5537 5529 3952 3899 1685 2946 631 5941
4112
4125
4128
4104
4112 4112
4126
4076
4126
4112
4136
7041 263 4533
4878 2452
2968
163 163
4125 4112
3408
4128
4112 4112 4126
57
2946 6711
4100 4112
4112
4109
4104
4125
1853 689 504 1738
5297
4126
4440 2643
163
4125
2946
4125
4112
2946
6379 2968
2134 4129
4112
3268 1547 2797 2755 1704
2540 3275 2578 2764
4112
3412 3412
4125
4404 6961 1777 2527
4112
163
4126
2946 4126 4112
493 469 1222 432 413 1855
1685 2479
4136
4713 6336 3881 2797 2797 4712 3320
163
4125
2946
4125
4112 4112 4112
4126
3414 1853
4126
2912 4632 4136
2362 4631 1547 2754 5640 3268 2317
1062 1130 1119 1047 962 1391
4112
5569 1531
4126 1816 2919 2186 4632 6710 6712 1533 6437 2946 1816
163 163 163
4112
4126
3517 2681 3517 4112 1685 4112
4136
2968
4112
4112
4126
163 163
6158 3668
4125
2936 1855
4126
4112
4125
5544 1747 3510 4126
6107 1531
4125
4125
4136 2946
2946
4617 4616
4112
4125
4112
2210
4126
163
6712 2910
4125
2369 6346
4112 4112 4112
4112
4112
2970 4131
4126
2946
4125
4125
4125 4125
163 163
4126
2946
4112
163 163 163 163
5754
2946
4137
3297 1742 2643
6703
2946 2949 2970
4125
8 19
4112
4125
7283
5468
4125
3833
4112 4112 4112
4112
163 163
4125
4074
4136 4126
2776 4663 2326 5531 500 2776 4663
4112
4074
4127
2968 4112
163
4112
4126
4126
4112
4112
2940
4136
263 2631 5845 1704
2
2921 4074 3976 4070 4136 4127 4632 4136
188
4115
4067
6792 263 2640 5628 6342
163
1532 4431 2779
4125
693
4125
2970
4125
4074 4104
2970
4804 4128
4132
608 602 602 608
4125
3306 6969 3334 854 2870 3647 349 6318 3141 3477 6336 3509 5058 7359 5829 3889
2946 4126
4128
4125
4125
4126
4126
4126
2946
4112 4112 4112 4112 4112 4112
4125
4112 4112
4125 3962 6722 5372 4292 3265 1741
1133 958 1065
4126
4074
2926 2583 2894 6282 2930
4112
4112
4125
4125
4457 600 4479
4112
4085 4125 4112
2968
4125
4112
4125
2970 2174
4112
3829 4126
4112
6569 1538 6569 1532 3404
4112
2946
163 163
4125
6012 5738
5806 4136
1825 6405 6319 389
4125
169
163
4112
4112
4126
1784
163 163 163
4127
4112
4112
4125
838 693 446 1622 263 2807 2825 263 6013 1374 869 1116 264 1394
270
163
2946
163 163
2946
2147
4132
4112
667 610 1164 1391 1047 1128
4126
4126
4137
4125
4112 4112 4112 4125
1738 687 528 1855
608 3260 2369
4126
4126
4126
4112 4112
1531
2946
2968
4125
4125
4129
2970
4112
4125
4136
2210 1682 5610 3203
4126
4074 2956
4129
4101
4112
3509 1622
3086
3267 3637 3747 1547 2628
4125
4126
6295 2640
4126
1699 4136
4125
4125
163
5625 6320 4439 6014
163
2631
4126 4127
4125 4125
4129
2648 2458 6284 2946
4125
4126 2968
4126
4126 3892 4112
4112
4126 4112 4112 4112
4125
263 828 795 827
2969
2946
2968
2970
163
3922 5928 3882
720
4112
5622 5329 2286
4127
4137
4127
4074
2369 6241 6704
1820 10 1685
4112
4125
4112
2968
4528 2210 4531 5496
4126
4688 6723 5640 3306
2970
4125
1107 1066 1119
4126
4126
4125
7286 2817 7278 1374 1116 1394 1040 1397 1248
4537 6358 4537 6969
4112 4112
4125
4126
4112
163 163
4112 4112
1776
4125
263 3878 5531 2631
1474 1467 1482 1522 1478
4112
3297 1777 3321 3298
4112
2764 3898 6723
2203 2797 263 2369 263 1547 1733
1813 263 1791
4126
4112
4126
2369
1374 264 431
4103
1846
4098
4112
4126
869 1378
1699
6242 1796 263 263 6410 5848 431 1116 881 264
4112
4125
2640
3933 3922 3921 3639
4127
4128
2946
23 23
4126
4125
4067 2949
4125
4074
6392
2181
4074 5596 4112
5584 2835 3877
4112
2968
2187
2949
2613
4125
4126
2773 3340 3323 3899
4112
4125 2968
1825
4125
1743 1394 2321
4074 4112 4112
4437 1776 6295 2725 3753
2944
4112 4112 4112
2970
6971 2912
2968
2970
3307 3274 2797 4112 2835
4125
264 1120 431 1043 716
163
2946
57
5578
4126
4112 4112 4112
4132
4126
4126
4126
4126
4126
2134
1853 688 1615
163
4127
4125
4112 4112 4112 4112 4126
4126
4126
4132 4112
3509 3273 2249 5630 1873
2946
231 231
4112
176
1387 1479 1119 1039 1046 1110 1162
4125
6894 2930 4087
163 163
4125
4126
2946
4126
1855 1615 2797 1868
57
4112
2946 4112
4126
4126
2946
2631 3306 2756
1795
414 440 1222 431 705 3622 6971 1785 2208 285 4136 1532
4135
5765 2754 4035 2241 6976 3877 2631
4125
4554 263 1715 5345
3309 6014
4112
4129 2946
4067
4049
4126
2946 4125
203
4112
263 2585 3986 2296
2584 3649 264
5012
4126
4125
4136
6969 4137
4112 4112 2946
4126
1871 602 4126 4135
4112
4112 4112 4112
5985 1532
4099
6372
4112
163
4112
602 683 718 1702 500 263 1604
392 3463
2970
1531 1531
104 104 104 104
610 163
4104
4125
4126
4125
4128
4125 2956
4112
4125
4112 4112 4112 4112
4136 4112
5764 3744 6691 3744 6855 2635 6691 1547 3873 2635 3744 6691
4126
3275 3510
5807 5638 6014 5607
4126
2946 4126
5631 1716
3889 4437 4125
4126
4136
3334 2369 5532
4125 4099
4136
4112
4074
4125
2642 1394 2578
263 3752 2445 263 2445 3752
602 263 500 1868 1885 2586 3637 263 2587
1663
4112
163 163
4073 4112 2970
4125
2862 4076 5324 4218 2946
2946 4126
2946 3491 5528
721 1738
4126
4112 4112
1846
4125
4131 4131
4126
1703 263 6369
1825 1738 389
1699
2968
4125
2970
721
4125
4112 674 507 604 602
4125
4129 2134
263 6342 2220 6668 5845 6346 263 2220 263 5875 2275 263 2225 3120 6346 2834 6341 263 2851
4971
4136 688 502 1701 688 500 460 1707
6796
4136
4218 6969
4126 4291
4136
4112
4074
4125
4112
1846 4081
267
3693 3267
4112
4126 2946
163 163
4112
1622
57 63 57 63 57 63
4132
4127 4130 4112
4112
4136 4136
4112
4112 4112
4125
4125
4112
431 1042 1389 1121 1042 1394 952 1121
4126 4098 2134
2946
6723 3307
2968
4126 4112 4112
6302
4332 263 4581
4112
4126
163
4112
5806
4281 2970
1716 1716
2966 2946
2946 2956
5935 2852 3415 4112
4112
4112
5747 3882
2970 4125
2578
6969 610 2769 1853 2773 4433 6700 6703 6705
2946 4112
4125
4112 4112 4126
4126 6278 4074 2911
2321 5748 2524
2930 3510
2968
4112
4125
4112 4112
2970 4126
4112
2968
6320 263
4112
1707 3719 3510
4540
2968
4099
2184 163
4049
5754
4112
4112 4112
4112
7374 1746
4126
163
4125
4126
1737 1622 635 692 1853 517 1737 1622 1622 1737 1622 1737 1862 1622 2250 1737 1862
4125
4126
4129
4125
4126
163 163
4125 2970
5941 3298
163 163 163
163
4104 4112
4125
4112
5925 1704 163 3259 2797
2946
4129
4125
5935
4112
1120 1388 1047 1394
4074 4074 2970 4074 4074
4126 4125
4126 4112 4112 4112
2968 4112
163 163 163 163 163
4126 4112 4112 2968
4074
2968
4126
4074
4126
5672 3278 2779 3414 4303 1740 1862
414 1195 1205 1215 263 705 441 1224
3275 6971 3408 2208 861 2073 4258 2208 3275 2797 1533 5607 2504 2146 2797 2504 2504 4422 3276 285 6969 3276 285 3276 6969
4112
163
4132
163 163 163 163 163 163 163
5765
2943
4125
4112
4125
2936
4514 263 4514 263
163 163
4128
4129
4112
4126
4125
4533 3927 2631 2368 1547 6346
4112
4125 4112
163
6722
4136 4074 2946
2440 2405 6012 263 5843 5626 2466 263 5532 2216 5841 2287 263 2405 4420 263 6369 1547 5941 6356 2031 2527 2405 263 6986 6985 2527 6369 263 6395 3278 6012 263 6369 2031 6012 6369 2825 2031 263 263 2723 3049 3278 3643 2031 6858 6012 3049 1374 870 1124 431 1379 2466 5584 3049 2527
4125
4125
4126
7318 5622 2083 1703 2084
163
2968
4136 4112 4112
1162 263 1391 1042 431 1111 716 1130
4126
1672 468 1868 623 602 687 1885 263 623 602 678 1850 1043 1128 1052 1546 955 602 263 697 1164 6343 3623 263 1615 263 602 697 605 263 3309 6850 6969 3694 263 6410 6320 6343 3623 5829 263 602 1858 699 936 881 263 1119 1062 6320 3623 3404 263 1044 978 936 263 1117
5648 263 5632 6346 263 6365 718 1885 450 263
2946 2901 2906 2146
4632 2944 3509 5638 2368 5826 2023 5623 4632 2368 4632 4136 1807 2368 2922 5826 4632 1533
2909 5557 2918 2185 6713 4112
5450
4112
4112 4112
2759 3261 1531 6113 6969 163
4074
1846
3347 2375 4112
4125
3878 1531 3268 6670 4464 2461 3268 4112 2461 3878 5607
2334 3309 4711 3298 2334 3273 3203 2643 3298
4126
1394 6723 3420
6397
4126
4131
1374 431 2368 3875
4125
5530
4126
4126
4125
4136
2930 2265 6992
1531
2141 5537
163 163
4126
2130 2585
4112
4126
163
6266 4125
4131 4131 4131
4112
1738 1772
4125
4125
4126
163
2968
4112
5943 4222 4812 5936 2321
163
6855 1813
3201 5941
2951 2946
2956
6969 3309 3320 5941 1533
5770
4126
1819 2008
270
4125
2371
1846 1846
4125
4074 4126 2946
4137
4081 2945
1712
5925 5941
4137
2943
4112 4112
4126
2481
4112
4125 4099
4125
4074
1531
2640 6969 263 1547 6851
4132 4130
6333 2369 5645 4112
5929 4130 4135 5929
4137
4126
4134
2946
4126
282
4125
1508 1523 1119 978 1107
4125
4112
1532 6086
4125
3261 1547 4631 263
6971
263 1547 5929 5928 1547 1760 2652 263
716 1047 1063 1120
5449
3981
5630 263
4125 1699 1699 1538
163 163 163
4
2911 2186
2366 3880 1698 2756
4131
2946
2946
2851 6336 2368 2214 6410 6723 263
4127
4125
2968
1836
2241 4426 1862 3877 1862
4125
4125 4125
4112
4125
2180 4074
163 163 163 163 163 163
263 3922 1986 3873 3623 263 263 3622 263 2781 4439 263 1547 3622 3623 263
163
163 163 163 163
95
4125
4125
2369 1706 2369 1706 6985 2369 1706
1771 1212 263 1177 3297 3510 263 5344 1771 1175 263 1212 263 4420 3297 1175 1225 1771 3297 263 6239 1219 1193 1175 1177 263 1771 1210 263 1547 3297 5344 1715 263 1220 1771 1177 3297 5496 263 263 1224 1177 431 1771 5496 3297 263
5530
3510
4126
4127
4126 4125
4112
4112 4112
1737 2583 2855 5640 2855
6330 2578 6346 263 6396 2806 6346 263
4126
1533
4126
1547 2220 263 3420 5829 263 6348 2778 2759 6359 2459 2525 263 2220 263 5829 6365 6670 263 5875 1820 6396 263 1821 1685 1779 263 2220 2825 2216 602 1858 692 263 529 6668 263 1820 6341 2538 1547 263 1704 4998 263 2997 6792 3559 3391 2587 2725 263 2296 2583 1779 6346 263 263 3889 6971 3309 263 3647 2363 1547 263 2825 5829 2214
4125
1748
1474 1467 5941
163
4136
4137
4126
2968
4136
5825 4694 2968
4069 6951 6711 6712
4125
163
2946
4125
4125
3408
721
4125
285
4127
4125
3637 269 2440
2366 6800
1128 961 1042 938
4126
3408
5521
6723 3324
163
4136
2968
4112
4074
1532
2948
1547 2440 2773 263 5246 5934 2440 263 3261 341 263 1547 2326 2440 277 1988 2585 3265 263 263 1547 2326 5770 341 4536 4762 263 1988 3265
766 724 824 500 4631 687 609 1738 2374 3106 2644 2184
4049 4112
4112
4125
3307 3306 2776 2538
3510 5801
4126
4104
4136
4126
4126
4127
5808
4087
169
4136
4112
4694
4115 4115
4125 4099
4081 4112
2224 6722 2237 869 431 1374 2368 1248 431 1410 6723
285 4112
5640 6990
4127
4126
4582 3334 2644
4136
4127
4126 4074
3959 2321 1738 3336
5925 674 4219 1615 2777 2956 5339 3622 610 5847 1738 4112
4128 3298 5935 4711
4126
4074 2180
4125
2628 3652 6722 3267 1695
2461 5632 3892
4131 4126
2949
4126
4126
4074
2946
2956
2956
4126 2970 4632
2946 2944 4074 4126
2970
2945
4137
4063
4112 4112 4112
4126
3647 2440 2130 3376 3892 3647 3930 3929 3647 3892 2440 3376 2130 2130 2440 3376 2754 3270 3877 2631 5336
4126
4126
1615 610 674
2946
431 2368
4136
2946
163 163 163
4125
2946
4131
4112
4112 2968
4127 4099 4112 4112 4112
4112
3536 4584 5828 3261 2024
163 163
6259 2734 5608 5754 2936 1931 5623 2797 3509 1931 5801 2640 1931 1931 2907
1410 431
4523 3137 263
1751
4126
629 1615 1868 263 263 4839 1796
2211 2855 263 6399 263 6399 2855 6986 2855 263 2855 263 5607 2855 263 6986
6659
4125
4112 4126
4125 2857 3255
4099
2970
4289 263 4290 1785 5640 263
3622 3405 3420 263 2997 263 3438 3425 3405 5845 263 263 2997 3086 6668 263 3120
5827 5631 4125
6296 2365
24
4130 4131 2926
3510 1615
4112
163 163 163 163 163 163
4125
5531 4126 6014 4404 2490 5118 2486
163 163
6259
2754 3877 2764 3900
4126 4130
2968
127
163
1615 1855 674 674 600 502
4126
4125
2369
61
4112
4126
4074
2369
4126
45
4112
4129
2970 4112 4112
4125 2944
4126
6850 4112
4126 4132
2409 4070
4125 4099
4126
4127
6711
5470 2134
4136 4112 4112
3298 5941 5925
4112 4112 4112
2366 3273
4125
163 163
5564 535 1858
163
5945 3309
4125
2946 6075
2363 3849 6691 5929 5929 2326 5844 3719 3765 2225 5929 2326 3753 2775 3264
3509 6723
4125
1615 1737
4074
67
4125
1846
4112
4126
4112
4125
4307 2241 2775 3878 2726 3638
69
4128
4112
4136 4126
4125
4125
4125
1937
4125
4099
4126
4125 4112
4074
2207 2132
163
6441 4126 4125
2681 1 4186
1262 1361 1305 1328 1738 1284 394 373
4126 4125
4127 4130
4112
4135
1131 1117 1047 1054
4131
2628
4112
2834 2362 3307 2028
61
4129 2945
4125
1742 6969 2363
4132 6822 4135
2831 1760
2265 2918 1821 5628 2899 1718
163
1734 4112
4129
4125 5522
263 1716 3923 1547 3509
6402
4126 4125
5597
163
704 707 1189 1219 713 4766 7134 7315 2461 1215 705 414 441 5840 2461 4368 282 6969 2213
5823 5823
4125
6398
4131 4131 4131
4115
4101
2970 45
4129
4112
1724 5801
6854
4126
4104
4065
4125
4125
2948
4126 2899 2944 2368
3876 5941 263 6355 264 2336 1683 6355
2300 2203 2300
4125
3719 3744 3882
5901 5823
2968
163
2968 5584 3922
4103
4112
2633
2651
4125
2635
1
2945 4126
4215 1957 5827 3105
4112
1743
4126
2946
6013
2363
4128
4125
4112
2756 2946 2754 6855 2754 2754 6855
2326 5853 2413
4127
1781
2956 4065
4136
4125
1130 1107 882
4112
4081
2944
6895
4541
1707
4125
3957
1531
4126
4126
4125
2911
6710 6935 6935
2949
6399 6283 6662
4112
4126
2022
2643 4127
2906 2946
4132
4126
2946
1532
4074 4074
4126
4112
163
6722 6722
2956 4074
2946 6441 4136
163 163 163
2944
4112
4299
3537 3536 263 5826 263 6342 4264 3536 263 3559 3561 3539 1547 264 3536 1547 263 5826 2214
674 3358 1860 3347 2421 1547 3344 3340 3546 4815 3271 4487 3343 4495 3022
2956
4129
6939
2946
6259
4125
263 6723 3924 3889 263 5941 3889 3922 6722 263 2259 3952 263 6409 3952 882 264 1388 1041 970 1119 2259 3952 263 3539 263 2797 3952 3889 263 2263 2249 1119 264 1388 431 970 1041 1042 970 264 1119 1394 1388 3889 263 3923 5941 264 1119 1388 1041 1394
282
4136
4127
163 2375
6241 5845 1547 263 5841 5841 6241 263 5844 263 5841 2832 6236 2555 263 2527 3623 605 1622 263 688 5839 263 6811 6668 5841 6392 2832 263 5841 1547 263 4369 3622 6392 263 2832 1547 5841 6997 263 3622
2949 4074
4129
4125
1785 1716 5752
4125
4126
163
2797
4135
6796
431
1716 2369 5921
4125
2528
163
4125
5941 1547 2362 6369 263 6369 2362 5941
6970 1836 4126
4304 2873 2224 2490 163 5925 3270 5621
1684 1683
2932
4074
5339 3876 5625
1871
6796
6666
4125 4112
2249 2754 263 6988 1683 6990 3981 3261 2633 4554 4280 2756 6990 1683 263 5208 6855 6985 6990 2632 263 4373 2296 1374 869 263 4280 5920 2635 1378 263 6990 4373 1547 6986 1693 6990 3642 3651 1683 263 1827 263 5827 2632 6990 6985 1547 5928 2631 5629 2633 6012 1685 2635 1118 1378 869 1120 1381 6986 1760 1683 6990 263 2230 2237 2231 263 1683 263 6990 6986 6969
4130 4131 4130 4131 4130 4131
6258 6262 163 6258 163
163
2181
1407 1242 1238 1235 1237 1239
6796
4126
1531
3404
4074
4125
4098
5941 5941
4126
4932
1685 2819 2631 3057
2777 6336 6722 4218 1547 5644 2946 2833 1547 4317 5179 4683 3374
4074
2946 4069
4127
4126
3510
5626
2698
915 1119 958 431 1531
1669 610 688 532
4137
3510 3439 6985 3559 3875 1547 3640
5801 263 3915 263 3345 5801 263 3889 5801
3024 5752 263 6355 263
5941
4632
3268 4215 263
2970
2946
5801
3880 6723 5607 3275 2773 6313 6012 3880 2631 3952 6313 3297 5607 3275
1846
2950 3668 1785 2369
2956
264 969 1400 1116 3694 263
4126
263 6341 5640 263 6319 3637 5630 6365 263 2578 1547 5829 6670 5632 5629 263 1983 6662 1547 263 2775 1547 263 2997 5925 1986 2851 3351 263 1547 6995 5938 2641 1547 263 4998 263 2216 3299 1779 263 6319 263 2211 6670
1743 2651
5521
5920 263 2220 1547 2633 4264 4264 3510 6850 263 2633 1547 2220 3647 2633 5844 1547 263 263 2214 1547 4264 2764 3420 3647 263 2832 5748
163
263 3404 1547 3405 5845 263 5844 3404 263 3351 5844 6409 3404 5844 263 2214 263 3351 5845
6796
4125
4132 4137
4217 3752 263
5542 2834 5829 3060
163 4074
4074 4074
263 2797 3259
6969 2213 3899
5557
2946
536 602 1615 1868 692
4125
1531
692 1622 6969 6969 1757 2540
2970
4125
3899 2644
3510 5532 1533 6518
4126
285 4125
1691 1826
163 163 163
4125 4115
6395 5845 3351 263 5844 2578 263 4631 6395 2778 263 5542 2578 263 3351 2826 5763 263 5542 4631 2778 2778 5770 5844 263 263 4631 4401 2344 263 5845 2834 2759 3889 5584 263 263 2835 2834 2832
4126
5640 3637 263 1785 263 3255 6723 2211 263 2211 5630 6985
4131
1726 3886 2369
2628 2634
1738 2540
4137
1745 2366
263 3351 3404 1547 4631 2778 6668 263 1547
4125
163
4099
