607 3878 2631 2826 4433 3509 1672 1760 3270 2773 1042 1115 1391 431
1362 1294 1316 373 383 1320
2943
4518
5941
2362
2969
6855 3877 2237 6723
1698
1707 5839
854
5625
5073 3447
4125
1915
2969 5393
24 23
5941
1678
4125
2080 1533 1862 2224 1777 5640
687 3643 608
2797
5941
4099 4130
2391 4280 3312 6855 3310 6855 6855 3268 6734 3268 3881 5689 6969 3875 6728 3889 6734 5764 3881 2754 1698 5840 3875 6855 1777
2909 2910
4136
5819
2645 3867 2368
4126
4125 4125
7332
228
4112
5929
4136
2943 163
4125
4126
4125 1699
4126
2944 4125
285
5607
4125
869 2833 1394
4064
2797 4118
4125
4125
4694
4127
4125
2969
5941
2797
4103 4103
2969 2898 2146 2926
2922 5696
3121 3015
4126
4063
4119 6855 4542
5941
5941
4125
3510 5827 4125
5940
3 16
4126
2375 2367 2365
4049
1752
3509
163 163
2506 2513 2946 7238 7237 2326
4139
2969 954 1050 912 1130 1120 717 1120 6696 912 1052 1128 1054 955 969 939 2325 1119 3415 2640 2648
4101 5941
2362 3463 392 5610 1374 1394 2583 1379
5941
4126
4126
2969 4126
4136
5941
1703 2797
2968
4125
4129
3394
2968 2797
2726
4125
2797
4126
4126
4126
2797
4125
5625 2466 3881
4125 4127
4125
4136
4126 4126
4122
4125
4126
4126
2969
4132
4125
4125
5
5634 2982 2371 5606 4112 2797
3869 4202 1777
4281 4291
4126 1533
4099 4131
2969
4125
4125
1915
285 285 1705
5941
4127
413 665 707 704 1218 425 6231 2775 2216 3203 5752 4303 3307 2729 6907 4533 5607
4125 2969
5929
5941
1871 1614 1614 1614 1614 1614
1531
1855 1855
4129
1760 4126
5941
4125
4125
2367 3741 3778 3735
263 2344 2835 2372
6668 3749 2726 5770 5772
5929
2797
3213 6974
5929
221 221
2969
5563
3096 2390 356
4136
1733 5159
4128
2437 2028 3510
4125
13 13
7131 3463 392 7376
5689 1747 2855
4126
4126
4136
4125
4126
4125
4126
4069 2969
419
2222
4125
5941
5941
2969
7198 2644 2645 4663 1785 5531
4125 2797
5634 2369 6014 3269 5929 5634 4531 5630
4126
677 608 720
5941
5939
2632 2634 2628
1759 6236 2362 4995 2362 3013 3011 5752 5282 2617 2777
4126
163
2797
3463 5752 6971 5372 4525 282 5976 392 3049 3165 3447
4127
2969
1784 6790 2797 5610
5941
6969 4126 222 2375 2375
5941
5205 2363 3340 3520 3525 3345 1547
3269 3877
5941
4125 4099
4127
4125
4125
4126
6295
23
4126 5941
168
3962 3878 2374
507 6855 3275
4125
4126
2946
7360 2369
693
4125
4542
4125
4130 4132 3509
3 25 4118
2969 2969
4130 4131
4075 2969
10
2371 5940
4663
4126
5929
5941
4125
1737
4126
4129
263 4904 1547 6723 263 1547 5750 2855 5328
4126 4126 4126
4125
4125
4125
3463
1533 4291 2969
5608
74 408
4125
4126
4125
4125
4115 4099
4125
4127
4126
4125
163
4128 1757
4126
4125
4136
4127
5941
4128
4136 4112 2797
4126
4126
3408
6761
4125
5939 3510 3260 3258 5939
4125 4130 5941
1801
5941
5941
2797
4125
4125
2968
5941
1760
263 3876 6855 1801 2640
2968
4136
4128
4126
4136
2968
1767
2944
4126
3347 3916 3297 4900
5531
2797
4136
6961 4280
431 1054 1118 1390
4125
4125
2220
5334 1707
1740
6776
1855 5246 3030 625
5941
5941 2968
4126
1935
3644 3914 4425 1987 6912 4420
4126
2968
5929
6969 1776 3008
68
5941
2510 2525 2531
2969
5941
4126
5941
2041
2362
4127
5062
2969
2085 2081 5333
263 6250 4329 6242
6918 5843 2806 2831 1818
2969
4125
5325 6342
5530
4127
4125
1738 1291 1278 1304 1358 1361 373 1307 394
1614 1622 3959 5752 3309
4135
2797
1785 608 1855 6855 1614 1855 1785 6855
4126
2969
609 683 507 682 608 1861 1738
1
4126
1785 392 3463
1767
4131
6971 4103
4128
4135 4130
4426 1669 1862
4127
2755
1703
4131
5631 5631
