5941
2969
1622 1862 2797
3278
4074
2855 1750
4104 1846
4616
4125
5608
4374 4616
1836 1795 1995 3881 1547
4126
3510 4027
5607
1
4125
4131
3509
163 163
4074
6666
4126
4101 2797
4125
4126 3509
2589 1532 2645 3323
2797
6823 6723 6986
4126
2180
2797
163
2797
2797
4125
4126
4126
4125 2797
4136
3273 2230 2441 3886 3927 5527
1533
4125
5929
4125
2857 4535 4534
163
4099
6 6
4126
4126
2797 4126
4126
2969
4117
4126
2797
163 163 4074
608 502 682 2369 609 682 526
4126 4125
5335 2646 5764 1864 608 3509 6985 2646 5335 3510 1740 602
4638 4129
2180
4126
5865
1671
2969
4126
2362
5929
2133
608 1738 5339 2855 687 1164
4129
4136
965 1052 908 1120 875
1760
163 163 1757
4125
4128
3274 3279 5481 6986 6723
2969
4112
3345 2374 3334 2820 1786
4112
1704
4074
4128
5929
1796 3497 1811 5487
4126
4126
2797
4132 4132
4074 2797
2797
2944
6012
1533 282
2214 4126
5941
163 163 2363 163 163
4126
4126
4125
4131
4099
1738 509
5941
4126
61
4632 4641 2965 2966
4101
1846
2645 3510
4125 2967
4126 4126 4126
2956
2136 2906 2190 4126
4125
57
2326
4129 4126
5941
4074 4136 4074
3494
1785 1801 5941
2969
4125
2362 2965 1724 2368 2631
4136 2177
5844
4126
4126
1757
4132
13
4125 5941
3257 1748 6989 1715 2859
57
2797
6326 1761 6343 3409
5929
5941
2458
4125
4801
1743 5826 5750
1046 1120 1162 1391
5941
2797
4137
5608
163 2965
2797
1055 1039
2369 3749 5204 3772
1705
4126
4125
1119 958 1051 431 911 966
2968
4126
4125
2628 4692
2969
2467
6691
1532
4125
4125
4115 4127
4099 4099
2873 1622 5847 2363
1698 3509 1698 4129
163
4126
721 1738
4126
2797
4126
4126
4126
2969
4725 5297
2968
163 163
4132
2229 3642 3881 2442 3338 5772 3877 5607
4125
2797
4126
4125
2968
1774
3764 3759
4112
4126
5941
163
3297 3334
4126
4125
4126
2969
4129
1812
5844 3878 5630 5844 1533 5630 5630 5844 3649
4126
2797 4104
5929
4126
4125
4126
4125
4126
4125
2797
4127
2909 2920 3565 4125 2791 5117
4125
4136
1531
2969 1836 6014
4132 4132
3510
855 840 857
2968
5640 3404 1760
6689 6914 4126
4074
2368 2797 2368
6722 3275
2965 2969
5607
4112
25
4126
4125
390 6012 2481 3009 1826
2797
2797
4125
4125
4126
4125 3510 4 102
2797
5941
2969
6915
163
1757
1615 687 2216 608
4125
4061 2969
5941
2797
5941
2956 163
2797
4125
5941 2968
4074 2968
2969
4125
4074
4126
5941
2797
5941
6907 5840 1547 2369 3875 2275 2249 3881
4126
5945 5793
2230 3875 2368 1813
163
4126
2797
4126
4125
4125
2775 5929
4126
5926
4126
2797
4074 4074 2944
4084
4136
1531
4126
4129
5763 1836 5792 1777 5977 1698 6970 1777 2225
4136
2368
4126
2968 5608
2944
4136 2952 2943
4291 3386 3809
4125
4073
3763 3728 5246 5925
3463 5849 3439 5976 3049 4525 1529 392 3260 6969 1547 6300 2326 3438 1533
5941
4126
5929
2797 4112
4125
4136
2769 5172 2862 5917 2275 3875 5917 2862 2390 2275 5170 2769
5941
3297 6691 6924 3269
2461 392 2369 3463
4125
1547 3269 5929 2374 3924 3880 3923 2410 3267
5793 2368 3894 3270 6348
5292 4074
6823
3273 3510 1533 3274 5466 6295 1703 2441 4899 3278 3881 2230 3890
5841 1395 5844 1533
6236 2374 6722 6924 1825 6236 389
4125
2797
2797
4125
4125
2969
4126 5941
1378 1379 431
4112 4112
5941
6266 5941
5929
2922
4125
4125
4112
2321 2410
4125
3320 5324 3306 2832 5584 2369
1868 600
5628
2968
2946
2901 2461 2182 5607
4129
4127
5941
5633 5326 3886 3592 2764
6
4125
4125
5941
4126
4125
2797
4063
4126
4125
5061
163 721 1669 163 163
4125 4112
2944
4125
2363
5941
2797
4127
1615 688 625
4125
163 163
4129
4131 4131 4131 4131 4131 4131 4131 4131 4131
163 1532
2797
5941
2956
4126 2797
5941
5941
1699
5941
5941
4218 2461 6346 5643 2300 2725
4132 5941
5771 5752 3509
3501
4126
4126 4125 2797
2969
1737 721 1862
2855
4132
1750 3922 3899 1547 3309 5765
1683 2369 5532 4533 5532 4126 2369 2967 2969 5532 2362 4533 5532 2369 2460
2969
4125
4126
4632
2969
3913
2164
4125
4125
5929
4126
4112
2134
5941
331
4126
4136
4126
2969
4126 5607
2644 721 3960 5607 4438
163
1531
3809 3837
4074
2797
5839 3898 5204 1698 2325 3592 1777
4136
601 674 6346 3510 5629 1615
1757
4121
5607
2497 2497 2600 2579 4582
4126
4126
2363
4126
4074
4136
4125
6236
1532
2210
4126
4125
2969
2968
2969 4127
4127
3990 5492 3870
2317 1774 6971
392 3463 1532
5644 2024 2024 2025 5644 2024
163 163
4
163
3837 2944
4137
6352 2628 2336 6350 2337 3274 1831
1036 2858 1248
3431
2968
4126
1927
431
4125
163
4127
2969
2968
5179 2458
2797 4126
6242 6239 6236
4125
4126 2968 5929
2968
1824
2899 4126 2944
4126 2548
163
2946
2969
6723 1532 6850 3298
4126
5941
6690
163
2797
4125
4125
4126
4061
163
4125
4074
4126
6318 5939 5540
4104 2797
1864 1871 721
4125
67
4132
10
2968
4125
4136
4126
4126
5941
4126
1670
2797
4125
4126
5939
4426
188
4126
4126
5923
5941
4065
4125
5941
4126 5941 2968
2797
4104
2969 2362 5468 3338
167
2901 2969
5941
1366 373 394 1300 1882 1738
4129
6823 876 2857 1391 2326 2326 1855 2281 600
350
4682
4126
3336 2325 2362
4126 1757
3639 3886 3259 3642
5941
4126
6014
4125
240
4125
4551
5941
4126
4126
4126
2969 4126
3269
2180
4126
2369
4126
3020 2296 2300 3015 4533 4137
2968
5941 2797
4099
5941
4130 4125
5929
69
3347 3892
4126
4125
2362 4218 6396 4692 3640 1547 3307
4132
2797
4126
1837 6972
163
2260 2648 3509
4632
5339 688 1615 1751 461
2797
4126
6722 2374 3977 2348 5532 2857
2969 2966
4128
3127 3095 4137
1475 1054 1054 3510 5941
4125 2797
4126
163 163
4101
2797 2797 6723
2374 6855 3875
5941
2946
972 431 1055 2374 1056 4126 6823
5941
1816
721 4125
5941
4103
4125
4099
5941
5941
2969 4049
57
4125
4125
4311 2238 2820
1846 5941
4087
2930 3817
4126
2797
2363 5339 3278 2775 3269 5828 1547
4103
4125
4136
4103
4112
1855
4126
5941
4126
4136
4126
2969
4126
677 623 514
163 163 163
2969
1670
5607
22
1532 3901 2369
5929 6894
2797
6924 6691 6928 2797
431 876 5941 3510
6330 4227 5531
5941
163 163 163
5941
3 6
4135
4044 5135
2940
5625 2930 1885
2797
2797
4126
1707 3768 5607 277 3964 3741
4562 350 4838 2010 282 6907 7261 6906
5929
25
4126
4125
5941
359 5826 3638
228
693 718 1738 5431 5640 2797 845 426 855 6728 6392 6729
4128 2946
4131 4131 4131 4131 4131 4131
285 408
163 163 163
163
2969 2146
4129
163 163 163
2180 4074
2969
5941
4126
5607
4126
2583 2645
4126
4126
2789 4125
4542 4694
4131
1531 2956
4125
5607
4136 2797
4126
5941
6 26
4125
1757
4126
228 228 228
5941
2368 3270
4129
2362 5339 5839 3334 1615 602 1813 709 688 5339 5839
2968
4129
2826 4215
4126
2180
5577
2899
6722 5532
4125
4125
2203
5941
2797
2944
4126
4125
5607
3833
4126
4099
4065 2956 1699
5941
4125
3910 5770 3892 5752 4223 3307 2321 3299
2902
2946
4129 2797
608 3637 688 2756 2855 1164
4125
4125 5941
4126
4125
163 163 163 163 163 163 163 163
4125
4126
5844 5801 5844 2207 5634 5845 3952 1395 5806 5845 3952 5844 5634 3307 4806
2797
1718 3275 1785 1759 3875 1779 4692 2769 3320 3899 4433 5640 2527
4126
4127
4074
4126
163
1532
4074
2968
864 4129 2969 2701 2906 5534 5754 5213 4129
4126
4125
4125
163
4126
4126
4126
4128
3952 3510
4125
2968
5929
5941
2180
163 163 163
1531
2797
720 626 686
4104
163 163 163 163 2797
4126 5929
1547 3030 263 263 3547 3878
4112
2969
4136
4125 1547 3343 392 4962 3642 3463 5285 3875 2410 3463 6969 392 3201 3728 1547 6971 2969 3463 2828 3463 4982 6894 5281 6864 1797 5046 4954
6668 5801
4125
4126
2326 4582 5645 5532 3334
2969 1703 2969 6692
5749 3269
163
4099
2797 4112
2969
2946
4126 4126
4125
2797 2968
2797
5929
4126
4126
4125
2797 163
4291
2969
4074 4074
4126
4125
2797
6236 6242
4125
4218 4215 5344 5771
1532
1855
3275 5752 2368 3321
4125 2969
163
163
1759 2857 5752 2466
2284 7153 7325 3957 7150 5939 7131 4576
2946
4125
1701 688 1701 686 2368 1701 5607 682 1701 502 1701 682 524 2368 4434 3415
5929
4069 2969
47
2797
392 3463 1738 398 2538 2644 5547 3463 392
5941
1547 2367 3343 5204 5847 4727
2943
5941
4125 2797
2797
5806
2797
4112
206 4696 206
1797
4126
2797
688 720 1855 687 1853 720
4125
4126 2797
2797 4112
4136 3509
4074 4074
5450
1391 1128 1047
4125 5607 2362 4728 3298 3960
2984
2946
4126
4126
5941
4125
4129
6668 2028 2797
869 431
3503
4125
5929
4125
2245 2648 3881 5335 1797
163 163 163 163
2651 5607 3269
4126 4126
5929
5941 5531 5468
1760
2969
5929
5840 2497 3846
5941 1043
408 285
4218 3306 3275 3307 5773
4125
2369
4126 5941
193
4126 2797
4125
2797
1533
5941
1532
2797
2649 2369 2286 5792 1547 6970
4126
5941
163
6318 5243
2797
4126
2631 2944 5521 2230 2797 6792
4126
4101
277 3898 3306 277 791 1531 4747
2968
4126 2969 2969
609 682 507 721 682 507 1855 721 676 721 507 608 608 507 675
4126
10
4125
163 163 163 163
5941
5752 3415 5205
5929
4126
4065
431 964 1120 1046 2797
4126 4125
4137
1776
4129
2797
163
2969
2968 2797
2364 5645 4136
4930 4925
4074
4127
2797
4125
228 228 228
4129
4125
4127
2644 6250 6236 3275 6241
4126
4098 4126
285
3463 3875 2325 392
4126
2969
6796
2797
3379 5129 3379 4281 1532
6775 4085 2969
1686
163 163
4125
2946
2968
2797
1695
1
2797 2968 4112
4961 2944
3509 4529 3509
4127
4126 4103 2797
6822
4125
1751 2362
4125
721 1737
702 721 1622
4126
4126 2969
3668 2943
4126
4125
4125
2409 2374
4099 4099
4125 2899
3334 2369 3351 3881 1750 2423 3897 3881 3886 2369 5542
285
1935
163
2969
5941
4125
2414 2414 2414 2617 2414 2662 2617 2415 2414
6723 2237 2754 3878
163 163 2797
4126
4125 4125
4126 2969
4126
1846
2949 3822 4936
4051
4125
4217 3307 5326 5977 2369 3271
3273 1973 3888 1748 1698 1547 5765 5530 3927 3888 4425 1973 1547 1746 5792
4126
1622 1862 1622 1862
4136
4126
5941
720 675 600
5925 3338 1547 5385 2367 3323
5497 5470
163
1855 1853
4126 2969
163
4125
1772 1547 2624 3195 3030 1354 383 373 1302 1299
4131
382
4126
6855 6723 2241 3876
6988 2031 2024
4125
4126 2969
4136 4126
2968 5941
4125
4126
2797
4125
5941
5941
3269 5941 3270
4126 5941
2797
2797
4632 2911 2966
4061
1935
4126 4132
5339 2229 2362 3881
3911 3439
5941
4126
4126
5608
3510 2643 4480
4074
2969
4126
4103
2968 4136 2797
4126
4125
1547 3873 6723 3021 263
163
2857 2436 2374
2456 2474 2476
2779 2300
2797
2969
5607
4125 4130
2797
4132 4132
5941
4127
4127
4104 1846
2797
5442
4126 5610
4099
163 163 163
4126
2797
4126 2969 2797
6346 3878 5771 3510 3306 1760 6346 3306 5773 2363 1760 3877
1846
167
3650 1547 2820 1862 5844 6722 1862
4125 4125
2797 3898 5752 3922
4103 2946
4127
2968
3874 2645 3877 3340 3880
5941
2797
4129 1760
222
4126
61
2797 4112
625 1738 5929 1737
5939
5929
4112
4126
4125
4129
2969 1037
163 163
5941
4127
5941
3444
1988 5925 3894 3892 2648
4115
5941
4126
1547 6356 2232 3622 5203 5840 3897
5941
4126
4125
4125
2160 2163
4074
4136
163
1742 3643 3874 3960
3510
5537
1693 4533 263
3831
4127
6972 3874 5925 3875
2969 4126
6723 5286 2497 5826 5840 2776 3268 5634 1547
163
2797
4126
4137
2369 3509 2642 6414
4126
5941
64
5941
4101 2902
2325 2769 3271
4632
3500 2946 1531
2797
4125
6012
5941
4531 1039 1796 2583 2296 6723
4136
4125 2969
1693 1681 384 1533
4136
4137
4130
4112
5607
4125
5929
1738 499 263 608 688
5941
6969 2754
4125
4136 2969
4074
4125
4136
4126
4129
4126
4132
5941 1622
5329 6392 5829 1853 2832 5796 5542 5796 6349 2826 2825 3268
4125
4125
3509 5941
5840
5607 6690 6691 5929
1760
1707 1718
3719 2754 3772 5941 3720
5537 6279 2969
4126
1855 1871
163
4125
2797
4126
5514 5634 264 7326
2969
2797
6906 7075
2969
5941
2969
5939
2374
1533
1120 1796 1042 409
3408
4125
4127
2969
2946
2144
163 163 163 163 163 163 163 163
4129 5929
5929
4126
2797
2944
5941
2946 5941
6975
5923
2968
4125
2797
2969 3914
4127
1533
3881 2590
2797 2968
4126
4126
4447 3510
5941
4126
2969
2440 4437 5978 1738
4127
2969
4126
4126
2797
4126
4125
163
2368 6855 2754 5929
4125
2956
163
4074
1716 1715 5634
4125
263 5287 3964 163 6285 2806 3037 3964 263 3964 263 2851 2806
2968
4126 4273 2969
3898 4223 264
3538 5206 2440 5747 6722 5838
4129
5606 5607 2334
2797
4126
1530 2968 5941
4126
2969
2797 5640 263
1699 1699
4126
5929
4126
4126
3046 3899 6410
2369
1987 2416 1777
5929
2834 5917
4126 2969
4074 4074 1
163 163 163 163
1479 1110 1162 1053
2023 6722 3142 5929
4049 4129
6723 3952 263 1547
163 163 163 163
163
5941
4125
1531 2797 5941
2777 601 3510 3650
4126
4129
4126
1997
2946
1737 5941
1759
4126 5608 4112
2968
4125
2649
163
242
5941
2764 4435
870 431
2362 6689 2807
163 163 163 163
163 163 163
4136
4125
4126
163
1400 264 1043 1162 1389 1400 263 1046 163 263 1044 1394
180
5529 3259 3509
4125
2132 2186 2265 1743
4125
4125
4104
2330
5941 2968
4125
4127
4126
5929 2363
263 2297 4533
4099
163
4129
4125
4128
1720
4100
5608
2797
163 163
4126
7
4126
1846
2362 4218 2274 3952
4125
4129
4130 4101
2968
2968 2797
4136
4125
4434 3268 1547 6723 3509 2838 2287 3875
6350
4125
4129
2797
3869
4126 291
5933
2944 2944
4136
4125
2631 2025 4136 5468 2025 4126 2969 6258 5925 3391 6789 2025 2025
2944
5941
2665 2368 1821 2797
4126
3876 5468
4437
4125
2797
5941
4125
4125
4125
6969 389 1825 3268
4129
3343 3030 3964
5940
2797
4126
4304 4218 3639 3510 2764 3907 6850 3509 2779
4129
4126
4125
4126
4125
2969 4302
4136 4126
6278
4126
4126
4126 2969 4126
608 677 1885 4135
4126
4136
709 600 674
163
5823 1829 2531 1837 2510 1820 2466 2369 2510 1820 1759 1837 5823 2461 2369 1829 2859 6976 1820 1774 5823 1837
5607
4126
1531
2585 4533
2797 2956
1826 3639 390
4128
4126
5941
1685 2725 2296 1846 1685 6246 5658 5670 1685
5941
6689 5969
3877 2968 2913
6409 2725 6723
5607 4192 1622
2725
4126
4112
4125
600 2797
4126
4103 4135 2920 2911
6903 2524
2944
2968
4125
5941
163
2965
4136
4126
5694 4638 4137 2368
4126 5941
3510 3639
5496 6346 2633 6986
2369 2965
4127
4126
4126
4125
6259
2969
4074 4074 4074
2797
286
4372
163 163 163 163
1119 957 956 1037 1054 1162
55 56 2797
4126
4125 4125
4126 5929
4126
4898 1988 2648
4125
4126 4126
1820
4125
163 163 163 163
4127
4126 2969
4136
4127
687 608 530
4136 5607
2969 4125
4129
2946 5941
2969 2911 3668
2366 4074 2484 2631 2631
5531 5764
4125
163
4126
2466 2461 1797 3509 2930 4632 4126 2797
1532
2241 3882 2727 3275 2634 4216 2649 2229
2776 3347 5941 6410 6398 4227 5941 6410 6398 1116 264 869 431
1533
2797
4536
2968
1615 608 683 838 4126
4127
4125
4125 3545 1547 3258 2369 2367 5829 3964 3692 2644
4125
4112 2797
4112 6370
4127
4125
4130 4132
4099
2797
4126
4987
4126
4126
2969 4126
4125 4125 4125
3274 2635 3880
4125
4535
6696 2224 6696 3391 6905 6908 3391 6904
4126
4126
2894
4126
2797
4126
4127 4099
4125
4126
4125
6871 4953 4934 4929 4976 4964 2797 6871 4955 4950 6871
5941
4126
4125
20
4125
5772 4304 2756
4125 4136 2956
3275 2634
4125 4125
5941
3821 2944 3811 2797
4126
2946 4136
2969
163 163
4126
4125
167 4136 167
163 163
2968
4126
1846 4074 4074
2966 2969 2965 3829
2969 2969
4125
163 163 163
5941
2797
4112 2797
2797
2797
5607
5496 4125 3408 2631 5623 4528 4531 2797
4129
2797
602 1738 1615 677 264 721 1864 1622
2969
163
4125
4129
4074 4112
4126
5941
2969 2797
5941
1533
2797
4542
4125
3882 3887 1776 3874 5925 6986
4731 2363 4904 6691 4215
5763 2911
4125
4126
6318 2857
1756 1715 22 1756 22 22
6341 5827 2368
4273
4125
2797
2363 3269 2835
4125
4087
4106
2969
163
5941
1531
4125
163
2797
2335
4126
2797
4135
2969 6346 2640 2180
4126
4126
163 163 163 163
4125
4273
4103
4125
4125
5747 5750 5749
4125
163
2943
5625
4126
4125 4125
2946
2764 1532
5608 4136
2944
4125
2820
4125
4136
2797
4125
3273 6012 1787 3449 5845 2363
3268 6014 4215
5606
392 3463
461 667 530
5845
5839
3510
10 10 3510 3509
4125
4125 2797
2643 2522 3899
2210 5496
3927 3881 6694 3963 3651 3642
4126
263 3307
4105
4125
2968 2797
2969 163 163
167
4126
4125
6920
4136 5929
163
2969
1669 1622
4129
4125 2965
4126
4125
2969
4129
6723
2968
1704 2797 263 2584 2797 5471
4125 4099
2202 6336 5344 2343 263 263 6336 4731 6855
5827 6313 263 1995
62
4125
3540 2859 263 3334
1737 1622
4125
4127
2944
2911 2967
4103
1846 1846 1846
4126
5860 5861
1379 1393 1116 264 264 1379 1116
4126
163
2180
2797
2369
2969
4127
2969
4126
163
1531
5941
163
228
3334
23 23
163
2969 2969 2797
2727 2241 2237 6392 3737 3022
3760 4439 1547 263
2968
4126
3952 263 2764
4125
4125 4125 4099
392 3463
4128
4126
3269 6012 2628
4125
2797
608 1848 677 608
5572 3391 5573 3377 2797
5629
4126
4126 5941
4127
869 264 431 5645
2946
5941
1737 1871
57
1394 1043 1444 1417 1445 1418 369 263
5941
4126
4125
4125 4099
4126
4136
4126
2583 1547 263 2589 2725 4126 2528 263 2645 2459 2497
1760
5640 263 3423
5124
2628 3922 3898
2969
2944
4125
264 461 1862 163 707 1224 263 1186 498 413
389 1825
3408 2807
3264 1547 3330 6969 2856 5747 6318
2369 2195
4049
319 318 317 316 322 1911 5941
5941
3334 3438
1547 5610 6924 5844 3510 5773 3892
4126
4101 4132 4132
2579 2219 3509 3274
397 5546 3510
4061
4127
231 231 231
263 5742 1382 5740
5923
4125 3668
4136
163 163
4125
5941
4125
5537
1055 952 1119 431
163 163
3625
4126
1855 1615 1868
2969
3276
4126
2797 2965
4069 4099
2797
2164
2969 1795 1796 1795
431 263 1374
5941 5450
2969
4126
2946
4126
4128
1846
263 3404 5767 2363
4126
2641
2969 4129 2969
2797
2969
4099
5941
2969
4125 4125
2968 2797
5941
5295 2326 263 263 3623 3391 3622
3307 263 2583 3649
4136
163
4126
4126 2369 6905 6364 6327
4125
4127
4099
6722 4727 2211 5795 2578
2321 263 5875 6346 1547
4128
5929
4136 90
4125
2797
3881 5747 5750
4127
4129
4126
4112 4112 4112
4074
4090
5926
2797
4125
5941
1704 263 1704 6284 5632 5630 2773 263 6313 1207 683 264 500 5633 263 6284 5629 264 1207 1169 1218 5626 263 5622 264 1207 1169 264 5633 5632 5629 3510 2773 1169 1207 500 264 3510 1207 264 1170
4126 1801 3833
610 1672 1738 675 687 1738 1615 608
5608
168 2969
2368
2643 2214 2220
600 6722
3647 3334
2797
4104
4130 4131
163 163
2968
2968
4125
163
1726
2944
163 163
6855 3907 5335 2797 3877 3960 2634 3876
4074
5941
3268 6014 6985 3509
5929
5929
2797
5764 5468 1703 6691 2633 3751 5764 6691 6691 5764 3889 3510 6691
5941
5941
2797
4126 5929
4126
3089 2754 2833 4707
1705 1705
4125 4099
5926
4126
5749 2369
2969
602 1164 1868 5581 5496 263 5925 2589 2586 5925 263 263 2756 2634 3876 263 2754 2631 3309 5925 5845 3309 2797 5581 3309
8
5941
2797
4125
4126
4049
5941
2375
2362
4125
2797
2797
2968 4112 4112 5608
5608
4105
5941
1915
4127
2946
2797 4112
1294 1367 263 394
2944
4129
5941
1547 4401 5845 5542
5941 2968
2797
3622 5633 3510 6668 263 6320 5875 6668 263 6668 263 3623 3510
163
2171 1785 6259 1801 5839
688 530 461
2797
4137
5758 2641 2797 2641 5631
4136
7
163 1531
1532
4136
2797
5344 5607
4132
4125
2944
4104
5941
63
6796
263 4533 5532 2828
4126 5941
5941
4136
5607
2797
4126
2797 2968
2969 4126
163
4125
5941
63 63 2968
1757
4127
4125
4125
3981 3877 2776 6969 402
389 1825
4125
228
2797
4125
4125
1051 1110 969 1131 952 263 1162 5845 263 6668 6320 1547 2797 3278 263 2313 2729 263 6320 6668 6976
5847 1807 5766 2325 1547 3547 3299
4125
2969 4074 2968 2797
4128
6969
2968
1389 1131 1053 1394 264 1387 1043 264 1394 1131
2968
703 1218 413 707
2943 2967 5227
2797
263 5281 5801 2584
1532
2968
5941
4126 2969
2797
4125
1724 1724 1724 1724
1712 4132 6924 2619 2374 6690 3510
4136
2633 2969 5928 2855 5941 2968
2797 4125 4099
163
4125
4125
2185
3510
390 1826
4126
2461 6666
1532
5941
3509 3278 3275
721 1738 1622 1738 1737 693 1669 1622
2797
3977 4136 2146 2140 2912
2797
117
2797
4125
4131
163
4125
2969 4126 5941
1701 720 502 6346 688 3639 530 720
2797
4125
163
4126 5941
2797
1737 1622 1738 2249 6722 1737 2643 6969 6341 2773 5280 1868 607 1164 1862 2249 2249 1738 1862 1737 2249 692 622 1164
2797
4125 1760
5913 5471 5606 3307
4126
221
163 163 2797 163 163
677 602 1738 523
4135 4130
163 1669 1853 163
2797
163 163
4132
4125
2965
1862 1669
5347
5631 2797 5925 6688 2363
163
4132
4125
4112
4126 4125
4126
2539
4126
4126 4135 4638 5607
2797
5941
163 2797 163 163
4126
3510 5875 5941
4126
4125
4126
4125
4104
1738 522 521 602 687 264 687 515 1871 602 623 468 264 502 688 1871 461 503 461 515 264 1871 628 682 602 503 1871 461 686 264 602 1871 3510 1164 682 1224 493 1221 413 264 434 707 1871 602 709 1738 687 461 264 3510 602 1871
5840 5941
3298 6012 4112 6012 3289 2369 6806 5731 2186 6971 5806 4219 3289 3298 2633 4219 2186 2369 3289 6012 3298 3289 2922 4219 3298 6971 6664 6971 3289 6971 3276 6969 6969 2369 2613 3481 2756 2755 5945 4218
2797
4125
3881 4384 6342 3882
2944
2797
4130 4099
4127
5929
4132
163 163
2965 2969 2966 6788 4083 4448 4126 17
163 163 163 163 163
2633 2635
163
4126
4125
1742 2634 2725 5496 263
2797 2968
4125
602 1855 264 625 514 602 1855 677 263 1855 263 602 3753 3744 263 602 677 263 514
4132
5941
263 2797 2769 5844 2631
163
5941
2797
4129 2946 2797
2969
2797
1738
3249 5925 3586 4125
2968 2797
5849 3622 5839 263 4420 4535 263 3268 263 2797 3309 6399 3086 3637 1547 4535 263 263 3309 5826 6340 263 6399 2797 3268 2797 263 4535 3509 2834 6343 163 3889 1986 4732 263 5941 6399 6969 3268 4535 6340 4631 2284 263 6399 263 3268 4439 1995 5749 5750 5839 263 402 4420 4535
2797 2968
3890 5923 3278 3509 2797
5528 5212 3509 5760 5626 2826 5712 2368 5326 6410 3653 2230 3509
163 163 163
3086 3086 4435 6409 5546 4435
4136
4112 5941
5607 2968
2797
5607
2313 263 5842 3622 2216 4758 3622 3559 263 6343 6343 3623 263 4758
693 518 500 264 686 1220 1177 263 1191 693 518 500 1702 1738 686 264 500 264 1738 518 516 693 6969 2458 1547 263 3876 263 2211 6346 5431 1166 500 264 518 693 4795 263 2645 1715 5849 5431 2645 3509
2969 5772 6690
4632 5470 4632 5826 4112 2918 5470 2918 4632 4632 5213 6971 6691 4632 1751 4136 1750 4632
5607
2797
263 2797 2220 2480 1547
2797
2797
4127
1915 1915
2968
228
4125
4136
4099
4125
408
5941
5941
969 1132 1046
2170
5600 2374 3922 2461 2965
2635
4125
2645 3907 3334 5675 6215 6013
4562 6336 4401 4373 2825
4125 2946
4126
5940
2362 1836 2833 3267
2968
1785
4081
3880 6722 1547 3638 3952 2249 3639
163
4129
2969
4136
4128
163
4126
163
1388 1119 1042
4125
4537 4074
5929 3510
4098
163 163
4125
2969
1
3878 3338
4938
2956
4126
3740
4127
4125
4131 4131 4131 4131
4126
1040 953 1131
4125
3898 3922 3510 1547 1757
4126
2969 2949
3094
1532 3310 6969 1532
4125
4125
691 399 1672 600 5548
6971 2207 263
4126
1795 1776 1797 6313
1738
1846
4065
4126
5941
4074 2969
6971 2375
5531 6014
3494
4125
4125
1
1738 1738
721 1862 1738 1622 263
4434 6800 3907 1042
5643 263 5645 6666 431 264 1374
2797
2645
4126
163
1531
2367 5925 5607 6296 2969 3510
1707
431 1053 1388 1131
2224 6722 3274
4125
4126
1707
2797
4126
4125
1712
4125
3274
5941
4126
4126 4125
4126
1039 5941
4126
5468 3889 6723 3261 3404 2857 1538 1615 602 3876 3261 3278 3261 602 1538 1672 2216 263 3261 5829 1853 1538 1615 263 2857 3404 3261 263 2216 163 3269
5929 1547 263 263 5929 6668 263 2363 2333 263 6668 6668 263
4115
2956
4953 955 1054 1110
4125
5926
4126
4136
2613
5929
163 163
4136
2797 2756 3880
6906 6924
4126
4125 4531
5522 5760 1795
2584 1715
2969
4103
2797 609
2969 4136
4074
4126
4136
3898 3910 721
2726 2368
2968
4127
2191 2969
163
5941
2797
3509
2945 6224 3509
3509 2968
2142
2797
163
2333 2329
5941
3923 263 1547 3652 2362 3120 2578 2835 6320 263 6668 1716 3278 3922 4758 3922 263 3640 3510
163 163 163 163 163 163 1532 163 163
3490
263 3876 6668 263 3622 3404 3876 5849 263 6668 1785 263 263 6668 2997 263 2997 263 2643
2922
163 163
4126
1716 2369 3460 2369 3460 3460 1716 2369 2432 1734 3461
152
602 625 529 264 674 520 516 1615 623
3889 4439 263 3873 6668 2333 5849 1686 263 2825 4439 2832 2333 6668 263 4420 5328
4074
5607
4126 4125
5608
24 24
4126 1757
4127
4125
3376 3374 6689 2797
4137 4137
4127
4126
1821
163
6723 6346 263 5844 263 2287 5849 5849 5844 3420 263 6346 4439 6723 263 4439 3622 5839 4439 263 2369 4420
2797 5839 3268 263 1547 5849 263 3637 4439 2211 263 1622 721 2633 2337 6855 3546 3964 263 5752 5763 6976 2333 5844 263 3261
955 2797 1037 6969
5875 3647
2631
2465 2461 2466 4075
5925 263 3391 3874 263 3923 2632 263 6348 2220 1821 3425 1547 2643 3561 263 3391 5925 263 4420 263 4424 3510 5644 263 2211 1821 5925 1547 263 263 5765 5843 2828 5844
2375 2375 2926
2969
5801
5335 3880 2754 3876 6723 2584 3877
5941
5608
4131
1531
2944
5941
4125
6985 3324
4125
2362
3921 3877
4125
676 1885 609 500 614
4126
2969
5299
4126
2968
1862 1622 721 6969
2908
4136
876
4074
4132
2944
2969 2633
2151
2969
3874
2969
296 6904
5865 5865
4074 163 163 4104 4074
4126
4141 4141
1622 721 693 1862
4126
4125
4125
688 602 510
1120 913 969
4090
2969 4126
2275 5920 4136
3
6722 6722 2944
1745 1751
4126
2797
2584 6318 2362 6668 5839
4136
5 6 6
2532 2460 3408 2532
163
4131
4125
4103
5941
4129
4125
4126
6855 2725 2300 5629
4632
4126
163 163 163
4126
4125
4127 4099 4112 4112 1760
2797
6267 3509 3483 2185 5925 4686 6807 5925 6266 6969 2291
263 4758 1547 3423 2249 6985 6986 6990 263
4523 3137 263 4523 263 3137 2682 263 3137 2682 4523
3520
2853
6399 6986 263 5607 263 6399 5607 2855 263
4126
2797
2797
1853 1622
263 2643 3561 2643 263 3927
5905 5909 5910
431 2362 1131 1388 1040 869 1374 1394
163 163 163 163 163
5531 6014 2633 5829 2644 2633 5829
4125 4099
163 163
4101
2969
2969
1853
4125
3340 2336
4103 1699 4103
2367 2181 5327
3268 3886 4304 3962 3874
4125 4125 4125 4125 4125 4125 4125
4075
3875 2363 2373 3897 1547 3275 2441
61
4126
4126
61
38
4129
4126
4136
163
2797
4132 4132
408
1531
4125
6855 2238 3877 3509
1531
4090
600
4125
4074
2366 2969
4125
2965 149
1757 2333
4130 4131
3510 2327
4127
1813 5610 5925
2851 2023
285
5639 1668 6399 4431
2631
2164
4127
3275
1531 6258 2147 4125
4125
163
163 6326
4126
4126
4126
3510
4125
5457
4127
4126
2461 2806 6666 2806
4136
4129
431 817 760 797 842 757 817 732 741
1743
4126
1745
2946 4076
4126
4125
6700
5925 2643 3510
2965 2185 2876 4632
6
4425 6398 6342
3826 2491
5941 5941
1622 1862
4291 1760 3380 3379 6012 4433 6012 5772 6012 3380 4291 4291 3380 2633 2797 1760 4291 2633 3380 4291 3379 3380 5606 3379 4291 3380 2633 2633 3379 4291 2797 3380 2797 2633 3379 4291
602 1164 677 6722
3978 2825
5839 2224 2645
5372 3898 5750 1547 2224 2363 3650 5845 3638 5747 1531
2182
2193 4135
3617
6722 6972 2826 5845 1394
603 688 1164 603 1615 688 2826
163
5537
1669 5246 3030
4126 4125
408
4126 4130
6209 1741
418
4074
4126
3880 2031 5326 2210 3895 2225 1547 2946
4125
4125
1516 1486 1465 1458 1397 431 1248
263 1720 5532 2497 2369
2211 1759
4126
163 163 163 163
1743 6013
5823 5823 2944 5823
4125
4131 4131 4131 4131 4131
431 2432 3463 392
2969 4075
4101
4126
431
2956
4126
4074
4127
912 1051 1390 1110 263 1162 6398 6792 263 4420 3405 1110 969 1051 263 1052 1162 5843 3404 263 3405 1547 4420
2633
5941 5926 5940 5941 5940 5945 5941 5940 5929 5940 5941 5929
418 418 4103
4632 4126 2969
431 3009
4132 4132
163 163
3851 2300
163 263 5610 2249 263 3260 2869 3890 5925 163 3274 263 2869 3260 608 1615 2869 3259 3510 2249 5925 1538 608 3261 263 5925 1868 263 1615 1853 600 2249 263 2869 163 263 2249 2869 1855 263 1868 1615
4125
3324 3078 2362
2956
2229 2374
163
6779 6262
2855
3307 5471 1760
431 264 1374
5941
5532 2628 2755 3875
2191 5871 6711 4638
2442
7310
1533
2362
2969
5747 5624 263
4137
4125 181
5763 3463 3509 2797
2969
2969 163
2944
6419
1760 2797 2759 263
4125
4129
