5191
1855 1672 3878 1164 2797 2634 2754 6012 607 4433 5529 3509 6905 5176
2943 4136
59 60
5941
60
2946
2797
1698
5393 2363 4525 6336
4125
4126
4125
421
2856 2362
5865
4126
600 687 709 674 610 687 500 461
4127
1622
3268 3875 6855 4280 2797 4280 3408 3320 6855 4281 3875 3274
4126
4616
10
4125
1855 686
5926
4126
4126
4125
4131
4126 4125
4125
4664 3273 4663 2797 3270
285
2726 7327
6335 2369
4063
4126
4125
3758 2362 2855 3334 3343 2826 1547 3749 3890 3748 4663 3022 3640
2956 2142
4126
2834 2362 1705 2229 3274
4103
4125 4126
1875 688 1864 1172 521 461 1219 515 1170 1224 264 460 524 616
3340 2234 1531
2930
4126
5941
3113 5760 1820 5760 2634 5760 2578
4125
6238 6236
5941
10
5826 2249
4126
5607
4126
4125
4125
1767 3602
2363
5929 4068
4126
4131
163
5338
4125
689 688 4747 687 1533 1120 939 1391
2229 2232 3891 2764
187
4126
4126
1916
4125
1533
3264 3903 3260 3546
4126
60
163 4076
1703 2369 3275
5941
2828 2253
4125
2140
2797
4126
5929
4125
4129
4126
4126
5607
4131
4125 603 1164 607 602 697
5941
4125
3875 5336 3878 3273 2762 3914 1526 2410 5980 2631 5335 2754
4129
5
1052 952 1119 1777 4840 4841 1716 1548 1111 1043 952
4126
4435
4126
5941
4129
2134
1705
5941 608 1871 1871
6722 4663 2440
2645
2644 5632
4128
4125 5929
4126
228
3494
2797
6
341 2750 3045
4136
5929
1776 5607 3269
2195
4125 4115 4099
4131
4125
4125
4125
428
2946
4125
5941
2873 3438
5929 1668
3463 392 3463 392
4125
4126
1374 1120 869 1410 964
1708
6331 6723 2595
4126
4125
116
611 1860 667 709 608 682 1860 394 625
4126
4126
4125
4137
4126
4126 2909
4126
6336 3875 2754 2853 2220 5929 4911
4074 2797
4125
688 500 460
3960 277 2230 3882 3881 2797 2502 2524 6285 2229 3894 2776
4125
5619 5630 5529
2969
4126
2449 3638 5749 263
720 666 677 602
4125
1779
2137 3509 5571
2628 2633 1752 2634 2632
64
6242
4127
4125
963 1120 911
4125
24
4583 2250 3986
4125
163
5848 1547 4426 5742 6750 3049 5431 5740 5889 2579 392 5887 5880 5885 4709 3463 1813 5879 1837 5878 4630 6973 3195 4425 4533 5231 2326
1760
4533
3503
5118
3741 2442 3275 2755
2367 6969 6246 223 6969 6251 222 4126 6969 3270 6246 6244 222
4126 4638
1707
2946
4126
1757
5631 2365
10 2797
4125
5203 263 3899 3637
1163
5929
2946
5266 2817 3722
5064
23
4126
4126
2362 3347 4949 6784 1818
2198
4126
4126
2936 1699 4125 4126
3260 5917 2826 2823
4536
5929
4125
4125
3106
4136
2150
4081
4126
2538 3510
4131
1737 1615 1669 1738
4074
5941
5941
408
5941
2193 2919 4099
1547 2648 3260 3878 5801 3877 3509 5619 2870 1759 5742
5607
4126
4126 2944
5607 1934
3882 1836 1746
4129
4126
4125
3340 2369
3408
1533
2797
203
4126
5941
3408
429
2946
4125
3900 6722 3423 3268
4126
4125
4126 4126
2797
4112
1738
4125
4125
4074 2797
4125
1119 1046 968 1123 1389 1038
4125 4130
4126
4126
1410 1821 1399 869
4126
4126
2185 2191 5534
2134
4632 2901 4126
4125
4128
1669 1738
4126
2461 5977
4125
2532
4126
3309 3022 3307 2466 3546 3857 3899
1935
5203 3423 3882 5795 5204 2391
4126
4126
5929 2754 5335 3509 3878 3275 3891 6012 3875 6855 3643 2631 5929
68
4126
4126 6259 2193
2362
4130 4099
4174
4125
263 6723 5740 4332 1708 263 6723
4291
1394 1389 1400 959
431 1391 6340
4125
6341 3895 608
5530
4125
2982
2754 3309
6855 3881
2944
2797 3275
1531 4631
1622 610 1614 610 610 1614 1622 1785 600 1622 6349 1855
4126
2503
4126
4126
1
