1531
1531
4918
4104
4125
4099
1531
5295 2797
4104
6573 1531 7041
1531
4915
1853 602
4136
4101 408 1531
4126
1531
4126 1531
4126 4125
2181
1531
4916
6905 6907
163
4125
4137
2944 4126
4021 6959
3877 3268 3278 3891 4915
45
1772 5925 2817 1772 5925 2440 2817 2873 5925 1772 163
4917
5642 4918
4918
1531
1531
4918
2944 4137 5453 5452
2944
4126
682 607 709 4126
4125 2969
163
4126
686 605 1701 1738 1615
4129
4136
2968
2956
2968
5865 5865 5865
1670 418
2944
1531
4126 2409
4112
3875 3270
1531
4917
3321 2363 5973 5840 4414
163 163
4125 4915
4915
4126
4126
4916
4125
3275 3869 3875
4918 63
6722 4126
4126
4126
4915
4915
709 1738 6907 721 1738 1777 1260 1355 1777 509 625 678 1738 506 1738 514 1532
163 4916 163 1531 163 163
4125
1531
1531 504 686 721 524 1166
4917
4101
2944 4074 4067
1846
4074
5844 5496
4126
4136 1531 4126
3298 4664 5806 6356
4137
2856
3518 2628 277 4218 737
4129
203
3374 5941 3510 3120 2861 163
4916 6985
1785 1785 4126
4125 4099
4126
621 1777 2483 3959 507 2363 682
2857 2631
2944
1531
1531
1531
2944 2968
4126
1531
4112 4112 4112
4916
2369
608 1855 521 1868 1164
2803 3959 2833 2853 3545
2968
2538
4125 4915
1531
4129
1533
4915
4125
4126
1531
2968
163
4136
4126
4126
1531
163
1531
4915
4051
1531
5607 2539
4915 4112
4115
2946
4126
4126 2968
4137
4916
4126
4126
4136
4915
3260 1531
4917 1531
3268 2368 3922 5531 3914
1531
1531 2968
2944
600 602 1164
4126
1531
1531
4915
4127
1531
4136
57 204
4126 4632
1533
6753 6911 2317 1394 6970 1460 1400 2649 870 969
4127
2968
2275 3423
2968 3019 277
4132
188
1531
4915
1531
4104 4112 4112
1531
4917
4915
682 3271 523 608 499 1855
4126
4002 3996
4745 4915
518 602 607 674 6907 3120 3509 6013 5634
4125 2968
2944 4915 1531
4125
4125
4917
1531
2202 1829 4533 6956 6723 2567
5521 1816
2944
1531
2946 2912 2965 2913
1531
4917
4126
2872 2825 1531
6398 5344 6972 3900 163
4112
1531
2138
4917
4125
4101
163
1531
4126
4129
2944
1108 431 1119 717
4126
4126
1531
4126
4119
4918 1531 2944
4125
4131 4115
4638
3510
2944
4125
1531
4125 2968
4126
4125
4132
4101
402 4899 4372 4898 4218
1531
4125
4127
6402 5324 5923 6315 2807 3269 4126 2944 4074
2645
5772
2644 3509
6722 1479 1039 1394
3275 6723 3640 5522 3278
4125
4112 4112 4112
4126
4074
4104
3580
602 1615 688 688 602 1164 688 602 530
1531 4917
2968 1531
2944 4136
4129 4127
5711 6970 6970 2363 1776 6356 6970 5328 5839
4131
500 688 720 608
282
5607 1533 3561 2369
4125
3882 3509 3881 3320
6907 1788 5820 1787 6691 3510 2367 5938 6904 2317 6907
4915
4112
2552 1547 5258 5261 5375
4073
4917
4076
2911 2944 2913 2186
4128
1531 5625 3275 3509
5606 3654 2797 3881 1547 3922 3275 3273 3334
6295 6013
4074
4125
4917
4125
2944
2912
4915
2944
5625
4129
4125
1531
3510
4916
1531
602 1738 688 500
6722 3640 2756 3898
4074
4438 5584
1164 1855 681
1531
4101 2944
1531
2968
1531 3302 5747 5941 4898
3912 3049 1738 693 1531 1738 687 502 623
4125
2388 1840 3509
2944
2899
2231 3258 3882 4899 2258 4898 6012 2320 6723 2261 3022 350 7277
285
4125
1531
1531
2461 5829
4125
4112 4915
4131 4132 4131 4131 4131
1532 1531
3271 6723 2325 3278 1835 3873 5980
4125
720 6907 1853 677
2458
4126
4130 4131
1531
282
4619 4374 4472 2538
1531
4915 1531
4104
1683 2946
1531 4112
4915 4125
4125
1738
2797 3877 3880 2237 2754 2631 4899 2260 6012 3344
2946
2968
4136 2968
2946
4917
1531
1531
2329 5623 3509
4126
5943 4619 5936
4126
1533 1533
4127
2703
4126 4060
4915
3165 4280 3153 2624
2954
4126
4126
4126
4915 4917
2968
4915
4125
4125
4916
4126 4126
4918
3881 3275 2317 1547 3878 2317
4915 720 600 696
2944
4915
4125
4126
5295 3559
4127
4126
3758 1531 3270 3334
4917
4126
4112 4218
163
2944 4126
1531
163
4125
4126
4126
2650
4098
4915
4126
2968 4128
4074
4918
4125
4126
2321 1119 1052 1043
4126
4917
4918
4917 5530
2968
163 1531 163 163
2949
4694
1531 4112 4112 4112 4112 4112
4099 4131
4137
1
4126
1944
4915
1531
4132
601 677 602 1738 1740 709
1531
2968
4125
2968
4126 4125
4126 4112
4074
163 1776 2855
4104 4104
4074
1531
4126
4112
2944
163
4275
238 780 723 431 824 724 817 779
4125
17
2803 2806
1846
1531
4917 4917 285 285
4074
1531
4918
2943
4125
2944
4915
2317 5204 4898 1531
163
4129
4125
2363 6907
282
1738 721 1740 693 1871
3494 502 1848 1738 2369 431 1378
1531
842 839
4126
4126
1531
4136
4125
3910 2797 3922
4125 4915
4131
4125
1533 4915
4104 4128
2944
2556 7185
4126
1531
869 431
1531
4539 4136 3517 4137
4917 1531
2944 4918
4915
2968 3509 3914
1531 2968
4128 6441
1531 4112
3877 2778
3891 3877
3319
1531
4126
1531
4126
4915
2944
4129 2944
4268 3463 392 4914
4917
4125 4112
4101
1531
4125
1531
1531
4136
2968
4126
1531
238 718 1868
4104
4136
4126
4915
1531 4125
6356
204
4132
4916
57
2968
4125
2833
1531
4131 2363 2944
2314
3923 5749 3898 1787 3261 4899 3900 2870 3265 3882 3912
4128
2944
4099
4915
4136
4125
3264 3270 3320 5771 3347 3900 6012 3546 4898
4127
3994 341
4125
431 1378
1757 2797 3869 1547 4042 6351 1531 2440 3886
4918
1037 952 431
4126
4915
4136
3901 3340 3338
5844 2759 2540 2778
3649
3338 2723 5750 1988 1531
4125
4915
4915 3278 3545 2369 1531 3264
4127
1531
237
1531 2646
739 724 825 772 238 741 431 773
1394 974
1479 1121 1046 263
163
4126
25 6 3 186
1531
4917
1531
2968
2363 2777
1795 1813 1797 1796 4126
4125
4112 6969
228
3875
721 602 600 1868 601 238 607
4125
2956
3477 3347 4218 3340 6855 3376 3880
1531
1859 1869 1881 1889 1884 1847 1615 394
5324 6289 5326 2367
4918 1531
4131
2944 4136 6712
4125
1531
2943
1531 4112 4112
163 163 163
2911
4129
1531 2944
4126
4918
2912 2913 4126
6990 1703 6986 6242 5625 1776 6989 1707 5623 5631 6231 6985 4087
869 3878
1531
4915
4131
2191 4125 1531
4125
4074
1531
4126
4830 5344 7376 7131
1531
163
2452
4
228 228 228 228
601 1850 503 1855 5795 3509 2782
1531
4126
4915 5828 2459 2643 2765
3461 391 3509 4897 3517 3461 1669 391
62
228
4125
4074
4125 4125
4136
4915
6935
4915
4112
4099 4099 4099 163 4099
1531 5648
4129
4917
4125 4099
6295
4136
4126
2856
4915
1846
4125
6957
4126
4126
4136 4915
1531
5610 2776 1547 3729 3730
2944 163 1531
4915 1531
1249
4125
6924 865 861 1531 861 5521 4137 4799 861 5607 5552 2743 5551
1531
4915
4128
5913 3898
4917
4125
2956
4915 1531
3720 6855 2368
2181
4916 3510 2326
4136 4136
4915
4074
4125
2946
2458 5827 2645 6346 2633 5607
1622
1531
163
4112
4917
4915
4916 163
4126 1531
1531
4915 1531
4646 2982 6968 3463 2806 3309 1797 5980 392 4217 2764 3752 3463 4426 4219 277 2363 1547 392 2410 6947 2446 5640 3463 392 6723 6969 5640 1547 6729 1797 1547 1797 3976 853 2369 4491 3357
4125
4127
4112
2483 6012 3043
4125
2944
2873 1606 1605
6445 4125
1531
4136
282
1531
2628 3952 3889 3878 1474 2797
4915
4126
2640
4126 4126
4915 4127
4125
4126
6696 6943
1988 5840 3275 4264 2369
1531
4136
4125 4074
4126
1531
4125
4125 2956
4649
1233 1234
2325 5468 1790
4125
163
2944 4126
4126
2370
2296 2210
2232 5875 2870 6351 2256 2442 1547 3881 3927 6012 2320 2944 1703 4437
1759
4125
1042
4137
4916
167
4126
1531
4126
6921
4125 4125
2968
1531 4112
1531
408
4125
4915
1531 4126
5808 2806 3639
4917 2944 4916
4126 4125 4125 5564 4125 4433
1531
3517 1968
4125
4101
1685
6971 3559
1531
4126
2833 2369 5328 5923 5287 5471 5752 2317 3269
4125
4915 1531
4125
4915
4131
163
4126
4916 4112
1533
2452 2888
2944
2944 2956 3488
3
2185
1531
4223 1760 2648 3890 3898
4125
4125
4112 4112
4125
24
1531
1531 4112
2944
2368 2023
2944
4125
4126
4916 1531
5840
1531
4075 2944
2968
4074 1531 3875
4112
608 507 721 682 608 682 721 507
1
4126
1531
4126
3422 2374
1531 2375 6012 5585 5583 2857
2325 4554 2369
4126
4592 4825 2797
1531
4136
2944
5941 1703
4126
4916 1531
2944 2908
1531 5975 3288 5752 3200 6723
4129
4745 4746
2320 4900 2256 2261 3510 3509 6723 3274 3881 2797 2237
228 228
4125
2969
1531
4915
1531
4125
2944
4076
4126 4130
4126
1533
282
4126
4915
2944
4916 3386 2968 1533
4916
4298 408
4129
4917
1796
204 4130
282
4915
4074
2773 3201 5607
4126
4917 166
1757 2369 3906 1531 3881 4222
4125
5534 4126 2969 4112
4916 2968 1531 4916
1531
4692 2372 3420 6393 2325 2373 2230 3509 3509
4125
2441 3892 2261 3046 4899 2231 3877 3898 2779 3876 3882 6723
2952 2943
4126
5826 3275 3889 3694 2390 3642 3914
4915
4112
5805
4125
4491
4136
2944
4126
4101
4125
4101
4915
7077 7248
2343 4833 2634 4426 4837 2213 3639
2944
2944 4136
4127
1531
4917 4916 2413 5941 4918 4916 4915 4915 4917 6258 2414
163 163 163
2827 2216 263 4731
2174
4915
1846
1531 1532
4125
3494
1531
4915
4125 2968
4126
7285 2665
4104
4125
2911
2211 2794 2797
2369 5624 4112 4112 4112 1531
4125
4074
1292 1354 383 373
4131
2343
2968
4125
4125
4126 4126
4074
1531
2336
4273
5280 2459 1885 1738 1785
4126
5917 3309 3306 3320 3323 3298
1531
4915
4126 4132 1531
4126
2968
4049
4916
1531
1531
4915
1526 2469 1526
3106
1531
4127
4126
4125 4130
1531
2797
4125
2911 2458 2532 2185 6985 6410
2968 1853
1846 4104
4125
4125
2474 2495 2468
4125
4126
4917 2414 6900 2413
4125
1796 3639 3891 2640
3639 4280 3261 3255 2729 2028 1531
625 5773 2249 1853 2797 2363
4126
4696
1846
2946
4917
2362 3408
2633 6969 2635
3324
4129
163 163 163
1531
2956
1531
4126
4125 4099
3259 3639 2368
4125 4915
4126
169
1531 4915 4112 4126
4126 285
4126
4125
4125
3510 2459
163 163
4917 1531
1931
4917
1531
2164 2944
264 869 431 263 4318
4918 4125
4918 15
2911
2817 2645 4434
4128
2969 4112
64 228
1871 5339
5178 5468 1531 5531 2631 4437
2911 4126 2185
1452
1835 2335 2633
6336 6318
4135 4130
4127
4125 4126
1531
2333 2635
3270
1531
1531 2944 1531
2944
4916 1531 2968
1531
6239 2944 3876 2635 2779 6990
2410 2729 1698
163
1533 386 1710 384 1767 1688 1710 386
2968 4112
4209 4203 4207 1836
4915
4112
4126
221
4125 1531
869 1374 1248
5945 2968
2944 2911 2967
1531 5642 1801 2621
1531
2968
2969
4126
4073
4915
3638 3274
6986
4125
4125
4125
6012 5748 5747 6399 6976 5844
2954 2908
2911
3274 5339 6336 2825 2224 2220
4136
1532
3201 6975 1837
1531
163 163 163
5606 3952
4917 1531 295
4126
4917
4126
1682
1707 3510
1531
4126
4129
4125
6850 263 5624
2944
6971 4126
2968
4127
6722 1531
4127
1757 5632 6906
1531
163 163
2362 5532 3875 2369 2365
4125
1531 4075
1531
4917
2968
1531
4915
4917 1531
4915
2944 4125 4074
2369
163
4126 4125
5390 4291 5382
4126
3869
3409
2944 4917
4127
4126
3619
163
4135
4125 2132 2944 2911
2657 5929
1531
4126
163
2944
1740 1885 1864 721 1862 514
4101 4915
4918 1531
3510 6990
4112
4915 236
4126
4126
4126
4918
2944
3306 3340 3509 3334 3343 3391 2769
4125
2944 4126
720 610 674 674 1855 1615
4126
1531
285
1531 2797 2540 2458
4126
163
4915
163
5806 3258
2665 1757 2633
4125
4126
4136
4127
4915
1937
163
4104
5977
2944 5514 4439 3087 3067 5772 5752 6990 3037 5826 6346
4126
4917 1531
4915
4915 1531
163 163 163
4126
1531
163 163
4125
263 1742 6278
264 4898 3649 1128 1041 263 1389
1787 6689
1853 3259 3334 4908 4908 3899
5742 3927 5752 1547 3546 5747 5847 3545 3907 3650 2723
2631
4915
4112
4127
4126 2944
3716 263 4533 5344
24
4127
163 163
5839 1798 4301 7188
4915 236
5828 3124 2363
4051 2948
4126
4915
1531
4132
5607
4916
4125
4125
4103
4126
4126
4125
4128
4916
3408 2797 3110
1531
4915
2946
4126
6340 4136
4126
4126 2944
1531 1759
1531
2256 5324 3260 2870 2282 6722 3745 3777
4112 4112 2911 4126
4136 4112
3304 5929 2781
4126
2025 2631 2631 6366 2025
2944 2466 5697 2911 5726
4915
1531
4127
4916 2968
4915
1531
4125
4112 2944
4112 4112
1531
4112
4126
2968
683 1738 621 1615
163
163 4915
4918
193
4915
4915
2312 2308
1531
4917
4915
1531 6691 2481 6907 1786
4076
4125
4126
4136 2912 2899
4916
1531
4074
1738
188
1531 2853 1703
2944 4125 2164 4125
6326 1816 2185
2944
2968
6237 6372 2732 6238 3517 2570 3517 1915 3517
4126
4125
5840 5969 2337
163 4915 1531
3379 1532 2756 2773 1855
4915
4126
2633 2797 5945
1143 1391 962
2185 2140 4917
4125
4136
408 268
4132
4126
4125
4125
4125
2181
1777 4808 5532
2949
4126 4126
4125
4125
4132
4918
4126
4273
4125 4917
163 163
4917
4112
163 163 1531 163
2968
4112 4112
1745
1531
1531
349
1531
4125
16
4136
1531
1531
163
4584 2374 2283 1531 6573 1531 6573
6969 1820 1807 2855 1820 2858
163 4916
1531
4126
4136
1531 4915
4127
4126
4917
1531
2968
2968 1531
4075
1532
4129
2366 3923 1986 1698 3547
4917 1531 2968
4131
3510
2445 5678 5373 4663 1547 2320 3194
2944
1531
2911 4074 4126 5607
1162 1039 1041 1391 1118 1124 955 2016 5344 2769 4616 2762 402
4136
4136
2903 2918 1547 4136 2920 4632 4916 2876 4136 4126
4126
188
4125
4127 4074
2968
4126
5772 3890 3910 4218 3909 3933 2755 2762 5806
4125
1685 4126 1685
4125
4126
4915
4125
4125
2769 2628 1547 4438 402 2390 3546 2363 3338
2633 5925 2249
4127
2968
4126
4130 4132
4129
4126
4439 1622 721 523 608 682 687 1853 282 500 682 2946 4126
4125
4125
2943 4000
4125
2968 4915
4112 1531
4125
4918
4126
4074 4074
4125
1678
2901 2189 4127
4126
4126
2634 1531 4915
20
4125
4125
2944
1533
4136
4917
4125
4125
94 103 94
2969
4136
2944
7399
4125
3668
1531 4468 2603 2459 5752
4125 4126
4129
4915
4125
169
4136 169 168
1532
4112 4112 4112
4915
4918
4918
4126
1531 163 163 163 1531
4917 1531
2643 5584 2851 2643
4125
4917
4074
4075
4125
1531
1162 6399 431
4132
4128
1394 869 1399 1374 264 1394 869 1374 264 1116
5712
2946
4915
2442 6919 3881 3334 2256 2441 3653 3918 6846 3340 4027
3327 1774
1531
2946
4125
5607 6689 6688
4127
4125
4125
4694
4137
5920 2944
4915
4126
2851
4915
1531
6259
4074 4131
4125
4918
3509
4126
1703 4125
4077
4126
4112
4129
1531
4126
163 163
4125
4125
4915
4127
2968
9
4126
263 1785 3510
4112 4112
1531
1622
4126
1531
4137
163 163 163
1531
4125
1531
4074
4126 4915
2633
163
4125 5521 2956
1531 4915
2644 263 2645 2367
2943
4119
4126
2134 4694 4074 2968
605 682 602 263 500
2944
4917
2329 3412
2968 4915
4127
4126
3509 4918 10 10 1820 3509
4125
4126
4125
4915
5742
6410 3912 2646 6972 5344
1531
4126
4126
1531
4125
4125
4908 2764 3545 3644 3278 2634 6336 3882
1531 2944 4090 4136
4915
4499
1532
1531
5166 7348 7349 7347 431 1116 1040 1378 1248 964 1374
1741
163
4383 2374 4917
1796
4126
2968 4112 1531
602 1868 608
163
4112
6990
2968
4125
4125
4917 4131
1162 1044 1054 1474 1387 263 1042 962
4126
4136
8
1531 1622
4918 6796 211
6921 4582
163
4126
2628 2755
4126
1531
2944 4916
4915
4915
23 2409 5668
6893
4125
2968
2968
1531
1531
2944
62
4126
4125
2906 6258
4918 4917
2648 1531 2650
4125
4125
4915
4915
25
6689
4074
1531
1531
341 4746
4129
4076
4126 1737 838
4074
2944 1531
1531
4918 236 4916
4130 4131
3268
4126
4087
163 1531
1531
57
3165 269 2440 3510
4128
2369 3046 2773
4112 4915
4126
1531
4126
4126
4125
4126 1531
4915 1531
4126
4915 1531
1531 3275 3268
2944
263 693 1862 1871 6728
5740 6972 4422 5584 2797
1531
4916
4918
2178 2966
2627
4915
4915
3334 5771 3638 5925
4101 4132
2968
4915
1531
4126
2968
1057 1047 1116 1119 1040 1054 4915
2968
4943 2959 2946 4126
1933
163 163
4125 4125
4125
2134
1531
4916
5451
4915
300
163
4918
2968
1531 2968
4126
4126
6971 2797 2756 5246 2624 2727
869 1400 264 1133 264 1052 969 431 1121
2910 2906 2922
4125
4125 1531 4918 4127
4918
4915
3409
4112
4125
2797 5740 2764 3338 3323 2203
2944 163
4915
2944
4112
4125
3343 2366 6396
4126
4126
1531
4125 4125
4126
6014
4125
163
524 1622 461 504
4074 6259
1531
1531
2968
4916
2968
6726 2368
104 104
4917
2934
1531 1846
163 163
2944
4125
4125 1531
4125
4125
4127
4128
4125
2944
2968
163
63
5610
2641 5806 1759 1531 2645 1759
6258
4915 1531
4126
4126
4136
2635 5764 3744
4917
1531
1531
4126 2944
5929 5929 6014
2369 4264 5749 5531 4263 5283
4125
4125 1699
1705 285
1531
4125
4085 5801
4918
1532
1707
4125
1885 263 625 500 1868 2797 6811 5633 263 6410 263 5925 3876 263 3309 3509 2556 4264 3923
3022 5278 6690
163
2186 6268 4632
163
2366 6723
3320 6850 5941 4126 4218
4125
4112 1531
2
4950
1531
4125 4125
4125 1531 4915
4918
2944 2946 4074
2968
4136
3649 263 3900
2490 4696
4075 4136
4125
4915
4126 4112 4112
4917
4125
4125
688 502 461 530 688 1701 502 502 688 461 4136 502 461 608 688
4915 4136
4291
1532
350 5344
1846
3406 2140 2367 5521
4917
4915
63 4918 63 63
4916
1531
4125 1531 4130
2903
600 2363 6986
3510 5631
6969 5752 1386 3323 3271
1531
1916
4125 4125
4915
4126 2134
1531 2968
4917
4125
3022
2944
4126
4125
3510
1531
4129
4125
5550 270 396 1531
4915
5941 2640
3502
4915
5925 3623 3045
4915
4125
1724 1716
4126
1758 1712
2944 4056
6969 3298
1531
1738 721
4918
2968
4125
4125
4917
62
4125
2539 6723 2631 1795 2528 2539
4125 2140 2911
4126
6722 6691
1669 1871 721 1871 1622 1871 4449 1622 1871
1538
1531
781 817 732 752
2968
4074
2944 4099 2740 4201
4915
4129
3510
1531
1531
4129
1531
163
4916
4125
4125
6969 502 687 625
163
3510 1853 1862 2363 1737 2797 1622 1622 1862 1853 1868 1164 1737 720
4126 4130
1531
4125
4916
5468 5471 3391 3307 3307 1704 4437 2944
1531
2944
503 675 1855 4126
4915
1531
163
4125
4125
4132
1531
2944
1531
1164 1853 692 1164 686 1853 686 1615 1853
4125
4074 2944 4074
4126 4125
2912 1531
5837
4917
3881
4126
1531
163
4126
3423 3929 3930 2374
344
4126 4112 1531
4125
5806
4126 4126
4125
1846
2968
1915 1915 1915
4916 7049
4074 4074
1531 5843
2369 4258 6971 5011 2366 2368 6336 1797 1807 2369 1533 3275 861 5978 6012 865
5607 2466
1531
4125
386 1710 6336
4915
4112
4129
1531
1206 1195 1211
1531
163 163
4126
4126
1531
4126
6969
4125 4915 1531
1531
4126
2656
602 507 263 1853 1885 1615 1538 602 263 677 510 677 507 602 1538 1885 263 507 1868 602 2540 5640
4132
263 2584 2643 4402 263 6969 3306
1531
163
4915 1531
4915
4125
1531
4125
4915
4915
4125
2797 4126 4074
4136 4074
163
4126
3049 3278 2497 263 2527 263 1547 2764 3694 6851 1983 3309 263 6375 6723 683 504 602 263 4420 1683 1547 2274 3561 1986 263 2723 2022 4718 3694 263 3278 2540 2440 2480 263 683 1848 626 1792 5875 6369 263 1683 5941 2031 1547 2440 6851 5941 263 6398 6369 6985 263 5770 2527 625 683 263 6356 263 2224 6369 2797 6851 3561 1547
5631 1743 3509
163 163
1850 624 523 698
1533
4126
4128
4915 4112
2224 3404
1753
6971 6691 1531
3592 5845 263 3622 263 2216 3330
1215 1771 263 1177
4127
4136
2944 2368 6822 4632 5839 6822 1801 2635 2368 6990 4136 1759 5826
263 1531
1915 1915
4126
2968
2968 4917
1531
1531
1846
408 408
4128
4125
4101
4918
4125
2969
5 5
4125
57 4291 4280
163
4128
1760
4126
408
4126
6341
4125
3269 4012 2210 2369 3889 3877 6341 3881
6969
5624
7366
4126
163 163
163 163 163
4126
4126
6987
4125
163 163 163 163 163 163
4126
1
4125
4127
4129
2949
4009 3338 3899 2769
4131 4131
1772 1871
4126
4125
1796 6921 263 6905
4258 3639
5742 2321 4731 2851
5917 6691
4128
4136 4026 1840
3882 6723 3747 1821 6722 5530 263 3772 6722 1776 3746 263 6722 263 1776 3747
1785
3509 3509
4112 3441 5845
2944
4125
4126 4115
4126
4126
270 5773 4303 4952 2219 5925
4125
1531
3889 6012 2363 3850
600 686 602
4136 2944 4112
4137
3491
5522
2790
5344
4077
4126
163
264 1394 1374
1531
1531
4125
5648 6971 7176
1861
5976 4304 6662 3268 3298
2968
4136
163
2946 4126
4126
277 3910 6341 2797 3898 2634 2249 1547
4126
4098
1707 4132
1391 1120 955 1045 1047 1039 1131
4125
4136
3275
4103
3875 2769 3877 2797
4099
4125 4126
285 300
1622 1871 1737
4758 2538 263 2216 2755
4915
2677 3695
163 2369 3404 3258 263
5875 2634 263 1547 263 5640 5875 263 5640 2825 5848 263 3405 5607 5281
3509 1703 1532
4917
2956
163
2216 2216 263
4125 1699 1699
4917
1531
4131 2944
4125
5625
2944 2908
2754 5967 1668 3138
4918
1531
4136
4074 2943
2956 2956
6691 4829
4129
4125
2656 1547 263 5941 2640 3509 5932 2641 6670 263 5764 3647 1547 263 3338 6398 263 3261 4439 3536 3309 263 4439 4264 3309 263 2641 3309 2633 3922 263
3510 2944
5607
2248 2247
4125
163
4915
104
263 3622 263 3922 2997 1547 2997 263 5610 263 3622 3622 263 4439 3257 263 263 3915 3258 5928 3922 5606 263 3876 2287 263 1988 1672 522 709 684 602 6668 263
5929 3307 4219 4438 4908 2754 2634 3306
4126
1622 721 1871
4126
6988 1706
1669 1174 263 3297 5747 5749 263 1193 1174 5742 3297 6985 1193 1864 263 1174 5749 263 5941 1174 1193 3297 263 1177 1168 1193 3510 263 5431 1193 3297 1547 263 1177 1211 1771 5344 263 3297
2336 6668 263 3278 5936 4439 2333 263 2333 6668 6793 2336 263 2586 263 3261 4284 3261 263 3278 2336 263 6668 2333 6793 263 3261 2336 1705 263 6668 3278 2336 2333 4284 4284 6668 2333
4126
2968
602 608 610
2191 2944 4136
1718 2363
6668 3880 2431 3337 3343 3334 2779 2440 3374 2773 6943 6687 4046 6694 4043 6908 5832 6943 4125
4127
4426
2369 1862
2369 6346 6284 263 2313 6346 263 6336 263 2807 2806 5827
5935 3319 3306
4126
4126
3637 263 5829 5829 263 3637 5829 3647
6286
3255 389 3260 3436 1825
2825 6668 263 1685 6320 6341 263 3009 500 1737 506 3420 1741 6392 263 6365 3420 3404
3780 2853 1703 2369
4915
2643 5746 2754 3261 3878
4112
2633
3873
4112
4101
4126
4598 5344 3510
4074
3269 3927 3875
4125
2968 4125
4917
4125
2968 4916
4451 6894
2944
4128
1532
1531
4074
4125
4128
4915
1846 1846
5053
4074
263 2326 3261 263 2644 3261 5431 2802 2826 2820 3915 263 6722 3261 5431 263 2326 3261 263 4420 3261 263 3518 1836 2651 1836 2651 6985
4125
1531
2366 2797 2317 3877
1532
163 163
4136 2944
1531
2766
4125
4136 4136
4126
4136
3952 3934 5945 4422 6970 5542
5610 2697 2651
4916 1821
4125
4081
6722 4218 5976 3270 2440 5917 2224 3273
1707 1743 1707 285
4915
6973 3510 3640 3336
4069
5431
1531
4070 4081
2275 3509
4915 2435 3091 5522 6392 3408
5339 5225 4439 5847 5793 4631 621 2224
3270 3269 5629 2366 2325
6
1531
4915
1531 2968
4130 4131
4126
4125
4126
608 5796 2775 2617 5772
2944
4917
4127
4136
1547 5640 3877 1825 389 2585 4218 6969 2461
4126
4136 4126
4131 4130
4917
1531
4125 2195
4136
5763 3323 610
5487 3278 1720 5628 263 263 1720 3338 5628 4420 264 1720 1785 6801 5840 4420 263 1785 1698 3003 264 1746 1748 6988
2164
1738 373 1366 342 1305 394
1531
4125
256
2969 4087 4126
4915 4127 4112 4099 4112
1738
1531
3911 3890
6251 4129 2956 2944
6931 1931 2655 2636 2506 1931 5805 2653
2956
4523 3137 263 870 1162 431 431 1162 870
1394 264 974 263 4576 4332 263
2855 6399 2855 263 2211 3559 263 2855 5607 2855 263 2855 2211 6399 263
4125
4918 4125
5450
2458 4218 3910
1855 601
163
163
4422 3001 263 2808
514 602 689 500 502 3927 2372 5742 263 1547 2216 6409 2779 5328 6365 2249 3269 263 1983 3643 1224 1175 1190 263 2750 3257 263 3258 2750 3024 2997 263 4371 2762 263 1983 3644 3923 3024 2997 263
3311 2773
7024 2363 2363 4164 6296
2164
1531
4131 4130
1531
5975 2649
4129
163
1532
4125
2968
4918 1531
4125
4136
4126 6690
5053
6796
163
1699
1531
2024 6289 1796 5844
4917 1264 1279 1308 1738 373 1366 1361 1279 1301 373 1308 1258
2968
1531 4125
4917
1776 5214 3881 2369
4917 4125
4112
4125
1531 4915
1531
2022 3334 4908 6723 5431
3297 6691
4112
163 4915 1531
4129
4126
1164 684 609 4280
4916
2943
1119 5941 1040 5606 2633 1388
163
3880 6972
4915
4126
4126
4916
4917
5626
4915
2497 5832 5929 2602 1836
4588 4327 4330 4334 4332
1531 4918
4112
1531
2325 5167 2307 1547 4179
4074 1531 1531
2028 3878 2022 3877
163
2777 2440
163
2968 4915 1531 6331 3622 720 1615
4125
163
71
5607
2645 2944
4917
4126
2164
1531
3509
2968 1531
4126
4917 163
4074
1531
4223 3923 3391 3321
344
4126
6925 5798 6691
1531
4217 3271
1531
2637 211 2655 1841
4918
526 527 5067
4126
4915
1683 1692 6369 4103
4126
4125
4918
6723 5763
4126
6972 431 5845 4426
4917 1531 512 603 688
2968
4131
1531
5929 6800
5311 5047 6398 1531
2943
163
1855 1622
4136
2944 4043 3261 3255 3510
4126 4125
4127
1531
4915
4126
4136
1531
4918
4125
4125
4125
6668 1801 263 3654
3638 3873 3638 3278 3637 3873
2968
4125 1478 1469 1474 1516
1531
5940 3874 1785 4916 1531
5162 5073
4126
2826
263 4899 6969 4324 263 4178 1836 263 4618 4218 3899 3986 4617 263 3340 3959 263
5941 6792 2326
5624 1693 3900 3320
4126
2133 4125 4087
3261 3540 5945 3692 2968
4101
1862
4127 4915
4915
4054
4917 2944
6398 263 5843 6995 5843 263 4420 6398 3405 6995 263 4439 5640 5595 263 5640 263 6985 5626
6701
1531
4132
1531
4126 4126
4125
4125
4918
2944
4126
4112
2943 4129 2944
861
1531
263 3509 3278 5941 3644 2275 3269 3510 263 5941 2024 2777
6905 5748 6924 6948 2797
2949 2164 2917 2922
2944
3785 3927
600 238 1853 1855
4915 1531
1821 1842 6346
4915 1531
4915
1687
3851
263 2249 3278 2216 163 3271 3647 608 1855 1868 1615 263 3510 263 1868 263 1855 1615
4125
4099
4112
3334 2754 3275
6796
4125
4126
4917
4126 4915
3156 2817
4137
7114
2164
4125
1
4126
6921
3510 2497 3148
4130 4132
4139 5227
4125
2944
4136
163 2944
2363
4128
4112
608 2646 5827 3651
4125
62
5684 2851 4065 5328
6855 2754 2754 6855
4126
5610
163
4125
4074
4125
4125
3269 5470 3509
2944 4112
4125
1836
1531 1531 1531
2142
2944 4126
4917 4915
4916
2159
5
4125
7 4112
4125
163
6934 2910 2906 6934 6935 2510 4136 6935 6332 6935 6332 6934
5466 4982 3386 5466
3510
2817 602 2326
601
4074
4125
6281 2944
4126
3267 2644 263 5207
4127
2434
2172 4090 4125 2944
1532
4074 4074
2954 2643 2204 2630
4101
1996 2645
3952 3924 3623 2375 3934 3275 2645 3921 2589 2325 2652 3899
4136 169 4126 4126 6441
4136
507 263 518 510 2835 2224 263 2363 5328 2834 602 691 500 2225 263 6320
163
163
2944
2628 2855 2321 1533 4802
3536 4264 4263 3644 4264 3539 4264 263 5827 264 3008 5829 1540 4264 4263 263 2249 5829 2214 264 5827
4131
2797
3267
4126
4125
3510 6900
5824
3960 5297 5642 3757 3302
3889 6972
1041 1391 1128 264 1119 1388 1479 264 970 1119 1041 3268 3924 3270 263 3924 3923 264 1119 1041 1479 1119 264 1388 1041 970 3961 3898 263 2216 1547 1041 955 1479 1119 264 3961 2249 3952 263 1388 970 264 1041 1119 1379 1379 970 1119 264 1041 1388 3881 3889 263 3509
1738 1855 263 692 434 431 1195 263
876 2326
4127
228
3899 2210 3509
4918
1546 1206 1219 707 263 434 703 1219 413
4915 4125
4132
4125
6800 1531
4081
4915
5820 2797
2944
163
4125 4125
264 2369 5941 6369 2369 5941 6375 263 5941 2369 1547 6369 2369 5941 6369
64
2366 1245 2756 2756 5943 263 3274 1547 2374
1738 1622 602 1868 264 693 1622 625 264 693 1868 263 768 791 820 818 855
4915
4915
3652 3970 263 3338 2853 3915 2392 263 2746 2375 3916 263
6894
1531 721
3423 3889 3049 2369 6969 263 3889 5606 6969 3261 263 263 2633 3876 5431 6969 2643 263 3120 1683 6969 3045 263 2369 2643 1760 6969 3046 263 2249 518 263 602 684 1683 263 1760 2635 2797
163
4132 4130 2944
4125
6296
4136
4125 4125
163
163 3297 4439 1622 263 602 263 6318 4439 2207 721 625 1538 4423 263 721 528 1538
6690 263 6906 269 6911
3203 3310
2944
5905
163
4074
1785 2216 5844 5848 263 163 5875 4531 2220 2208 263 6985 3754
5482 5941 5941 2527 3379 2797
4915
3314 2027 3268 5801 5532 2913 4432 4632 3809 3288 4259 5515 2032 2146 2922
2944
3510 263 5531 3420 5801
263 3261 3876 5839 3509 5752 263
