5749 2853 2232 2284
228
2164 4633
4125
2946
4125
1698
6239
1707
4126
1915
2969
2362
4126 2911
3876 3269
4125
2435
4112 2968 4112
4125
1622
4126
3267 6734 5929 2403 1532 3637 3875 2362 2402 3268 5764 3062 3336 3509 4281 3380 3386 3379 6855 2810 6734 3408 5763 3269 3875 5929 6734 2754 3268 5765 6283 4281 4291 3311 3379 2402 3386 3380 6855 3269 3379 4291 427 3386 3380
2374 5496 4632 6666 2944 4632
2968
5967
4126
4099
4112
4087
5
5624 1531 2369
4799
2943 163 163
4125
4125 2969
4126
4125
285 285
2969
4126 2968
4125
2944
4126
408
4125
1533 1701 688 526
431 1374
4103
4135
5760 3113 5760 2224
4125
2969
4542
13
4033
3643 3271 3644 2363 4616 3267
64
4694
3914 2825 2326 2797 3270
2968
2375 2367 2367 2645 2375
5542 3274 3275 3086
6759
163 163
4126
4136
2968
10
431 717 6729 2325 2325 6729 677 383 1294 510 624 3414 373 518 1278 6696 6906 678 6691 688 4126 1471 1466 431 6696 717 1119 1474 1120 1457 1473
1699
2944
4125
1751 1745 3 25
4125
4125
1916
4126
4997 6691 2368
4125
4126
4126
4125
5531
4136
4126
4126
4136
4125
6924
4132
4126
1776 5631 5532
2969
4103
2414
5941 5628 4127 5628 2911
4125
5980
4136 2944
4126
6885
2102
4127
5
4129
4127
4125
2944
4125
1871 1622 1614 1871 1622 1614 3201 2333 3882 1622 3882 6855 6855 3882 1871
2777 2249
4126
1668 1680 2888
1699
4125
2372 1704 263 2835
5
5619 2754 6012 2241 3877
4074
5336 2317 6855 6976 3880
2968
4101
4112
4126
4125
2949 2944
2968
4126
4126
4125 4099
6331 2855
4125
4125
4136
4125
4126
3510
2969 1671 419
2944
4125
4535
3268 2754
4112
1
4126
625 720 610 677
4125
2550 2550
6723 2140 2368
2634 4273 2632
64
2362 1759 3013 5875 4534 2362 2146
4126 4126
4126
163
6971 5311 3637 5976 5373 5372 398 2195 5547 2326 3049 2374 3165 4525 6972 5311 3463 5976 3165 1547 4425 4525 3049 5372 392
4126
3509
4127
1777 2249 5535
1777 2325 5749 3662 3307
6263
3412 6969
4125
4125
5502
163
5877
4126
10
4126
2968
2969
1533
4126
4126
4125
3510
4127
4694
2911
4125
4126
4139
2968
4125
4129
4126
2203 2203 4539
3201 3649 2367 3592 6398
4136
10
4126
5749 1622 2239 3642 1864 3419
4074
3510 3875 1704
2853 4216
4126
2968
5557 6722
4065
4126 4126
3668
4127
1740 1622
1836
4125
2946
4132
4126
1944
2481
2969
4126
2140 2965 4125 2185 6700 2194
2968
3273 3274 3273 5003 3334
62
4125
4128
163
2195
2969
3509
4129
4125 4125
4128
4126 4074
4125
4074
4136
4099
4112
4125 4130
4126
4126
1776
4126
2440 263 1547 3509 2400 3374
2983 4063
4125
4126
4126
4125
4129
4126
263 2220 3748 5840 263 3334 2644
5929 2229 4022 6320
2793
1119 1389
4126
2969 4136
3625
2968
5805
4126 6279 6262 2707 5534 3552 3408
2856 2968
4103
4126
4136
263 5750 2366 2207 6242
1913 408
5530 2797
4126
3983 4136
4125
2944
1532
2631
4074
2160
4127
2755 384 1681
2797 6723
3625
608 1622 5826 602 1785 2750 5839 5246
4125
1698
2943 2645 2943 2969
4126
4125
3
2372 2369
25
261
6238
4129
6258 2911 4126 3509 2921
4131
4126
4127
3408
5631
1532
3309 3275
6284 5572 5801
3509 6013
3119 2756
8
