1622 2326
4132
2508 2203
4074
4104
4126
2797 4125
1855
2946
4125 2946
4104
4126
5607
163 163
4074
2752 3647 2410 3588
4136
2946
5607
4101
4126
3668
4126 6666
4131
5026
2797
4126
4126
163 4125
4588 4331 5191 4333 4567 1547
4127
2946 2965 2946 2946
4126
2797
4135
5450
5941
2363
2797 1853 163
4101
4126
4099
4271
2946
2166
2142
4085 3410
4126 1164 682 611 4126
5876 163
2966
4126
1846
163
4125
4127
4126
4126
3933 4437 2390
2196
4129
1670
2946
4126
4136 4137
1740 1738
2946
4125
4136 4638
1738 608 5326 2820 510 687
4126
203 2797
2946
1855 688 1738 500 615 608
4125
4126
1532 5941
2946
460 1738 500 688
4130 2946 4125
6284 6339
4125
2553 2362
4126 4126
4074
4126
4126
4115
6722
1858 675 600
4101
163 163 2797
4125
4125
1777 721 2333 1738 507 2024 1738 721 466 509 677 1738
163 4929 163 163
4099
61 61
4136 4632 4641 2329
4101 4087
285
1862
4126 4126 4126 4126 4126 4126
4125
57
2946
4136
2362
4125
4126
3668 4129
4126
4126
203
2142
4125 4099
4126
2797 6399 5468
4074
2764 26 6 2797
4128
7323 1533 1796
2524 5622 2502
4273
2946 163
4136
5941 4081
4126
263 4692 5607 2826 5923 4898 3922
57
4126
3897 3273 1698 6722 3959 5828 2853 3886 3351 3640 5295 3962
2510 2458
4125 4099
4136
4125
4129
4126 4049
1699
4136
4126
2797
4131
4131
2368 3875 3269
2724 1797 1822 5514
4127 1
4099
4126
4127
4303 2622
4126
4136
163
4063
2797
4127
4968 3275 6722 1531
5751 2645
4126
4125
163
4125
4125 4099
600
5752 2363 2391 6969 5530
4126
4127
1967
4125
2948
759 420 760 431
4126
2797
1813 1807 3380 3386 6353 1695 1813 2797
4136
2797
4104
4074
4126
3263 5826 5625 4663 3558 3255 3274 3509
1757
4136
4125
4125 4099 4074
4081
4125
4126 2946
1811
2797
2946 4126 6014 1836
4060
600 600 605
4136
4101 4101
4125
4125
4126
4747 1532
2797
4291
2797
431 3509 1826 4631 390
5941
3875 2872
1853 1860 687 623 522 523
3510 1757 2528
4126
1116 1378 431 1108
4126
4126
4126
4125
4125
4131 4132
5941
3509
3892 3268 3894 5607 3898 2797
4074
4074
4125
4125
4125
4126
1791
4126
4631
4
5941
163
4127
1683
6723 5761 5772
3269 2366 2756 5340 3338
2906 1774
4136
4136
4074
4125
4126
5941
4129
5640 6326
721 1532 1871
4126 6283 1748
4125
4215 2755 3897 3195 4525 1547 2274 2862 3881 3558 1836 3049 5742 4708 4525 2862 5848 3559 282 3438 1547 4425 3881 3049 5740
5941
6904 4307
3881 5214 4129
4126 4126 4125
4126
608 2325
4125
3560
2797
4125
2362
2906
4125
755 824 722 734 728
5485 5521 2368 3962
4125
4101
4125
4632 2191
4074
4126
2797
2134
4125
4126
3334 1988 3963 6296 3874 1547 1547 2363 2275 3334 3268 5749
4227 3898
168
4126
4125
4125
4126
3092
2946 4126
4125
5481 3359
4126
228
2195
2210 1738
4126 2946
163 163 1622 721 1669 163 2797 163 163 163 1669 721 1622
285
4125
2946
4127
4125
431
4131 4131 4131 4131
163 163 163 1532
4126
4132
1795 1987 2368 1622 5875 6415 2682 5875 1703
3136
4638
20
4126
1699
4132
5324 3760 3757 3764 5325 3640 3719 3752 2776
2834
4126
4447 6320
4132
5607
1757
1683 5532 2369 2461 4533 5532 2369 2461 4533 5532 2369 2460 1683 5532 2461
4125
5530
4126
6722
1039 3638 1042
4074
2946
4126
4129
6855 4125 4130
4129
4127
2210 2368 1724 6969 2368 2284 2224
4126
4126
4126
1737 1862 721
1622 2024 2644 3623 2833 5844
3602
2946 2918
3814 4126
5929 4126
4126
4129
4136
5941
1533
4126
4136
4126
5941
2797
163
4128
2210 4068 2369 4271 2210
2947
4126
4125
1564 1553 1569 1549 1561
3298 2285 5747
167
4126
4127
3625
6352 21
5295 1818 5310
4126
2180
4125
2797
2944 4632
4126
4641
4125
4125
606 1615 1868
4074
4098 1699
4125
1824 2906 1824 6933
2966 2187 4632
5929
4126
2797
4129
5607 163
4125 4126
163
4126
4131 4099
4137
1
4126
4126
2797
5844
4074
6690
4126
2368 5827 1852 2216
3952 5468 3921
2903
2440 3922 5795 5792 5297 5295
2797
6014
4104 4104
4126
3510 1382
1375 1248 1376 717 1398 1162 1377
4126
13
5941
1757
4074
4125
4125
4125
172
4125
4126
4128
4126
282
3894 3878 6318 1547 6014 3297 5747 2391 3275 2232
3494
4126
4101
285
4125
60
4125
4126 169
6296 2946 2146
4129 2943 6257
4137 2946
2797 163
5929 2326 1045 4328 1045 1391 1130 4326 2326 5929 869 2326
2946 3343 3644 687 1738 1983 1855 2362 709
3297 2369 2769 3923
4273
4136
4126
4101 5827
5752
6014 4174 4175
4125
54
4126
4126
163 2797 163
188
431 869
1820 4539 1821 3015 3275
4136
1757
4130 4125
4136
163
4132
4126
4074
1837 6972 1850 2797 1837 6972
5564
163
4125
2797
1533 4747
3312 6341 3509 2851 5297
2946
4706 4944
2210
3306 5339 2648 5640 4304
969
3510 5606 1464 1475 1475 1038 4435 1043 3510 1475 1475 1038 2628 431 1463 3510
5622
4125
163
2797
169 2797 1703
4126
233
4136
2362 2210 3878 3900 6346
4126
3877 5324 4262
5514 1807
3509
163
4126
4126
2949 4126
6904 5206 3878 2754 3510 6723 2858 5336
2949
5929 3900 3623 5629 3270 2442 2232 3758 3881 3778 3510
4125 5929
4126
4126
4126
4125
4126
4135
2820 3778
2797
23 26
4126
4063
2797
4125
4125
4127 2185 4128
4129 4127
4126
431
5607
4136
286
4126
3556
1394
2325 1779 3340 3405 3334 1738 5845 1615
4129
163
2858 607 1615
1670
4137
4101
4129
4125
4126
5941
163 163
4125
4126
4136 3 24 3
4126
163 163 163
4126 4125
1795 2144 2187 3822 2906 4126 1795 6237
600 3278 4724 2645
2797
163
4099
1932 1932
4126 3668
5531
4126
4125 2946
4125
4126
228 64
4131 4131 4132
1531 4747
163 163 163
163
4125
1906
4126
163 5607
5940 4126
2946 2946
5607
4128
4129
2797 3923 2369 1821 6924 2826
1777 6850 6241 5471 1776 5921 6014 5912 1698 1707 6013 1820
4132
2773 5808
4136
4131
4074
2969
4125
3875 6723 5325
3494
6252 3078
163
2452
5838 6723 3875 6392
78
4126
2540 2827 3409 4081
5917 5747
2797
2643 2225 5626 2224
1378 1394 3275 6723 6326 3461 5431 391 5975
4126
1533
4125
4136
4128
4127
4125 4125 4125
5929
6933
5940
4125
4125
4129
4125
4125
2195
4127
4126
163
4125
5844 3622 5844
4126 2946
2797
4128
4129
4074
4126
163
5929
2797
721
2072 859 864 5521 864 859 864 859
4125
163
6417
4126
5537 3814 4136
4126
163 2797 3510 1855 163 163
1686 1692
4126
2946
6346
163
4126 4126 1531
3494 2946 2944 3494
2956
4126
6259
4070
4103
1822 5496 6014 2368
4136
4125
2363
4101
5624 2765 4364 5544 1825 6969 389 2366 1797 4646 5544 4082 3463 4646 392 6891 2410 5979 6886 3463 1547 3720 5640
4694
721 1855
163
4055
4125
4125
4126
2797
4273 4136
2773 3275
4126 4126
4127
4126
1709 1738 385
4125
4126
4126 167
1738 611 687 709
163
4125
5621
4074
5808 6990 6988
2645 2142
163
4125
4136
2146 2140 5720 5721 5227 2967
4126
3602
1511 1477 1523 1462 1464
2946
5976 1855 5977 2857 5772
4136
4126
6242 2369
4125
1533
1707 6851 5941
2428
5929
4126
2369
2946
206 206
4136
1784
4126
2946
4125 4125 5564
5450
2797
5607 2757
4125
4137
2797
5941
4129
2956 4073
6
2946
2138
4112
4131 4131
163 163 163 163 163 163
3269 2855 5630 5632 4136
163
3510
4126
5752 5920 1381 1379
285 5941
4125
3933 3932 276 2775 3268 3307 2762 3899
2946
4125
4126
5929
3
163
2835 5634 2235
163
4126
2481 5807
2969 2797
4135
4074 277
5607
4125
2756
2723 2797 2756 3273
1885 682 1622 611 2583 1855 681 1885 609 682 507
2284 3959 5844
2195
4125
4126
163 163 163 163
2946
2432
4126
2797
4126
2184 5722 4129
4125
61
5940 5468
613 677 685 1615
4528 1776
4126
4126 2946
4136
4002 3997 4212 3744 3881 5677 4218
4128
5607
1681 3380
7026 3290 6850
2797
2946
4125
4126
4099
4125
228
5929
2433
4126
2946
2946
6014
4126
4098
1706 4126 3275 1705 1707
4074 4099
4126
4101
5941
4101
6855 794
4126
2586 4992 2851
1531 6336 5633 1743 6972
2726 3869
4126
87
4136
4126
2481
163
3374
6268
4125
2631
4052 2969
4126
4126
2797
4125
4125
4125
5643 3510 3692 1039
4129
4074 4061
1742 1531 3881
4126 2946
4125
4132
4125
4125
6399 2185
2969
2797 4125
2334
4099 4101
4126
2436 2435
163 163
4129 2946
4063
2415 2415 2414 2414 2617 5941 2414 2415 2617 2414 2911 2414 2415 2414
163 163
4125 4125
5797 5798 263 448 263 1622 1871 238
5483 263
2946
4132
4125
1394 1374
5873 2833
721 1622 1862
133
4104
4125
5844 2851 2224 1532 4074
5470 1703
163
1935
4101
1743 1767
674 1853 1848
4126
677 508 1701 5205 5204 3275 2368
4099
163 163
2946
4126
2901 4126 1836
4136
869 263 1400
4136
5468
4125
1757
4125
4136
4136
4422 602 1738
4127
4126
4137
4125
4291 1728 3380
3340 5917 3269
4126 4132
4126
4125
1707
4126
2797
4125
4125
4129
5470 6013
4126
4126
709 602
2949 4136
4126
5920 5941
4132
2644 6014 3952 2275 2458
6723 1547 2851 4536
1759 4303 6920 2211
2499 2725 2725
4126
2325 2185 2946
4126
4136
4126 4126
4125
4132 4132 4132
4529 263 5610 2459
4125
5328 5634 5920 2754 2214 2538 1547 5926 3307
4104
4125
5448
5941
4126
163 5607
4130 4132 2965 2944 4132
69
4126
3201 5941 2641 5626 5532 3149 4125
4125
2946
4126
4126
1760 3510 2578 3268 3306 5761 1533 6969 1760 2578 3510 3306 5761 1760 3510 5752 6969 5828 3306
6013 1707 3509 62 5625 2797 3
1737 1669 838 4126
1759 1718 3694 4419 4422
1757
2946
4103
4129
2797
2797
4074
163
163
5941
4126
4125
4129 4129 4129
163
2833
11
4115
4126
4126 2134
5941
4125
2946
4126
4125
2185
296 163 163 6012 2834
1622 2835 2300
5555
60
263 2754 2797 3307 5624 5530 2583 263 721 1737
6972
2146 5705 2906
4126
2797
5765 3955 5634 5286 3321 6723 5826 1547 5532
2459
4136
163
5531 5941 5631 5606
1855 1615 686
4126
2334
2946
5344 2645 5471 959 1042 1128
3320 2797
4136 2797
3878
4747 5845 1533
4126
1531 4747 1531
4126
163 163 163
1533 1693 1692 1533 2797 1533 1693
1531 5012
2956 4137
4127
4074
2803 2802 2808 5925 5929 2805
4128
163
285
4126
1699
163
2946
282 610 2374 602
3321
2943
4126
4129
4127 3668 4125
4125
4447 1679 721 2946
4129 5929 6691
4125
2899
163
4126
2797
1785
4126
2899 4126
5929
4125
2797
4125
2725
5610 6722 2363
2633 3275
4127
4099
2797
163 163 163 163 163 2797
4126
4129
4125
5941
1312 373 1257 1352 394 1825 389
163
163
4125
720 1738 721
4528 4535 1683
2142 4128
4136
4125
3307
3869 3869 1821
3269 1820 3268 5309 2851 3267
4127 4127
4126
4126
4126
4127
2965 4137
4126
3875 2773 5629 3273 3510
4135
2195 4125
6291 5929 1809 1814 5929
2151
4125
5941
4101
2195
1532
1716 1724 4137 300 1731
4125
4126
4126
4132
5607
4126
2369
3273 3275 5607 1797
2946
4126
2189
1862
1757 4218
5941
4126
3423 2648 1742
4126
3278 1836 2855 5632
4074 1 4074
5929
4126
163 163 163 163
163
5940
6259
4125
4289 3377 5848
1045 1379 2777 3510 1399
1707 3423 3278
1997
4125
4554 3881 5764 5372 2727 5246 1547
5941
5977
4126
238 1738 720
600 1853 1615 682
4125
4126 2797
4126
163 2797 163
6969 5532
163 163 1622 721 163 5607 163 163 163
2797
2797
4132
2946
2946 4126
5622 5470 263
1400 1389 1131 264 263 1547 4898 2369 5849
4126
3440 2873 142
3892 3259 5941 3334 1685 4132 3509 3306 3878
4128
5941
4126
2368 3736 6668 3267
4104
355
4127
4136
4131
2797
1532
163
4125
4132
4126
63
1715
2232 5496 3509 3882 3964
2169
5941
4126
6723
4126
4125
4128 6722 6723 2186
2965 2164
3018 3165 2440 5372 2643 2764 2225
4126
3952 2362 5829 1704
3491
163
4126
3639
4125
5607
4126
4126
2946
4126
4129
2946
2797
6972
4125
4125
4127
4632
4126
5729 2920 2906 2920 3815 2946 3824 2918
2857 263
2851
3364 2797 1532 3273 2797 3270
4127
4447 2797
4136
4125
4126
4126 2797
4803
4127
2797
5941
2797
4125
2503 2524
4136 4126
2966 6262
6239 3880 2369 2438
4126
2797
163 2797
2510 2497 1837 2538 6666 1837 2585 2303 4175 1837 1839 6973
4125
4126 4132
2369 1672 608 677
2142 291
1728 2946
1686 2296 2294 6237 1685 2296
4125
1855 3273 1738 1682 1685 285
4125
2754 3292 2756 1855 2756 1855 1622
4126
4136
3694 431 3336 3269 1987 2369 3278
4126
4125
4126
4132
292
2820
5925 2797
4125
5941
6906 6691 6907
4126
5801 3875
4125
6343 4425
4125
4125
4126
4125
163 4074 4074 163
163 163 163 163 2797 163 163
1757
4125
4129
4125
6986 6723 3261
163
4126
4125
4126
4136
4280
4125
2906 3491
6241
4125
4129
163 163 2797 163 163 163
4069
4125
3045 3275
2195
3829
4136
1622 3364
4127
3386 2211 6985
324
1699
2996
4126
4128
2946
3273 3891 6723 3269 2773 1779 2633 6012 1774 1743
3294 5941 6014 3311 6014 5941
2445 3727 3728 3194 3769 4407 1547
4125 5760 3420 5925 1785 6013
2797 5941
2946
2024 2333 5711 1532 4554 6784 5584 1547 2853 2232 2230
4136
1821 5496 2210 263 1776 389 1825
1133 264 1041
4132
4136 4126 2969
4126
4126
2920 4638 2926 4136 2146 2919 1547 5725 2432 4126
2859
4074
5929 3510
1116 1374 431 264 2640 263 4631 5941 1116 1374 264 431 263 2640 2599 4631 1622 693 1738 263 2203 5628 3405 4631 1546 1738 264 1622 693 5628 4631 2725 5840 263 3404 4631
4125
4126
4126 838 683 612 1615 2946 1615 683 608
4125
4136
1530 5058 4543
2946 2185 2911
4101
4125
4126
4074
4132 4130
4099
4129
4126
4125
3882 3306 2858 5756
3265 3959 1042 5849 877
2797
4126
6723 2325
4127 4099 4632
4099 4132
4126
163
4925
4125
4125 5929
4125
389 1795 1825 2857
2946
2946
4125
5576 2369
5941
5282 4663 3927 2777
163 163 163 163
2797
4126
4136 168
163
5634
4125
4074
1995 1547 3270 2367 1718 2235
4125
1531 5546 163
3743 5328 2369
4126
4663 6972 4304 4303 3008 2336 3021
4099
5844
263 5920 2832 2806 5625
4126
4126
4126
163
263 1400 1378
5563
4132
2180
1531
3876 5338 2754 2797 2858 5335 6855 3877
2946 4074
4126
2946
5925 2769
1040 389 1825
4126
1122 872 1054
4137
4132
4125
4125
6668 5801
2946
4126
4086
4126
4216
22
1846
2756 2755 2764
4125
2363 2243
4125
1784 6399
5941
2797
4125
163 163
3260 3376 2861
2946
4115 4129
2969
2797
2946
163 163
4125
250
4125
5607
4136
4125
4126 171
2224 263 3405 3404 263 3022 5282 5280
4126
4126
4126
6792 2524 3882 5333 2538
4125
2195
4074
311
391 3461 4126
4125
4747 1533
1738 602 690 623 513 674 1826 390
4137 1234 2876
4125
610 667 720 709 625 667 687 461 720
5929
5941
10 10
4125
3668 4125
4129
2797
4125
4125
5766 1821 5496 1708 5607 6666 5532
4125
4126
4076 2857 5535
4126
2946 4074
5531
5929
4126
5801 3278
4125
2946
1399 1040 431 1374 1248
4537 4183
5634 263 6800 6295
4074
2946
2134
4125
4289
2202 2214 2343 263 1547 263 6336 3045 2214
6336 5827 263
163
4126
264 1129 1374 1399 1400 324 2368 263 1751 1987 3340
4747 1531
3575
431 431 264
4126
2946
2899
1379 1399 264 264 1379 1116 263 1379 1116 1374 1248 263 1116 1391
4126
163
3720 2797 3736 5923 3772 5795
1737 6851 282
2946
4126 4638
163
1853 3959 1531 688 526 1853
64
1853 620
4126
4074
4074
4271
4126
4125
3509 6341 263 3878
4126
1162 431
6722
4125 5929
163
4074
4126
4074
2797
4125
2249 5843 263 2820 5843 2249 263 3021 2249 3001 1547 263
2777 263 1517 1464 1462 1523 1482
5941
2368
57
5941
4125
4125 4099
4126 2943
4402 4554 263 1547 2585
4125 4126
4126 2363 3343 3022 4541
2946 5564 4076
4125
2182
689 1164 608
4136
163
2956
4125
4126
4126
4125
4125
2859 6012 1860
2969
2214 5925 2773 6691 3335 2249
4101 4132 4132
1164 602 678
4128
4125
5806 3917
4126 2946
231 3376 1533 231 4137
4129
5941
5607
263 3880 2449
3873 5606 2631 3265 2449 3264
171
163 163 163
4127
4273 4126
163
4074
4125
4126
4131
1795 2946 6722 1795 6722
5629 2211 263
5941
1532 300
57 4130
1760 3261 6348 6349 5805 4554 5806 1547 3423
4076 1533
1116 264 1040 1394 431 869 264 3651 1547 263 6985 1715 6410
4125
263 6284 5929 5827
4099
171 4137
4125
1532
163
2631 2633
5607
5941
4126
4099
4125
1931
4125
4126
5629 1547 263 1704 6284 3510 602 1862 613 1858 686 602 264 688 1858 6313 263 1704 2773 6313 1704 263 5630 5633 263 6284 1704 263 1704 263
4125
1531 6943
5941
104
611 1532
4104
163
4125
4129
6013 6293 4030 6399 6013 6295
2797
5941
2645 2634
4125
3298 3952 263
4125
2528
4129
4125
4126
4126 4126
5849 5847 5283 3650 2634
4125
3323
1705 1705
4126
4528
5535 2936
4125 4099
2369 5204 5203
1785
3309 263 5925 3889 5925 3510 263 4174 5925 6336 3510 263 3510 3652 5925 3637 5845 263 3309 4174 3876 263 5925 5844
5765 4303
4074 2797 4065 4081
163 163 163
2375
4125
4065 5528
2797
4126
4125
4131
4115
2946 4074
4908 3881 5929 3270 5796
6969 1531
389 1825
3280
2797
4128
6259
163
4126
1704 3351 6668 263 6668 6320 6355 263 1547 263 3622 3351 6284 3510 6668 263 3623 5629 6284 3510 3622 263 4401 6320 6668 263
4126
4103
4126
502 688 1701 688 502 460
4685
1547 3694 4663 5750 6990 2230 3921 2635
3379 3379
3880 1760
4136
1825 389
5826 2797
1846
228
6346 2369
6326
4129
4126
163
63
3694 3275
2947
5801 2956 621 528 678
4099
5456
4125
163
4125 1533 3309 3637
702
4125
1868 684 1871 721 1669 264 1622 1868 1738 1672 1604 718 1615 684 264 5845 2797 2631 5606 263 3278 263 5606 3510 2797 3922 3045 2631 263 2797 1604 1702 1738 625 693 264
4747 1531
4125
1530
4125
2797
4125 6985 4125
345 4136 344
4136
2946 4074
163
2759 4433 5640 5281 3986 5629 2219 2555 1547 2207
2946
1724 1724
4125
6989 6989 2528 6989 6990
4126
5941 4135 4132 6259 1828
2645 2645 2631
4127
5941
163 2797 163
1997
4126
4074 5634 4304 263
2467
2965 2946
674 666 709
4129 4129
4126
4125
5929 4125
2366 3270
163
4309
4125
1853 620 506 1164 1868 5606 2773 3889 2369
4129
2369 1759 4663 4898 3639
5941
4273
3503
4126
221 2797
163 163 163 163
4127
3404 6410 5843 1547 263 4420 263 3269 3351 5849 263 6410 5843 1119 1052 1162 1389 263 263 709 677 625 1110 263 1389 1052 263 1615 625 677 1704 6410 6398 263 602 502 263 691 1738 263 1048 1119 1390 1043 5849 263 3404 5471 6792
4132
2948 4051
2797 163
2948 4085
4126 2946
163 163
5008
4129
4129
6326 2634 3876 5752
2797
5330 1813
4126 4125
4126
326
2528 2539
4126 4126
4126
163 163 163 163 163
4126
4126
2797
4696
4126
605 264 687 502 1871 522 503 461 1164 688 602 1871 1615 625 264 1871 687 687 521 1871 602 503 721 264 687 1871 515 264 602 468
3876 2754 2631 263 1374 263 1394
1825
3276 5929 3275 3275 5806 3276 2368 6971 4218 2369 285 2369 2369 4218 1807 4218 3289 6969 2368 2922 3809 3289 6971 6664 2369 2797 4218 3261 2754 6806 5731 1533 4219 2797 4218 6014 5607 3287 6335 4219 3287 6012
4125
163
2797
163
2834
4126
163 163 163 163
4074
5929 2756
4127
4126
4131
4125
2369
163
2809 5327 5839
1853 506 600 1164 263 3752 3744 263 3719 4215 602 612 264 3347 3274 3928 3903 263 602 625 1853 3766 5624 5752 5281
1840 2631 5606 263 4663
163 2756 3314 163 163
4129
4126 2945
6012 2965
4126
5941
4908 2362 1547
4125
3881 6722
4125
4126
4126
4128
5941 4125
3276 2229 2834 6295 2368 5529 7021 7022 3509 5216 7020 7290 5528 5626 6287 2368 2834
163 163 163
4125
1531
2641
4136
163
5845 6668 263 6343 2755 4426 3922 3622 263 6343 263 2833 6343 5829
1715 2644 2297 3509 263 263 613 1615 689 263 431 1044 1162 953 959 1119 264 1771 1202 1195 2645 1726 6969 263 1704 1771 1207 1195 1215 1195 264 1169 1771 1190 1738 602 500 1713 1868 264
4632 5470 6399 4136 1533
3899 5607 3877 1532 2643 2797 3405 2773
1995 3637 2220
1915
4136
2797
4099
2797
2946
4126
4125
4433 3297
145
4125
3275 3298 2769 3269
2797 5929
431 1037
3861 3854
7189
1042 1113 1040 1388
4081
2832 7231 7193 3877 3509 3875
4126
163
2133 2173
3509 3106 6223
4126
611 688 1885
4099
4136 6711
163
5530 3875 3405
1533
2515
4127
4125
4125
163 163 2797 163 163
2946
4131
1399 1047
4136
4126
2362
4131 4131 4131 4131
4126
2946
4125
6800
4125
163 163
4125
3891 3510 5771 3268
1717
4958 4947 4934
4125
5529 5622 6296
6969 3306 1825 6969 3377 3306 6972 3306 6969 3380 4291 3379 3377 1709
6971 2368 263
4132 2965 6829 4125
7396
2911
3509 5747 3509 3340
2930
4125
1738
4126
4126
2946 2949
4050
4126
2825 6986 263
6283 6287 2797 5470
3269 5324 6012
221
5630
2969
6819
1862
4207 6969
1531 4747 5607 2585
163
163 163
4126
2325 2362
163 163
1742 6295 2797 4112 4112 4112 5941 4136
6692 1886 4125
7397
1760 1707
3881 6851
4125
4747 1531
1530
4130 4135
4098
4127
4128
4125
4125
4126
4126
3882 1801 6343 5769 4219 5606 5759 2631 5640 2362
163
4126
4126
24
4125
2214 2946 2234
4126
6013 6971
5875 263 2363 1759 263 1759 4420 5849 3547 2832 3510 4433 263 5875 2363 2207 263 6667 1547 5875 263 263 5875 3547 3889 2634 263 1759 263 5929 5929 5849 1547 263 5929 263 4420 3391 2997 263 2634 2643 2825
2969
163
163 163 2797 163 163
3559 3559
2918 4130 2913 4101 2132
2946
4125 2946
1757 6723
67
4136
4126
4172
5941
6906
2634 6336
5929
2797
2644
4074 4074
6320 6985 1728 3923 263 1728 263 3309 6985 5492 7000 3309 263 3889 6985 2755 263 3278 3922 2631 1715
163 163 163 163 163 163 163 163 602 163 163
2724
5849 6320 263 5849 263 3873 6320 5849 263 3889 5849 263 5849 3623 263 3622 3922 3889 263 5849 5849 263 6734 263 5849 5631 3889 6668 5849 263 263 3622 5849 3622 5849 263
163 163 163
2565 2565
2807 5470
4126
5547 2369
602 1713 674 618 264 1858 1713 1850 674 264 602 1858 614 263 1713 499 1858 674 264 1604 521 623 674 602 674 1615 520
4132
5849 3873 263 1821 6668 5849 263 263 5849 3873 6668 263
4127
390 1826
6242 1530
4125
4125
6399 2858
4126 4125
4127
4126
418
2754 3306 2441 3881 2229 5607 2254 3880 2797 5336
1042 959 264 1111
5761 5607 263 2749 3420 3404 263 2851 2369 4731 1547 263 5844 1748 2851 263 1748 2851 6346 6346 263 2851 263 5840 6723 2224 6409 263 6346 6343 5840 2851 5844 263 5849 6346 5849 6346 6346 263 5849
4125
263 2750 2333 4280 2749 2220 2820 263 2343 6668 1547 263 2249 6336 263 6410 5844 2820 3923 263 3299 2329 263 2643 2834 2631 2220 263
5840 6663
2369 3357 3302 7050
4132 2946
4125
1757 6988 3889 2764 3882 3651 4126
6397 6319
1050 1039
4126
4125
4125
3101 1789 3280 2277 3000 3129
2777 3878 3874 2635 3877 5920
2833 263 3880
3509
4740 5046 4744 1695 5898 1801 5764 4963
4694
2965 5732 2296 5727 4126
609 1855 1533
4074 4074
2946
2631 2764 5627 3320
4125
1532
4126
267
163 163 163 163 163 163 4104
284 284 284 284
5941 2869
4136
4125
912 1129 1391
3520
4126
4129
4126
6865 3274
2946 4126
5941
6722 6722
5471 3652
171
5
4136
969 1162 1052 1123 431
4131 4126 4126
4126
4129
1622
4125
4132
4125 4099 4112
5929 163
1931 3483 2631 2631 3509 4517 1840 2636 3483 4052 1801 5589 2636 2291 1931 1785 5623 2757 1931 3483
3338 263 5845
5941
1040 1388 1111
6399 2211 6723 263
2797
2643 1547 263 2828 3438 263 2643
408
3509 2284
163 163 163 163 163 163
4126
3668
1533 4638
4136 2946
2954
4126 4130
4103 1699
389 1825 1531
5470 5636 1530
4126
4125
1853 1868 499
2369 3881 3265 3959
4125 4125 4126 4125 4125
3907 4304 3881 3892 1047 4663 2769
61 61
2946
4125 2369 3121
4126
5796
2946
4131 4132 4131 4132
163 1111 952 1050
163
4087
4126
1927
1533 5555 3274 2369 1724 2369
4125
4099
1825 389
4126
4125
4074 2191
3408 3899
2578 3262 3927 6327 2333 6969 2212 6319 2030 3412 6691 2362 2030 2645 6969
4125
3307 3892 4303
4127
5531 7113
4125
163
4098
4127
2903 2461 4126 2287 6666
4126 2317 4127
163
4137
4126
4130 4131 4131
1707 1967
3744 3752 5607 3876 3878 5607
3758 5747 6969
4128
8 72
2946
4428 1760 4291 3380 3379 2797 4428 4428 2797 3379 4291 3380 2797 4428 4291 3380 3379 6012 1760
4125
2876
1855 608
1760 5468 6855 3881
2284 6971
911 263 1390 1052 1124 5843 6398 3404 6410 1547 263
4125
4126 2946
