4136
2391 5826 3404 4009 2754 3880 3640 4433 2633 3273 4016 3694 6012 3878 3274
19
10
228
1784 1040 1750
4916 4915 4916 285 4112 4915
4136
4136
6236
2368 6358
1533
4112
1915
4132
4112 4126
6425
4125
5623 2797
1533
502 1701 687
1757 2825 1039
1531
10
6722 4139
4099 4130
4125
1531
6969 3379 1741 5621 6969 5902 6969 2099 3381 3386 2754 2810 3269 5765 3268 4281 1531 2968 3379 6969 6969 3386 3379 5763 4175 3268 2284 2754 5531 3268 2810 5929 5388 3381 3380 5793 2809 3269 3320 2754 6969 3558 1777 3269 5765 5929 3381 3386 3379 6969 4281 5929 3381 3386
4125
4126 1531
4918
4915
4915 4273
5060 5633 1547 6909 3877 3278 4218 3273
6689
4125
4125 1699
2372 3269 2797 3323
1531
4136
285
4128
2833 3509
4916 4917 3 4542
1531
1531
503 460 602 526 688 674
2797
4915
4135 4130
4125
4915
2944
4372 3343 1386
21 21 4
2930 4917 4917 4915 4915
4132
3018
4126
1531
4112 4112
3329 2776 3881
1531
4125
4139
4916
1531
2968
4126
2806 3404 2817 5842 269 2586 1547 5844 5847 7001 6341 4401 5624 6418 5845 5832 2224 1827 1801
4915
4136
2725 7335 1745 3
3886 2336 5333 6402 2665 2442 3692
2911
4125
1680 3888 3270 2968
4997
3033 2806 1707 3391 6855 4712 3015 3338 6904 6921 2337 3637 4214 3122 3090 4711 6928 3072 5625 2337 2252 2407 3343 4712 1707 3122
4125
4917 4915
1707
4125
1738
4126
4917
1531
4126
4125
10
4125
1531 5214 6812
2968 4915
4128
4126
2944
4126
1531
4915
4126
4915
4125
3869 5494 2224 3274 5606
1531
4126
4126
4915 4280 3195 3005 3379 3509 3379 3386 3510 4281
3
1531
1699 2969
1531
4507
2797 4692
4129
4918
1705
4126 1531
1531
1622 2132 1871 1772 6318 3259 1772 1871 1700 4533 1622 1743 1622 1772 1772 1622
1855 7005
1167 507 680 1738 602
2587 3510 4439 1796 5796 2825 3894 3321 4223
4125
721 2458 5187 1733 3869 1784 5643
4125
6
3278 2369 4218 3907 3086 2249 2600
1825 6976 389 6677 526 674 607 602 696 526 696 602
4915
3045 3878 2230 5607 3880 2756 2727 1760 5335 6855 3892 3952 2797
2968
4126
4125
1531
4125
4125
1532
431 4125
4125
4132
4125
282
4136 4112
4915
264 431 1374
2944
1531
1531
2968 1531
4125
1531
2968
4126
6734
4125
4125
4127
4125 1531 2369 4728 3347 3878 2802 5323
2944 4126
1795 4705 3463 392 2480 2461 5976 1547
4915
4112
2643 6012 1615 514
3741 6722 3273
1531
1531
4915
2723 3344 1759
3509 6723 4136 6969 3509
4128
4916 2968
4915
1533
4125 2461 6662 2754
4917
4125
4125
4916
4127
2473 2470 10 10 2495
4126
4917
2943 4126
10
5754 6935 2369
4126
3082 5921 5921
4126
4916
4126
2458
4915
1531
431
4127
408
3509 3307
4917
2968
4637 6722 4628 2919
4132
1531
10
4126
408
4115 4099
2902
4126
2911
4126
2968
1846
4916
2649 2648 1787
4112
204
5642 3273 3643 3509
4915 2968
1531 2208 3045 2755
4126
2968
4915
1531
163
2968
4125
4125
1531
4916
2968
7038
4128
2944
2968
1531
4065
4125
3307 3882 2665 5829 4263 3334 5764 2442 5763 3274 2230
4916 4125
1531 4112 4112
1531 4074 2944
4125
3376 6723 4212 2260 2764 3923 3399 4899
5066 5344 282
277 5869 5870 1757
4126
2413
2946
1531
4049
3873 2628 1785 263
4126
4126
4126 6713
4916
4915 1531
6969 2207 2652 3323 2363
4112
3381 5793 6361
4916
6969 6289
625
4125
4129
5231 3922 4034 3297 3921
1935
4915
4125
4916
2368 3269
1531
3910 3934 1531
4273
5610 3638 2851 4915
5462
4915
4916 4917
2856
2369
4126
4132
3623 5750 6723 6242 263 263 5740 3622 6343
4125
163
4125
1531
1531
4125
4917
4115
1622 838 721 693 1740 1864
4915
4132
4125
4126 2943 5826
4125
4917
4126
1547 1743 3952 3271 3269
4916
4915 236
285
4131
1801 1622 1622 608 721 1622 1855 2781 608 1700 1622 721
5333 2832
1531 4915
4915
4125 1776
3274 5644 3309 3912 5607 4419
1531
608 624 2230 2829 2797 6986
2441 3274
4136
4126 4126
6 3 8
2369
4915
4784 1785 6342
7039
5053 3675
4125 163 4126
4076 4131
1531
6853
4916
687 465 500
2855 5941 2672
4125 4099
5625
2754 2265 6975 2797 2441 2755 2442 2856 1785 2369 2633 6969
5344
2452
4126
4131
4126
3274 3307 2243 3881 2441 5625 3509 5007
6346 3875 1045 1390 955 2764 2723 1131 1040 1111
3415 4915
277 3030 2773 389 1825 2769 3307
5941
5213
1738
2527 3486
4126
6722
