1707
5631
5625
1707
5623
5625
4131 4099
5631
35 5625
1846 5623 4104
3509 5631 3900 3643 3274
4126
4112 1707
1707
5625
4125 5625
2946
5625
5625 4112
2968
5631
5628
4136 4126
3275 5631 6989 1987 3261
5631
1531
611 1707
1707
5625
5623
5625 4112
4125
5631
1707
163 163
5631
1707
5625
5631
4074 5625 4074
2946
7297 2017
4112 5628
2968
4101
5625 4112 4112
5631
4632
4112 5631
5625
4112
1707
5625
5625
2954
1707 163
4125
4136
1707
5631
5625 4112
5625
5623
5625
5625 4112 4112
2970
1707
4104 5631
2911 2947
1707
5625
4125
3347 3374 3914
5625 4112
5631
5451 5631 5450 5450
5623
1707 4112
5625
5623
5623
5623
3546 2369 3299
1707 1853 5925 1772 163 163
5625
1707 4112
5631
1707
4099 5623 4099
1707
163
5623
5631
4112 5631 2968
5453
5625
5625 3410
4112
4112
1707 4112
5625
5625 163
1707
721 1738 721 1738
4126
4129
1707 4112 4112
4136 2897 1533
5625
1707 4112
5631
4126
2181
5625
1707
5865
4126
1707
5631
1707 3869 3869 2983
5623
2946
5625
5625
3668
5623
5623
5339
5623
1707
5623
1707
2956
2956
5628 4112
5631
163 163 5625 611 163 163 163
5631
5623
6723 6986 3332 1707 3275
5631
5631 4112 1751 2645 1844
1707
1707
4112 5631
5631
4074 5625
1707
5631 2800
1707
2949 12 5623
1707 4112
4112 5631
5625
6366
2946 2797
4132 5631 4132 4132
1707
4126
4112
4112 5631
5623
188 5631
854
2970 5625
1707
5625
5623
5631
4112 4112 4112
5625
4074
5625 4112
2946
5631
4125
5701
5631
1707 4112
4125 4099
4927 163 5623 163 163
5625
4125
1707
4136 1707 4632 4136
4112
5625 4074 4112 4074 1846 4104
5625 4112
5625
4112 4112
4112
4125
5623
4065 1707
4126 5625
4125 5625
5623
5631
5625
2960 2190 2189 2191 4136 4112 5625
4125
2230 3881 2825 5634 2441
2333 3772 5625 3340 3640 3640 3336 3509 3509 3336 3908 3640
5625 4129
5631
1707 4112 4112 4112
1707 203
163 5625 163 163 163 163
5623
5625
4125
5625
4125 4099 5623
1707
2946 4126 5631 4112
5631
4126
5631
4129
1707
2134
5623
5625 4125 1825
5631
5623 2956
5623
5625 4126
4128
4899 2208 2634 263
5623
68
5625
4126
2956
4126 4112
1707
1707 4126
5625
1707
5631
4112 5625 4112
5623
396 5550 2432
5625
4112
4125 5631
5631 4112
4112
5623
4112
5631
5625
4126
5631
5625
5625 4112
4112
5623
5631
5631 4112
1710 386 163
5623
5631
5631
5631
4126 1707
5631
5631
5625
1707
2946
4112
4099
5631
1707
5625
2946 5625 4112
1707
5625
5625
4125 1707
4127 4115
5625
4112
5623
4099
2363 1622 4112
4126 5625 4127 4129
5631
5623
5631
1707
1707
5623
4125
1707
4126
5631
4125
4131
5631
1707
1707 4112 4112
4112 5623
5625 4125 4125 4112
5631
4112 1707
4112
4125
5631
171
5623 4112 2946
4112 5631
5623
5623
6947 6988 1547 5750 2644 1689 6985 3756 3719
5631
1707
2968
5623
5625 5623
4112 5625
1707
1707
4126 5625
5625
4126 2160
4112
4125
4112
163 2946 4087 5623 163
1747
1532
5625 4074 4125
4126
2946
5623
5631
5625
5625
5623
5623
4125
2947 5625 4112
1807 6711 1797 6722 2947 1797 1807
5631
1853 5623
4112
4104 5631 2968 4112
5631
633 527 699 238 3877
5623
1707
5631
4126
5631
5631
4125
5625
3438 2817
702 1864
4125
4112 2557 5841
6745 2946
5625
5628 4112 4112 4112
5631 4112
5631
5631 4112
5625
1707
5623
5631
1707
5623
2946 6004 1836 6014 4126 6014 6970 6970 6014
1707
2613
5631
5625
4112 1208 430 1167 1224 1771 1707 4112 2263 2645 3876 1547 3404 5752 2375
4125
4126 4112
4112 5631 5829 2723 5339 3889 2231 6855
5631
3509 5623
1707
5625
5631 4112 4112 4112
1707
1707 4112
5625
1707
1707
5625 3201 6318 2540 1826 3201 390 4112 5640 6012
5625
4126 2375 5286 3882 5339 3881 2754 3644 2373 4217 6729 3278
5631 3510 3952 3882 4434 3952 6014 3877
4914 5625
5625
5625
5213 3510 4112
5631 4112
5625
5625
5625
4112 5623
5625
1
5625
5749 6395 431
1707
5631
1707
5631
5631
5625
2946 5631
6965
5631
5625
4112 5631
5623
5631
4112 5625 4112
5623
5625
5623
1707
4112 5625
4112
5623
5625
5625 163
1046 962 1119
5623
2947 4112 5631
5623 4112
1707
1707
5623
1680
5625
2946
4136
5625
5625
5631 2216
5625 4125
5631
1707
2946
5631
4112 5623
6236 7195 2374 500 470 699 534
1707
4112 2769 6729
4063 4112
5625
4112 5631
4112 5631
5631
4126
2946 4136
4112 5625 4112
163 163
5623
2946
1707
5623 4126
4127
4112
4112 4112
163
5625
600
1707
5625
5631
4112 4112 5631
2968 5628
1707
4126
5625
5631
5625 1615 602 688 688 611 1672
2968 5631
6746 2946
4126
1707
5625
5628
6985 3307 1547 2368 6293
5631
2363 2024 5875 4112
5631 2968
4126
688 500 3309 1855 1615
5631
2970
2369 1532 3439 5625
5625
1707 4125 4130 4132
5631
3165 5504 392 3008 6969 5298 2869 3882 2325 2682 5229 4525 3463 5508 5752 1547 5507 5625
5797 6921 6904 5828 3876 2634 6904 2459 2367 5752 6921 6904 6668 6921 2367 5827 6904 6921 2367
5623
5623
2633 2797 2207
5631
2318
4126
5623 4074 4112
5625
4127 5623
5631
5631 4112
5929 3022 2862 5840 2624 2275 5172 5531 3275 3022 2224 2624 5917 5631 3165
1707 2968
5623
3881 2776 3323 4217 5625
4112
5625
5623
4126
4126
2282 2363 6477 1532
5623
4112
4125 4099 5625
2946
1738 6722 389 1718 3959 1825
4074
163
1707
1707
4126 4632 5631
5631
5625
1707
5625
5623
4126 1707
5631 1748 6801
4125 4132 5623
1707
5631
5625
1670
5625
4126
5625
4112
1707 2853 5486 4222 2794 5280 4129 2954
4112
5631
4085
5625
5623
5623
1846
1929
2970
5625
5631
1796
5623
5631
1707 4112
1707
5628 2369 2946 5292
4112 5631
4112 4112 4112 4112
5623 4127
4125 1707
5631
1707
1871
4112 5623
5623
5631
4132
5625
4126
5631
5640 3275 5607
163 163 163 163 163 163 1669
5625
5631 2946
5623
1707
5631 4112
5623
4112
5625
5623
4112
5631
2539
5623 2946
4127
5625
5625 163
2946 1707
431
5625
5631
5623
4112 1707 1707 4112
4136 5623
4131 4131
2240 6666 3273 2369 2645
5631
5623 163
5625
5631
5631 4125
4126
1707
1162 1393 431 869
5625
1622 1861 1740 602
5625
1047 1128 952 2764 4218 6972
4112
4126 5631
5631
5623
1707
5625
4112 1707 4074
5634 5631 4132
4127
885 1128 957 962 1107
4126 5623
6713 4112
5623
4311 3994 7162 3994
5627
5631
5623
5625 4112
1707
4112
2946 4136 4112 5623
5631 1683 3408
4420 1738 1622
4125 1707
5625
5625
5625
5625
4126 5625
5631
5625 4112
2134 2134
5623
5625
4099 4099
5625
4112 5623
4112 4126
4129
5631
163 2946 5623 4074
2968
5625
5631 4126
5628 4112
5623
2224 2368 3877 4112
5625 4126
5623
5628
5625 4126
4112 4112 5631
4112 5625
4112 3693 3203 3015 3268 4438 2239 5302 500 1669 3644 2645 1871
5625
5631 4126
5623
5625
5625 1784
5631
5631
5625
1707 6477 1533 4136
5625
5625 6888
5625 2826 6723 3877 4112 2946
4112
5631
5625
5625
5625 4112
5623
5625
5625
4126 5631
2968 5631
4112
1707
5625
5625 4112
4125
5625
5623 163 1532 163
4128 2968
5631
4074 4125
5625
4112 4112
5625
5560
5631
2946 5623
5625
4112 4112 5631
5625
5631
5623
4125
5625
5631
5623
2945 4112
4126 5631
1707
1707
5628
5631 4112
1707
4112 5625
5625
5623
4125
5625
5625
4129
2956
4131
5623
5625
5623
5625
4126 4112
1707
5623
4126 2947 6706
4074
2459
5625
4112
344
5631
1756 1693 3321
1707
5623
5623
3892 5623
5623
5623
5625
150 173
1707
5623 2946
4125
5625
5623
4126 2189 5631
6231 6293
2968 1707
4125
5623
5623 4136
4112
5631
4074
4125
5625
1824
5631
2911 1707
5631 4112
4112
2946 5625
1707
5631
5625
2968
2968
5607
4125
5625
5623
5631
5631 4112
1532
5625
5623
4126 5625
1707
5625
4112
1707
4112
4125
5625 4112
1707 4125
1707
5623
5625
869 431
4126
5623
4126
5625
5625
5631 4112
1707
5625
5625
5623
5631
1707
5625 3556 4119 4112
4104 5631
171 4112
4126
5623
4112
5631
2368
2946 5625 1797
67
5631
13 5625
5623
4112 5625
5631 4125
5623
5631
4112 5625
4112
5623 4126 4112
5631
5625
4125
4126
5625
4125
5631
1707
5625
5631
1707
1846
961 1133 917
4112
4112
4126
1707
4126
4712 3298 3409 6990 1707 5530 6990 5530 3409 3306 1816 2873 3409 1707 4712 3298 6990 5530 5532 4711 3275 6990
5623
1707 4112 4125
2946
4103
285 5625
2134 4103
1707
5628
5625
4112
4112 5522 2797
5628
2180
1707 1846
6985 3275 6295 6014 2362
4125
2946
4126
5631
5623
5631
5625
2704 2946 2851 1547 2366 3309
4126 5625
5623
5625
4112 5531 6341
5631
4732
5625 4112
4127
5623
251
1707 300
1707
4618 2853 6604 721
5631 4112
5806 3874 5633
4112
5623
2970 4090
4126
1707 4112
4126
5631
4127
5625
68
5625
5625
5625
5631
5631
4126
5623
1532 3921 3307 6698 2911 2946
5623 4127 4112 4099
5631
5625
5623
5625
5625
4126
5631
3894 5631 4222 3642 2855 6289 2946
5625
4112
3892 5625
5623
5625
5623 869 431
5628 4112 5831 4539 2300 2296 2584 4137 3020 2725 4539
2181
2946
4074 5623
5628
5631
3639 3334 6301 1533
4112 5623
163
5625
4125
2330 3469 4218 241 3198 6326 2333
5623
4112 1707
5625
5625
163
1707 4112 4074
1738 688 1871
5631
4112 5625
5625 4112
5631 2968
5631
5625
1533 5929
5625 4112
6972 6974 1707 1837 6972 6977 6972 6977 6972
5623
5623
4126
1707
5625
5625
5631
853 5623
5625
2970 4126
4136 2185 2946 6723 5925
5631 2210
5631
3886 2362 2424
4112 4112 1707
4112 5625
4112
3294
163
1707 4101
5441
1707 4126
4753
1707
5623
4126
1707 4112
2956 1707
5631
2912
4126
4112 5625 4112
5631
2946
1707 4112
1707 4112 4112
4218 3880 3391 2777 3878 3297 3880 2777 3391 4218 5625
5623 4112
4126
2776 5326 3880
5623
4075 1797 1807
5631
5623
163 5623 163 163
4125 4112 4126
1707 4126
5631
3306 5844 2363
1707
1707
5631
5623
5631
2970 4112 5623
5625
5623 163 163
4126
2911 2912 2970
1797
4126
4125
5625
1707
4128
2970 4065 5631
5631
5625
4099
5625
2956 5623
4112 5631
5623
5631
5631
4126
5631
5625
5625
5631 1738 2369
5628
5625
4112
5607 6969 3319 4112
5631
5625
5625 4126 4126 4126 4099
1707
5625
5623
1707
1707
5623
4112 5631
5631 2946
4112 5631
1707 2968
1707
5631
1707 1547 3546 3754 2634 5827 5752
602 5625 4112
5625
4125
4136
4126
5625
5631
6712 5625
5625
6
5625
4112
5625
163 163 163 163 163 5631
5625 4112
5625
5625 4125
4127 5625
2180
1707
5631 2956 4129
5631
4112
4131 4100 5623
163
5631
5625
5625
4126 2956 4126
3869
5623
5625
34
324
1862 1400 431 1707 869
4101 1707
5631 4112
5625
163
4126 5625 4112
4125 5631
3 186 3 6
1707
3953
3894 5623
608 1738 1713 1858 2363 675 632 2022 6410 2833 1672 676 4073
1707
5631
4439
1707
5631
5623
3509
5625
5625 4112 4112 4112 4112
1707 4129
5625
2140 5625
5625 64
5631
1707 718 1738 693 528 720 632 689
5623
2946 6004 1707
5623
4112 1707
5631
4132 1707 4131 4099
4126
5631 4112
5623 163 163 163
5625
2946
4112 3273 3274 5631 4126 4112 3423 3877
5625 163 163
3882 2375 6792 5623 4112
5631
4112
2946 6178
5625
5625
5623
163
4125
1036
1707
5623
4112 5625
1707
5625
2970 5625 4112 4112
4125
5631
5625
1707
5625
1707 4126
5625 4112 1532
1707
5631 4112
5623
4112
5623
4112 4112
1707 1533 6569
5623 4127 4099
4126
2968 5631
3477 5844
602 2374 3046 6013 1858
1707 4112
1757 5625
228 57 64 228 228
5625
5623 163
4126
602 682 5839 500 6333
6318 2961
5631
5625 1669 1738
5623
1707 4129
1707
5625
4112 5625
6722 2769 6723 1840 5828 2368 5929 1841 2858 3201 6341 2224 2368 2770
4112 5623
4126
5623
5625 4112
5631 4112
2957
5625
4125 1707 4125 4125
3497 5631
5625
4112 5631 4112
4099 4099 163 4099 4099
5631
5623 4136
4074
4125
4125
2362 3306 2769
4137 4137
1750
5631
1707
5625
5623 4112
5631 4112 4112
3297 4422
4125
4069
5625
1707
5625
4112
4126
5625 4112
5623
5631
4112 1707
5631
4129
5625
5628 4074
5631
1531 1738
5625
5631
5631
1707
5631
861 1707 4112 4112 4112
5631
5625 4112
5631
5623
4112 4112 5623 4112
5625
5631
5631 4112
163
5625
4125
718 2540
1707 1703
4126
1707
5625 4112
1707
4112
5625
5631
5631
6278 5631 4632
4125 5625
4112 1707
2968 5625
2947 3836 2689 3872
5631
5631
4125
1862 2363
1707
4074
1707
1707
163 163
5625
5631
4126
1707
5625
5631
5631
5625
5623
163
4126 4126 4112 1707 4112 2968 1531
5623 4112
4126 5625
5631
4103
5631
5623
5623
3692 3874 2957 392 3306 1547 5826 3463 1797 392 3463 3478 5752 5015 2756 2326 1547 5975 6971 5686 6974 3463 3117 1692 3836 2828 3324 5940 3463 3307 1760 3874 6969 4426 2366 3753 5752 2410 1547 5028 4783 5285 1547 2873 5028 6969 1853 6729 5925 6972 1547 5285 3117 4663 5573 6969 6373 3463 5940 3320 6969 5574 4388 3463
4126 1707
5623
1707
5625
5623
1707
4112 5631
4126 2899 2946 2180
163 5625 163
5631
1622 1855 511 686 721 721
4126 5631 4112
4112
4112 5631 4125
1707
1707
5623
3405 5623
5623 4112
4126 4112
5631
5623
5631
5631
4099 4112
5625
4126 5623 4112
4126 4126 1707
5625 4112 4127
4125
5623
170
2968
5623
5623
197
4131 5631
5623
5631
5631
6579 1532
5623
1707
4126
5805 1707
6906
5623
1707
5625 2692 2694
5625
5623
5623
5623
5071 1707
4112 5631
1707
5625
5625
5625 4112
5625
4125
163 6178 163 2946
4076 2946 6182 4112
5625 5607 3640 1547 1743 3881 2241
5623
163 5623
5631
1477 1523 1474 1467 1515
5625
5625
4126 233 233
2369
1885 1855 507 503 470 1701
6279 5625 4112
1622 721 1622 721 1759 1529 1759 1533
1707
5625
4101
6722 3889 3884 5840 5839
2368 954 908 1133
4126
1748 1533 163
4125
5573 2241 2239 2369 3309 5625
5625
5625 2968
5623
5625
4112 2241 3307 5847 5792 6289 610 504 1738 674
5625 4126
5628
4125 5631 4112
5623
1707
4112 1707
4125
5628 4112 4112
5625 4126
5625
4074
4125 5631
4112 5631
5842 5827 6295 2527 5468 2797
4112
5625
5625
5623
5625
5625
5625
5625
5628
720 687 600 524 687 1855 5631 4112 1853 1615 687
699 1738 601 1672 1707
5631
4126
5625 2946 6181 2946
2970
4125 5625
5623
5631 4112 1916 1915 4112 5450 5451 5450 4121 1916 1915
1166 1862 1615 4280 4112 5623 4112
4125
4125
5625
5625
5631
5631
1707 4112 4112
5631 4125
5987 1532
4112 4112
4112
5623
5631
5625
2139 2947
5623
4129
1707
4126 4112
3876
4112 5623
5631
1707
5631
5631 4112
3261 5798 2870
255
2181
5631
5623
5969 3379
163 5623 163 163 163 163
5631
3269 2855 5632
4126
1707
5625
5625
5623 4112
4125
431 962 1120 1062
5631
5625
5631
1707
4112 5829 2727 6722 3275 6969 2857 3880
4125
5625 4315
5623
4076
5623
4112 1707
2970
5623
5631
1707
5623 4112
4112 5623
4125
5631
5335 6855 3876 2797
5631
5625
1699 5623
1692 5969 3762 2362
2367 6242 4112 5625
5623
3338 3510 3273
4125
4129
4074
163 163
1707
607 688 500
1707
2946
4074 5631
4112 5623 4112 4112
5623
1707
5631
5631 2229 2368 5828 3509
4112 5631
5623
5623
3898 3320 277
5625
5631
5623 4129
1707
4067 2944
5625
3509 721 507 682 611
1707
3774 3924
4074
5623
4125
4126 4112 5625
5631
5631
163 5625 163
5625
5631
4136 5628
5625
1531 5623 2968
5625
2968 1707 4112 4112
5631 4126
5625
5631
5623
1707
5625 4126
1707
1776
608 691 1848 608 511 691 691 608 1848
5625
4126
5625
5628
5625
4129
4127
1707 4126
5631
4112
5631
1707
2946 5623 4112
4112 3509 5623
1707
5631
1707
2317 6850 1790 5623 3328 2333
4125
5625
1707
4136 5631 1716 2368
5623
4112
5631
5631 4112 4112 4112
3292 3373 3321 2367 3639
4112
4125
5631 4112
4125 1707 4112 4112
5625
5623 1374 4426
1707 228
4125
4128 6231 2970
3499 4112 4112
4125
5631
5625 4126
4303 5468 5764 2754 3261 1547 5752 3259 3731 2817 3907 1741 3876 5634 3907
5631
5631
4112 5631 4112
5625
4112
2946
5623
5631
1707
4126
4098
4112
5625
1707
392 4112 3463 5643
5623 4112
5623
4112 5628
4130
3379 3386 5631 3379
5625
5634
5625
5631
5625
1707
5631 6259
163 1707
4112 5625
4112
5623
5623
5625
6242 1797
1707
5625 5625
4125 1707
1707
5631
1707
5631
171
5631
5631 4112
4434 3307 2024 6014
4125 5623
4132 1707
5623
4112 5623 688 631 720
1707 4112
3509 4112 4112 3509 4529 3509 1707 4112
5628
5623
5625
5628
2368 3875 5625
4112 5625 4129 4112
5625
163
4125 5631
5631
4126 4632 4112 5623
1707 4112
4125
1707
5631
5623
5631
5623
5625
4112 5631
4125
4127 5805 1774
2949 4112
4125
1707
5294
1707 4112
5625 4129
4126 5625
4125
1707 4101 4074 4074
4125 5623
2946
5623
5631
5623
5625
1707
5625
4112
5625
5625
5625 163 163
5625
5625
1707
5631
271 278 5625
5625 4112
5631
5631
5623
5631 4112 2414 2414
5625
5631
163
5334
5631
5623
4112 5623 4112
1707
4112 4112
5625 1846
5631
4127 5625
5623
6734 263
5625
4125 5631
5631
2946 4136
5623
6014 5977 3273 2781 3927 1698 1547
4112 5625
4112 5631 4112
5623
1707
5631
5623
1707
5631
1707
1707
5625
390 1826 5625
163 5625
5625
4112
5631 4112
4126
163
5625
3952 2369
5625
24 24 5625 24 24 24 24
5625
5623
5625
5623
5631
2945
5625
5623
4127 5628 4112 4112 4112 4112 4112 4112 4112 4112 4112 4112
5625 5623 2458 6970 1836 2459
3651 5623 5929 2231 3269 4112
5625
4125
535 1615 5631
5631
5625
4126
5625
5625
4125 5631
4112 5631
5623 4112 4112
5625 2968
5625
5631
5623
2946
5631
4137
1707
4112
4112 5623 2968
5623
5326 1548 3269 5305 3881 3900 3273 5917
4112 1707 4112 4112 2946
5623
5625
5625 3545 3274 3273 6722
5623
4112 4126 4132
4112 5627
1707
5625
5625 4126
4081
5625
5625
5806 3274
1707
6969 3874 1707
5623 2968
5631 4112
5631
4112 5625
5631
4126
5623
1707
6349 4440 5746
5623
5625
4112
5623
1862 605 1871
4126
163
5623
5631
2970
5631
1707
2468 4112 5623 2529 2478 4112
1825
5625
5625
5623
4125
5631
5631
1707
1670 4112
5625 4126
5623
1707
5631
1707
4127
5631
1707
5631
4104 1846 1846 4104
5631
5631
1707
5631
1707
5623 4112
4126
1707
163
1707
5623
4112 5625 4112
4125
1707 4112 4112 4112
5623 4112 2946 4112
5623
2797 3510 5772 3306 3876 6365
1707
5625 4112
4112
5625
688 1737 688
4132 5623
5994 2304 1862 4631 2946 5623 3423 6722 1547 2820 1862 2305
5623
5628 4112 2229 3875
4112 5625 2970
5625
4129
5623
2181 5625
4112 4112 4112 1707
5625
163 163 163
2946
5625
2956
5625
1707
1707 460
5625 4112
5625
4112
5625 4112
5625
5625
5625
4125
5625 4112 4112 4112 4129
5631
4126 5625
5631
1707
2363 1374
163
1707 4112
3820 4131
5623
4126
4125
4112 5631
4125
4112
5623 4112 2231 3874 3334 4439 1547
4125 4112 5623
4129
5623
1707
5631
4126
5623
4112
5625
2970
163
5623
263 3881 5625
5623
5623
5631
5631
5631 4112
4074 2947
5631
5640 5633 3477 2207 263 2207 1704
5623
5631
1707
6972 3306 2946 5995 3269
4125 5625 1785
2945 4126
4112 5625
4130 5623
5631
163 163 163
1707
5625
1707
4112 4112 4112 4112 4112
5631
2249 2817
4112 5625 4112
5623
228 228 228 5625
4126
6004 2946
1738 1669
5625
5625
3885
5625
5625
5623
4127
2139 172 2325
5631
4112 1707
4125
163 5623 163
5625
5628
2946
5631
4126
5631
4125 5623
3668 4074 4129
1707
5625
3259
5623
5625
5625
5631
5625
4112
4136 5625
4112 4112
4136 5631
4131
4125 5631
5625
5625
4112
5625 4112
5631
4074
2946
2989
4112
1707
4127 5631
5631
4126
5625 163
5631
5631
5631
2797 3008
5625 6699
5625
4126
5623 2970 4136 1699 1699
5625
5623 4112
5631
5625
5623
5631
5625
2527 3321 4631 5625 5631 3307 3334 3321
5623
3889 6723 3269 5623
666 238 689 709
5631
5631 2945 4112
1707
5625 4112
1707
1707
5623
4621 4622 1615 600 688
4128
5631
4126 5623
163
5631
4125
5623
5623
5631 3922 3887 3267 2230
2946
1707 4112
5623
1707
1707 4112
3509
5623
2368 1777
1707
5625
5625
5631
4126 5623 4125 2960
1707
5623 5514 5840 3255 2833 1740 2832
4112
3309 5623
1707
4126
4112 4112 4112 5623
5625
5623
5625 163
5623 2970
5631 4112
6295 2946
2970
5623
4112
1707
1707
5625
6236 5625 4112
5631
4112 1707
5623 4127 4099
163
1707
5623
3891 6397 5240
5625
5631
2412
2946
4127
5631
5625
5623
1531 5625 1531
2946
5631
5625
5625
163 163 163 2968
1738 1669 6777 4805
2362 3298 2362 2856 2362 2362
1983 263 1986 1988
5625 4112
5623
4098
1707 4112
5631 4112
2911 5625 4136
5625
5625 4112
5625
5631
1707
2956
1707 4126
4125
163
1707
5623
1707
5623 4125 4074
163
5623
1707
4126
5625
3869 5623
1707
1692 6336
4112 4112 4112 1707 1622 1738
2903 2918
2949 1707
4112
2946
4126
5623
5686 2431 5685 1710 386
5623
3275
2968
4126
2970
5631
5623 4112
5625
5625
5631 1944
5631
5631
5623
4112
1707
1707
1622
5631 6855 5929 3509 2754
5631
4125
5625
5625
1547 3420 3744 5917 5773 3764 3022
2584 5521 2584
163
2459 1715 1715 5623 4112 2971 1734 1732 1734 1732
4126
4125
5623
1707 4112 4112
5631
3826 4112 431
5631
1707 4101
5623
1707
4126
2645 5301 1707
5631
5631 1709 1855 385
5625
4112 1707
5628
5623
5631
4125
5631
5623
1707 4126
5631
5631
5625 4112 4126
5623 4126
163 163
1825
5625
5631
1 1 5623
163 5625 163 163 163 163 163
4125 5625
5625
1707
3891 263 2241 2754 2797
5631
4125
1162 1042 6723 5324 5328
4125 5631
1116 1394 1374
4125
4112 4112
4126 5623
535 1890 5326 1738 4439
5631
5625
1707
1707
4125
5625 163
4112
1707 4112
5623
163 163 5631
4112 3361
1707
5631 4112
5631
5631 4112 4104
5623
4112
5625
5623
4112
5625
4112 5625
4125 5631
4126 5625
1707
163 163 163 5625 721 1622 163 2631 721 163
5623 4112
5631
4112 5631
2369 5625 4112
5625
5631
6734 3922 2362
163 163 163
4112
163 163 163 163
5625 4112
4136
5631
5623
4125
5625
4125
144 12
1738 264 1669 3914 263 2833 263 1378 1400 1116 1043
5631
2374 3404 3622 2853 2300
5623
3899 3509 1685 1547 3898 5941 3259 5625 3898 3899 1547 3509
5625 4112
4128
5623
533 721 3644 1871 1864 3539 5631
5623
5625
4126 4112
5631
5625
5631 4112
4127 5625
5631 2183
5623
5625
4074
5631
5625
5625 4112
5625
163
5625
163 163 5631 163
5623
5631
4128
4126 4112
5625
5631
163
26 1707 4112
5623
5623
5631
5623
4126
5625
5625
1707
1707
5631
1707
4125 5623
1707
4130
2946
1785
5625
1707
5625
4112 5631 4112
5631
2968
5631 4112
4112
1707 4136
5631 4126
2946
5623
6379 5623
4112
5631
2797 2775 6284 3744 1547
1707
5625
4127
5623
5623
6012 6283
5623 163
1862 1707
5625
5623
5625
6378 2466 2362
4112 4112 5623 4112
5625
2968 5623
1707 4112 4112 4112 4112 4112 4112 4112
4125 2237 2249 2231
4126
4112
4126
1707 4112 4126
5623 4112
5623
2970
5625
5773 2424 6318 2369 1987
5631
163
5623
2946 5625 4112
5625
4127
4112 5625
5625
5631
1707
1707 4126
163 5623 163
5631
5623
4125 4112 4112
5623
5623
4125
5623 4136 4126
1707 4112 4112 4112 6267 2911
5631 4112
5625
5631
4126
4126 5623
5631 1533
5623
4112
4128
4112 5625
4112 5623
5625
5631 163 163
1707 163
4112 5631
4112 1707 2979
5625
5625
4074
1707
4112 4112 4112
5623
5623
5625 163 163 163 163
5631
1707
3517 6242 6243 5631 3517 2681 1685 2296
1707
1738 5631 1767 4112
4126
5625
4125
5631
4112
5631 2968
5625
5631
4112 5625
5625
5631
4112 5631
5631
4126 5623
5623
5623
5623 4125
5625 4112
5625
5623
5623 4126 4112
5631
4125
5623
3952 6973
4125
5626 2919
5623
5625
1707
5625
6829
4136
4125 5625 1707
1707 2946 4112 4112
4127 1707
5627 5628
5623
5631 4112
4112
4126
817 778 801 4085 5631
4125 4112
4112 5623 4112 2946 6179
4125 5625
1707
5623
5625
163
5631
5625
1707
4112 1707
4126
163 163 5625 163 163
4112 5625
4112
4125
1685 5623
1707
1737 721
1707
5625
5623
4136 1707 4137
5631 4112
4125
5631
1927 5623
6703 5625
5623
5623
3275 2368 5532 5977
4112
5623
5623
4125
4126
5631
5625
4136
5623
2764 2321 3309 1699 4074
2946
3491 4112
5625 4112 4101 4112
263 4434 3297 6239
2224 2859 5499 1751 2224 5631 4112
5631 4112
5623 4112
163 4262 3923 3925
5631
4074 5625 4074 2946 4074
4112 5631
4136
5625
5625
4112
5625 3415 3298
1737 6336 5631
5631
5625
5631 4112
5625 2139 1699 4112
5625
4125
5623
5623
1374 1378 1248 3923 3340 1986 1547 2284 2633 3340 2633 1698 3923
5623
4112
4076 163
2968 4112
3705
5631
1825 389 5631 4112
5623
5623
5631
5631 4112
6014 5631 2643 3274
6178 2946
5625
5625
5806 5631
4126 4126
2024 263 5746
1707
5625
4136 2946 5631
1707
2968
5625
3952 3509 2754
1707
1707 4112 2921 4136 4632 1795 2459 2461 4136
4126
2643
1707
4126
1707
2754 3877 6012 2237
1707
5631
1685
5623
5929 2777 5631 4387 5929 4388
4125
5012 1861 687 612 502 1277 687 612 502
3877 5625
1707
2946
5625
5623
5631
5625
1707
5631
5623
5625
5631
4126 5631 4112
5625
4126
4136
5625
266 600 687 532 2947 4126
1707 4112 4112
4125 4112 5631 4125
4125
5623 4112
5631
1532 5631
1707 610
4126
5631
4125
5625
1707 4112
4126
4074 4074 5623
5623
4132
1707
5631
5628
4112
5623 4112
5631
5625
5625 2968
4125 5623
4112
4125 5625
3306 3320
4125 5631 4112
5625
2363 4136
4112 5625
4112
5631
4125
5625
94
5623
4112 1707
5623 2946
1 5625
4125
5623
4074 1707
5625
5623
5631
5631
163 163
5625
5623
5806 4112 2946
1707
5625
4126
5631 4112 4112 4112 4112 4112 4112
5631
5607 3274 5607 6259
1707
4112
171 4136 4112
3573 5631
4125
285 5625
163 5631
1707 4126 2946
4125
5625
163
5631 4112 4112
5625
5631
5623 4112
3777 3740 3772
5631
1862
5623
5623 4112
1707
5625 4112
3994 5625
1707
5625
4126 1707 5297
1707 4112
1707
5625
1410 1379 1378 1399 264 5920 2803 263
5712
4112
5631 4112
5625 163
5631
5623
1707
5623
4112
5623
4129 5625
5631
4112 5628 4112
5625
5625
5631
5623
431 1130 1065 1391
5631
5623 4112 2968
5625
4129
5631
2970
5625
3767 1748 5326 3845 4112 5623
5631 1533 6573 4112
5623
5623
4125 5631
4125
5631
6986 3882
5623 4112
4125
5623
5631 4112
5623
5623
5623
5623
2946 4127
5623
1707
3268 4112
4125
5631
5623
5631
5623
1707 2971
5623
5631
5631 4112
1707 4112
1707
4125
4112 4112 4112 1707
5623
4125
2970 1682
5625
5631
2946 4112 5623
5623
5625
5631
1707 4112
5631
1707 2968
4084
1707
1707
5625 4112
163
5625
4125 5628
1707
5625
4129 1707 4112 4112
5623
4125 2947
5625
4112
5625 4112
4112 5625
4125 4112 5625
2640 6295 6346 5631 2640 2180
4119
4112
5631
57
4127
2946
4126 4112 4126
5625
5631
5623
4125 1707
2968 5625
4125
5625
5628 4112
1707
5625
6320 4439 4112 5632 5625
5631
2970
5631
1737 1622
5623
4126 5623 4125
5623
4074
5623 4112
4126
1707
5631
674 1885 600 507
4112
5628
5623
4125 4125
2968 1707
4104 5623 4112
5625 2912 4694
4125
5625
2969
5631
1707
4112 5628
1707
1707
1707
5623
3922 3270 4438 6293
4112 5623
5631
1707
4127 4112 5628
5625
5623
4074 5631 4112 4126 4074 1846 4112 4112 4112 4062 4112 4112
4112 5631
5625 10 10 10
5625 4126 4126
4112 5631 4112
4112
1707
5623
5623
5625 2899 4126 2461
4125 5623
4125
5625 4125
5623
4132
6250 6238 5025 283 1698
5625
5631 4126
4074 5623 163
1871 1873 1847 1859
4099
5628
4126 5623
5623
5631
5623
5631
4112 1707 4112
5631
4112 5625 4126
1837 532 5623
721 1737
2496
5625
5339 5625
5623
5625 4112
5623
5625 2968
5631
5634 1743
5625
5623
2970 1707 2911
5623
4126 5623
5625
5623
5623 4112 4112
1776
4112 5625
1248 264 869
4125
2538 1707
4112 5623
4533 5622 5622 5626 263
6313 263 6336
5625
5625
163
5631
4136 4112 3933 2375
5623
4126 171 4112
5623
5335 263 3539 1987 1751
1707
4136
1378 431 264
5623
5625
4127
5625
4126 1707
5625
1707
4126
4126
1379 1116 264 1378
5623
4126 4112
5625
4112
25
1707
5631 1538
163
4131
163
2946 5994 1531
5623
23 23
5631 163
5623
5631 2956
1707 4125
4074 4074
5623
25
4112
4112 1378 1394 1116 2825 5339 3321 2333
5631
1707
5625
1707
2946 4125
6711
5625
2946
5625
4125 4130
5623
4112
5623
5623
4125 2968 1707
163
1707
1547 2237 2240 2239 2241 2239 2241 2237 264 2240
5631
1707 4112 4112 4112 4112 4112
5631
5628 5972 3275 2797 2265
1707 4125
5631 4112
4125
4112
4126 5625
6713
4126
1707
4112 5631 4126
5623
5771 1842 2873 3169 2956 1842 5623 5772 4112
5623 4112
4112 4112 4112
4112 2480 5631
1707
5631
4126
5623
4528 2278
57
4126
5625
1707
4112
5623
4136
5631
4112 5625
5625
4126
5623
4126
5631
2968
4126
2600 263 1547 2602 2583 263 5640 2586
4112
4982 5531 4112 1707
5631 4112 4112
4125 5623 4694
4112 5625
167
1707
4192 4854 6968
5625
5631 4112
5625
4076 2946 5625 4074
1707
5623
5623
5631 4112
5623
5625 4126 4112
4126
5631
5625
1622 1738 1707
5628
2968 5631 4112
5625
4126 1707
4132 5623 4112 4101
5623
3922 1547 2369 3952
1374 1120 431 1389 1047
5623 4112
5925
5910
5623
5623
163 4126
5623
231 233 2317 1622 231 231 1707 4112 4112 4112 233 231 2971
4119
1750
1862 5496 1720 5625
6985 3437 6990
4125
5623
4125
171 2947
5623 4126
5623 2968 163 163 163
4125 1707
5631 4126
5625
1707
1707
5623 4126 4112
1474 1517 431 1477 1467
1358 373 394 1262 1304 1738 5623
270
389 1825 1707 4112
5772 6969
1707
6723 3297 5335 3298
4112
5631
5625
4112
4112 4126
5625 4112
1795 2466 2325 1795 1795 2325 6722 1795 2329 2325
4125 5623
4126 5625
5631
1707
5623
2946
5623
1040 5008 1128 2797 1730 1784 4628 2640 1622 390 693 1826 1738
1707
5623
4112 4112
5631
57 63 4115
5623
5623
1707 4112 4112 4112
2261 2262 6356 6985 1547 263
5631
4126 5625
5623
2968 5623
5623 4112
5623
4112 5623 4126
5625 4126
3692 6946 3737 2394
4129
5625
4074
4125 1707
4529
1707
2947
4112 5625 4112
4112
5631
4125 5623 4125
5625
4137 2191 6985
5631
4112 4112
5623 5806
5631
163 5625
5623
4125
5625
163 163
5623 163 1738 610
1707 2946
3421 6969 6662 5625
5625
5623
5625
4126
5623
5623
1707
5623
5625
4125
4126
4112
4125
4125 5625
5631
1707
3307 1382
5631
5625
163
4112 5623
263 1871 718 1702 697 605 1850 607 500 1871 263 683 683 3510 607 263 630 2756 263 683 630 1218 263 424 432 1207 1771 2829 263
5623
5631
5625 4112
5631
5631 1707
4125
5623 611 5765 2585 4422
4125
4112
5631
674 1885 1853
5625
1855 3509 1531 1701
1063
5631 1684 4112
4125
4104 5631 1846
4132
5631
5774 5623 3510 2252
4112
4065
5623
5625
163
5631
4127
1707
57
5806
1604 1738 1707
5625 4112
4112 5625
4112 5623
4125 5623
1707
1707 4112
5623 4136
6885 5500 4112
6691 5845 1707 3438 3744 6691 3438 3509 3744 5826
6270
5625 4112
1707 4112
1707
3653 4327 3278 2320 6348 3882 6969 3302 5631 5625
4125 6014 5929 5929 6014
1707
4125 5623
4065
5631
5628
5623
4112
163 1853
10 5623 1716
5623
4125 5625 4099
4112 5623
5623 4112
5625 4112
4136 5631
5623 4112
5631
5625 4112
5625
5623
4112 1707 4112 4125
5623
6004 2946
4057
5805 5801
5631
5631
5623 3828
5631
1400 870
4112 4112
5625 4112
4074
1707 4125
4112 5625
1707
5631
163
5623
5631 6267
1707 4136 6723 2374
4112 5625 869
1374 431 1204 502 610 1738 689 4112 5623 5808 2946 2956
5625
5631
5631 4126
5631
1622
1707
5623
5631
5631
30 4141
5625
5623
5631
5631
5631
4125
4125
5625
2181
5631 4112
5631
5631
1707 4112
5625
2968
5625 1699 4112 4112
4112
5631
4112 1707
5623
5631
5631
2947 5929 2855 5625 6836 2182 6889 6707
1707
5625 4112 4966
4129
5623
5625
5631
5625
5631
5631
5625 4125
5631
6355 6343 263 6410 6811 263 6346 6356 2825 263 6346 2851 2851 263 2825 2216 2224 2834 2578 263
4126
5625 163
5631
2911 5625 2185
5631
4112
460 688 527 1707 502 688 631 4112 4112 611 688 1848 1707 2946 691 460 688 502 1853 500 688 502 460 1707
1707
1742 2538 6969 3981
4136 2946 5631
4112 5625
1533 4291
1707
5625
3496 2920 4136 5631 4112
5631
1707
1846 5631 1846
5631
5623
5631
5623
1937
4112
5623
1707 4112 4112
1707 4126
4128
3270 3921 3907 2374 3547 2968
5625
5623
5631
5623
163 5625
4112
1707
163
5623
5625 4112
4112 1707
63 57 57 63 63 57
5623
5623
5623
1707 4112
5631
5623 4127 4130
1707
5623
4126
5623
1707
5625
1707 4112
5631
4112
5625
5625
2946
4112 5631
4125
5631
1125 1042 1394 952 952 1128 1065 431
6395 2480 5165 6396 2480 3022
1707
1707
5623
4125 5631
4125
5631 3510 6343 5827
5623
2947
5623 4125
5631
5623
5631
5625
4125
1707
5625
5623
5623
5623 4137
4760
2998 277 1533
4126
5631
5631 4112
5631
5631
5631
2947
5631
5625
5625 6855 2640 2627 3875
1707
5631
4112
5623
5625 1716 1716
5625
4112
5623
1707
5631
1707
5623 4112
4131
4136
5625
5625
2946
4126
2971 5623 4125
5625
5631
5623
5625
4136
5631 4112
2947
5631
5623
4126
5625
5631 2968 4112
5625
4065
2461 2528 2946 2528 2461 5623 4112
4126 2140
5625 5631
1707
4112 5631 4112
5623
2968
5631
5623
4112
1707
5625
5625
5631 4112
1707 4074
2946 2740 2151 5623
4112 5623
163 6369 6371 6370 263
6262
5623
5625
5631
5631
5623
5623
5623
2946 2948 5623
5625 4125
5623
4112 5625
5625
5625
4125
1533 2369 1529
2797
1855 1672 1868
5623
5631
4125 5631
163 5625 2968
3270 3269 6398 2643 2756 5280 3306 3889 1622 1737 2250
10
4112
2946 4081
5631
5631
5623
4126
2956 4112
5845
4112 5623
1707
5631
4126 5623
6278 6836 2139 6829 6834
5631
163 5623
5625
5625 4130 4135
4112
5623
5625
5625
5631 2968
163
5625
4104
15
5625
1743 5625
4125
3334 2634 3340 1245 1243 2797
5625
5623
1707
5827
1707 4125
5623
4112 5631
4074
4126 5625
5623
4126
2968 4126
5631
4126 1707 4112 4112 4112 4112
5625
5625
5631
5625 163 163 163 163
4126
2139
5625
4125 5631
5625
6362
2946
5631
4126
5623
4125 5625
5631 4074
5625
5631 4112
5631 5451 1915
6722 2723 3969 4280 1547 263
5623 6270
4136 5829 6346 3276 2368 1812 6723
6004 2946
5623
5625
3259 1547 3877 3740 3510 2764 3782
5631 4112
4126
4112
1707
5623
5631
1707 4132
5631
163 5623 163 163 163 163 163
2968
5623
4126 5628
5631
5625
4112 5625
5625
5625
5623 4112
5631
5625 5466
5625
4136
1707
5623
5631
5625
4125 5631
2953 5625
4525 3720 3877 5875
5623
5631 4112
4112
5631
163 5625 163
4125
1707 2968
5623
5623 4112
5623
5625
4112 5631 4126
4126
4126
5631
5623
4064
5623 2968
163
5623
4125
5625
5631
6723 6985 3509 3644 6369 3539 1547 5626 5532 2333 3278 1547 6995 2527 2405 2873 263 2635 5875 2031 263 263 6343 2287 2527 6723 263 6985 1547 2405 263 4401 3261 263 3261 6995 3309 263 4420 1547 5941 263 3278 2723 6851
5623
5625
5623
5623
5631
1474 1469 1516 1477 1523 1120 1703 6014 5204 1047 1388 1391 1248 2082
163
5631
5631
5625
4112
4112 5623 4112 4112
4112 5623
5625
5625
2352 3652 3546 5795
263 3623 6320 4998 1124 1390 263 918 881 3623 4731 4998 263 263 1063 1117 978 4731 3694 263 3622 263 1124 1479 1044 1400 916 961 1036 1124
5629 6969 263 2851 2211 263 6396 3639 6969 2275 6393 6320 263 6397
4125
1707
2946 5631
4632 4632 4112 4112 4112 4112 4632 2922 4136 5623 6822
431 5631
4112 5623
5631
4125 2140 2177 2911
1707 4112
5631 4112
5623
5623 3274 3273
4112 5631
1915 1707 1915 1915
5625
5623
5623
2968
5623
5631
4112 1743
2968 4112
4112 408
5623
5625
3309 5802
3347 2373 5324
4126 2911 2966 4112 2970 1707
5631 4112
1707 2857 3878 5929 1835 5913 2682 1531 3268
4125 5625
4112 5625
3334 5625 2334 6971 3307 6971 2649 3307
4126
5625
5515 163
4126
4127
4126
5623
6722 2946 3875 1795
2769
4131
2946
2458 2584
4112
163
2461 5829 6409
5623
6283 5806
163
4537 4112
4112
4125 4617 4566 4372 4368
3878 4219 5929
5623
163 163
4126
4075 4112
4112 3609
63
5623
4125
4074 5623 4129
4126
4131 4131 4131 4131 4131
5844 2600 5631
1699 4131
4112
1738
4126
4125
4125
1120 1040 1065 1389
1532
2857
5631
4125
163
6258 1685
4129
2956
163
4112
4125
4112
5625
163
1707
2970
102 190 117 209 112 120 117
4112
2970
4112 4112
3877 6971 3509 1825 2797 3307 389
4112
387 1722
5625
4112
2946
4125
4074
5623 5827 6335
1707
721 1533 5625
4125
1707
1718 5832 2220
2858
5625
1531 1531 163
4129
5625 2968
4098
1672 1885 610
4125
4126
4126 1707
4126 4125 5625 4112
5623
3261 1547 263 5829 3261 5829 1378 1394 3765 1547 3278 1547 3261 5801 263 3765 1547 5829 263 163 1547 5827 3261 1547 3261 5827
6894
2956
5807 5806 5623
5623
1707 1699 4074
5623
4112
5625
5623 163 163
4119
4125
4125
4125
2946
4112 2946 5623 4112 4125
5631 4112
4125
3287 718 3293 3510
5019
1615 5625
3393 3398
4112 4112 4112
4136
163
5625
4112
1707 6293 6013 3275 2777 6346
6661 2968 5623
5623
5623
5625
1707 2587
5623
1707 2809
4125 5631
5631 163 2946
5631
4129 5623
5625 163 163 163 163 163
2970
3622 263 5542 263 3623 263 3622 263 3638 263 3622 3623 263 2834 263 3643 5542 6320 263 2643 263 5625 3003 263 3510 3623 3622 2835 263 3622 263 2834 263 3351 3404 5542 263 2835 2224 4536 263 2834
163
2565
1707 5623
2369 1706
263 3297 5496 1177 263 1771 1211 3297 1547 263 1771 1211 1177 263 1771 1177 1211 3297 263 1188 1177 1219 3297 263 263 1214 1177 1771 1771 263 1177 1213 263 3297 1215 1771 263 1177 3297 263 3297 1547 263 1771 263 1218 1177 1177 1220 1771 425 263 3297
4126
5623
4126
4074
4112 4112 5625
4065
253
4125 1836
611
4127 5628
1707
5631
2203 2317 4112 1738
5623
263 4731 6410 6320
5625
3377 3379
4112 1707
4126 1707
4112 2968
5631
6969 1779 263 2274 1685 5633 2275 263 6355 2778 263 2274 3351 2249 263 263 4533 2602 2202 5829 6668 2216 263 263 6668 2829 5829 1547 263 4439 2682 4440 5842 3637 263 5925
5623
5623 4112
5631
2366
4126
4112
4112 4112
4125
5623
4136 4112 1707
4125 5631
4131 4130
4136 1707
4112 5631
6297 5631 3510 5631 1703 3509
4125
4125
5631 2183 2945
4126
1531
1707
6598 1531
5625
5631
2146 2919
5631
263 5281 2853 277 6985 2600 263 1988 3261 1988 263
2363 5827 2946
4125
1797
611
5631
3396 3397
5892 709 504 238 3876
4112
2325 2797
7120 7291 324 7128
1707
5631
5631
5631 2946
4126
4112 4136 1707
6970 5625
5625
5631
1707
5625
2946 2185 2956
5623 4112
4112 4112
5631
5623 4112
5631 4112
4115
1707 4126
5623 4112 4112
5625
4125 4099
5631
470 1615 687 2368 1707 6723 2325 6722
5623
1707 285
1707
5625
5625
1843 1749
5623
5623
6236 4126 5631
1846 5631
1759 6336 1718
4126
4127 5623
5625
5631
2410 1707 2769 3756 2603
2970 4081 4112 5631 4074
5978 2368 1547 2820 2275 4112 5625
4127
732 837 825 431 749
5793 5339 4219 3906 5631
6
5625
1707
1707
2465 2465 2489
5625
5631
204
6358
5623
1707
90 5625
4131
4125
4126
5625
5631 4125
4131 4126
1707
5625 4112
5625 4136
163
4074 5625
5631
2956
4126
4112
5633 1547 3309 3284 5929 3297
5625
5625
2970
5628
4126
2945
5623
5625
163
5631 4112
5623
5623
6822
4125
4126
5625 4112
4136
5625
5623
5625
2970 5623
4136 4112
5623
4218 3278 5623 2362
6855 3877 2130 2631 2241 3376 3270 2440 2130 3376 3877 2759
1707
4126
4112 5625
5625
5631
5625
2945
4125
5625
163 5623 163 2968 163 163 163
5625
4125
1707
4126 2946
5625 4112
5625
4126
4112 5625 4112 2970 4112
1707
4125 5623 4099 4112 4125 4099
4126 5631
5623
1707
2023 3261 3536 2726 6336 2214 4112 5625
1707
4218 5625 3273
1931 408 5915 3509 1931 6214 1931 1931 5920 1931 1931 1931 3509 1931 6659 1931
5631
5625
5625
5631
5623
5625
1751
5623
4112
1871 1622 5625
5625
5607 263 3271 1750
6659 6969 6659
2946
4125 5631
5631
5625
5623
5625
5625 4112
5625
5623 2969
5625
6371 1759 263 1750
4126
263 3420 2578 263 5806 2833 6397 5645 263 5643 3438 1547 3086 3438 2997 263 2759 263 2769 3131 1547 3404 3405 3420 263 263 3438 4998 5807 3420
6296 2947 4164
5625
5623 235
4125
4112
5631
163 163 1707 163
2157 2945
4103 4131
163
5625
5625
6943 2754 608
5623
5631
4126 4130
2369
1707
5623
1707
1710
5623
1699
5623
1707
675 1615 1855 1707
1707
4125 4125 4125
5214 2321 2321 5339
5981
1707
5623
5623
4126
2968 5623
4112 674 1855 1615 4112 163 4112
5623
2369
5625
4136
5623
5631 4112
4129 5631
4074
5631
5623
5625
5623
4126
5625
2906 2911
4125
5625
4112 1670 5625
5749
4127 5623
1707
2946
4112 5631
1707 4112
5623
1704 6972 1707
4125
5623
5631
5631
5631
4112
1533
4694 5623
5623
5625
5631
163 163
5623
5631
1707
4125
163
5625
5625
4112
1707
4125 1707
4126
5623
4298
4112
4127
2369
1707
5631 4136
4126 4112
4112
1707
4126 1707 2956
5625
4136
5623
5631 4112
1967 1707
5625
5625
5631
5623
5631
5623 4075
5623
4126
5623
4112 5623
5623
5623
5623
5324 3334 3874 3881
5623
4112
5625
5623
5631
5623
6974 4908 4227 5742
4125
1707
2946
4136 4126
1707
1707
4112 5625
5631 4125
5625
2970 5631
4112
5628
4125
5631
5631
1707
4112 5625
4099
1707
5631 5623
4112
4125
5625
5623 1046
5625 4125
5625 4112
5214 2336
5625
5631
5623
2948 5625
6969
4126
2945
5631
4112 4126 4125
5623
4130 1707
4125 1707
5631 4112
4112
5631
5625 4112
1707
5623
5623
5625
2203 1759 3307
5625 2911
5631
5631
4069 2956 2954
5631
4125
2946 4112
5623
4112 4136 5631 4112 4136
5623
5623
5631
5628
5625
5625
5631
5623
26 4218
4125 4099
3278 3278 3278 3278
4125 5625
4126
5623
4128
5625
3881 5827 1760 1707 3881 2797 6850
5631
5623
5625
1533
4125
4126
5631 5504
1707
5623
5829 263 3273
4112
1707
6971 7375 7186 7232 2213 2539 2368 3882 282 2211 1547 2213 2461
5823 5823
4125 5631
2363 5623
5631
5623
4131 4131 5623 4131 4131
1707
5625
5623
4126
1622 1862
5631 4112
2136 4074 1707
5631 4112
5623
1707
2699
1707
5623
5625
5625
5625
4112
2970
5623
2970 6951 4125 2946
5625
5628 4401 6970 263 5941
170
4125
5623
4112 4112
5625
5631
2203 5623 4112 2300
4126
5625
5625
5623 4112
4112
5631
5625
5623
1707 4112
1740
1707 4112 4112
4125
5625
2947
6796 5623
5631
5623
5623
5631 4129
5631 4112
2968 5625
5631
1707
4112
5625
3292
5625
5631
869 5024
5625 4112
4126
5631
263 1987
5623
5631
5631
4125
5631
5625
1707 682 602 533 1738 1615 1868
1707
2968
5625
4125
5625
5625
5631
5623
4126
5623
5623
4125
1707
3639 1796 602 720 682
5631
4125
4112 4112 5623
1707
1707
5623
4112
2946
6855 2754 2754 6855 2756 2755 4069
5625
4112 5631
4112 5631
4126 5628
4112 5625
5623 2911 2185
5623
5631
2971
4112
5623 203 4112 203
6179 2946
5625
4125
5623
1533 1707
2946 4112 5623
5623
5631
5625
4129
1707
4112 5631
5631 1716
4132
5623 4112
5625
4126
5623 4112
5623
2946 2947
2275
5624 5929 2466
3451
5623
2953
5631
4112
4125
4112
5623
2633 2851
5625
4126
5625 2510 6935 6710 6332
5470 6972 5623 6364 6972
5625
5623 4112 4112
1707
5623
5625
2912
5625
4070 5625
4074
611 1858 674 5623
1707
5623
2947 6261
4112 5623
4434 5806 2600 3899 5772
5623
5623
4280
5623
2949 4126 5623
5631
4074
1707
5623 2968
163
1707
1707
5631
163
5625
2946 4136 5623
1707 431
5344 4439 263 2621 263 4420
163
4112 5631
5631
5839 6734
1707
263 2214 5752 5765 263 6392 2214
5627
5631
4126
4125
5623
5623
5625
5631
5623
5631
1707
5623 1699
171
5631
2263 3922 3889 263 6723 3889 3924 263 3540 2249 3952 263 263 2225 3880 264 1119 1041 1388 3880 3536 2249 263 6723 6392 263 3952 3539 2249 3885 264
5625 4125
5631
4127 5623 4112
5631
2296 5633
2274 263 2832 2224 1547 2275 6392 263 5841
4
5623
4126 1707
5625
1707 4074
5631
5795 1726 6723 5631
4125 5625
163
4125
5631
5631
4125
3692 5925 3309 2224 2362 3931 1548
4112 5623
2180
1707
4126 5631
5623
163
5625
1707
263 2590 6971 5610
5631
5623
5623
5623
5631
1707 4112
5623
5631
2946 5623 4112
3874 3873
263 5208 2632 3261 263 2624 2633 2632 5531 1683 263 1983 1547 1683 263 6988 6320 263 5928 2624 2440 1383 263 6969 3896 2754 263 5742 263 402 6986 6969 6990 3374 263 3338 5326 5740 2369 263
4130 4131 4131 4130 4131 4130 4132 4130 4132
4112
1707
5625
1704
2797
4125
5631 2911 4112
4136
5623
5623
3345 1547 263 6855 3018 2400 5344 3845 1547
4125 4112
5631
5623
5631
4125
5631
4115
2506
602 264 4425
1533
2274
3753 263 2797
5190 4218 1547 6577 6722 4592 2833 4660 3405 4316 1533 5189 4565 4112 6722 2833 1547 3405 4218 5625 6723 2833 3405
4112 4125
4126
4112 4074
5929 3066 3153
4125 4098
1531
4129
4130 4135
1178 1222 1615 686 470
5328 2643 6409
2946 1531 6478
2946 5994
263 5807 3269 263 3423 5845 3639 1547 3915 3510 5807 1547 263 3261 5801 1547 3009 3924 2394 3765 3650 163 263 3261 2214 3716 263 5801 1547 3650 3423 3637 1547 263 3737
4112 2970
5844 3275
4112
5625
4074
2946
4136
4125
4136
6319 5607 3880 5607 448 5607
391 3461 632 602 1868 263
4126
2220 5827 5845 263 263 2640 5938 5941 1547 3694 6341 263 2834 6336 3692 2832 263 6348
4112
3537 4439 263 6289 3692 2369 2633 3537 263 2825 2369 263 2829 2797 6398 1043 1162 1479 263 882 1120
4137
163 163
163
4074 4074 4074 4074
2797 1547 3261 2395 263 3640 263 2250 3765 3915 263 3717 3774
5531 2368
5801
4112
4112
4125
2946 4811
4125
4125
4126
6850 3306 3638 3910 1547 3694
1760 375
5929 1065
3347 2756 4217
3259
4126
1826 390
4132
3408
2833 2826 263 1704 263 5770 2825 2759 6792 263 5770 6392 6320 4631 6792 263 5845 6355 263 263 5748 6410 3920
263 5633 2461 2207 2797 2465 5875 263 4420 2832
3874 507 2643 2458 1785
6090 2946 718
6712 2906
3553 2919
4126
2956
5801 3343 1987
4074
3877 3334 3878 3877 3334
6410 2274 263 2275 2834 6792 263 1547 2835 4401 6792 263 263 2275 6410 2274 1547 2777 4758 6792 263 2777 263 5648 5748 263 5844 3987
4126
2363 263 6341 6365
163 163
5609 3510 5811
3386 4291
3954 3954
163
1840
4126
3268 2797
4131
4125
4127
4126
4132
4126
4118
1110 1047 3509 1388
4131 4099
285
5297
3875 2634 3890
2946
2769 3321 5806 3298 4784
2369 2764 1622
4125
6268
5607 2503
4126 4126
1039 5629 1043 1047 6284 4440
2970
163
5531
870
4126 4132
2946
4103
5701
3006 5925
1858 611 688 1039 716 1120
4074
2947
