4917
4915
4916
64
1531 4918
4918
4074
4129
4104 4918
4074
4918 4126
4917 4129 1531
4125 4917
1757 5795 3269 3347 3651 1829
1855
4201 233 231
236 4917
4112 4112 4112
4916
3881 2229 3882 2441 2230 3878 2631 6855
1531 4918
4125
4915 1531
4917
2969
4916
4918 4104
4916
163
2956
4074 4918 4074 1531
3647 3737 3477 2833 2410
677 625 499
4915
4103
4125
3340 5339 6666 5324 3334 4126 4915 1531
3423 3510 2634 2634 3510 3423 4915 3510 3423 2634
4112
2968
2944 4126 5607 6346
4916
4915 4112
228
4915
4129
3964 2367 3423 3269
2754 3880 5330 3306 3875 2631 6012 3878 2240 2241
163 163
4916
4917
4125 4916
4915
2944 4126
4916
5450 5450
1531
1757 3306 5829 3307
4136 4916
4916
4918
2969 4917
2944
163 4918 1531 1669
4915
4916
4915
6 6 4918
4915 4099
4917
4125
601 4917
2366 5752 5826 2766 3408
4916
1531
2943 2944
4916
4126
4127
682 720 609 238 682 608 1848
2944
4917
2968 4917
4917
4917
163 4918
4918
4917
4916
4126
4915
2969
4918
3510
4099
4126
4916
6262 2633 2640 5561 4918
5827 6722 1738 609 5324
4918
4915 4918
4916
1533 2369 4434
4915
2368 3875 4917
3875 3962 5840 721
163 1853 163 163
4917 1531
3280 3016 6986 3273 5481 2855 3319 3300 5480 6986
4917
4918
6267
4916
4917
4063
4112
4915
4074
4918
1796 6327
2910
1531 4917
2374 3320 6398
4915 4126
4917
4125
7377
4916
4126
4915
4916
4917
4125
4915
721 1738 721 1738 1987 3343 6961 1777 1738 4918 1777 4434 1738 506 4917 1531
4918
4918
4099
4917
4915
4074
1531 4918
4916 1853 1615 1868
61 4918
4136 4273 4916 4915
2944
4918 1846
4125 4641
14
4126 4916
4125
2968
4127 2968
4917
4916
4917
4916
4917
163
4917
2828 2346
4125
4918
4916
203 4918
1531 3436
2969 4916
4918 4126
4125 4099 2930
4126
4915
4918
4918
4918
3530 3320 3268 6850 4910
4916
4917 236
2968
4915
2944 4136
163
1531
2968 4917
1400 264 869
57
4916
4126 2944
4915 4112
4917
2538 2538 1531
4125
4917
4917
4918
4915
4915
5847 3882 3338 3278
4917
4126 2944
4126
4917
4917
4917
4129
4126
1378 1394 880 1374
4126 4917
4917
4125
4918
3309 3275 3899
4917 2968
4916
4917
4916
2969 2944
4112
4128
2944
4917
236 4918 1531
1 4127
4917
1374
4916
4115
5841 5845 5634 6722
4918
4125 1531
4126 5607 3898
4127
4129 3668
2260 3878 2261 5607 3273
4916
163
4916
4131
4916
4125
163
4918
4917 4916
4915
4916
4915
1531
163
2437 6971
4917
5125 4917
4125 4915
4915
2956 4136
4918
4915
236 4916 4915 236
4917
4915
4918
1531
3203 6853 608 3877 4218 5532 2363 4223
4917
4126 4917
3638 3652 5747 1708 2851 5610 5280 3203 5752 2778 3692 2363
61
4126
292
4918
4915
163 4917
4915
4917 1531
4918 4918
4132
4125 4917
1751 5829 3338 3924 2325 5929 3880 5829 3924 3335 3900
2944
4916
4915
4104
4125
1531
4119
1531
1807 5930 1840 4915 1807 2944 1797 2911 6711 2185 1812
3274 3881 3269 2755 7344 7098
1532
4125 4918
4917
4918
4137 4917
4915
4917 4104
4074
4916
4128 4917
1531
3827 4126
2946
4125
4916
4132 2969
4917
4917
4915
4915
4916
4915
4917
4126 11
4917
4917
2797 4918
4917
4126 4917 2944 1836 6014
1059 716 1120
4916
4125
4915
2949 4915 1531
4915
4
4917 4125
4915
6969
2216 6914
4917 2368 1531 2368
4074
163
4918 4917 4915
4917
4918
4112 4112 4918
4917 1531
4125
4918
1826 1715 390 4917 1374 1410
4434 3340 1533 3952 3877 6014 4434 4434 3340
2374
4129 4917
4916 4916
2968 4981
4918 236
4101
2537 6971
3510 3510
4917
4126
4917
4915
4918
2956
5806
1531 4631
4917
4917 4918 4915 236 4916 460 524 608 504 1864 1868 5105 2369 1046 431 965 717 1119 2777 1052 2035 4771
4918 1531
4915 2944
4917
4917
4917
4916
4918
4273 4126
4074
4125
2968
4126
1488 1520 1464 1462 1523
4125
236 4916
4074
4916
6296 2944 2944
4915
4917
4289 3377 4290 3386
2956 163
2944
4917
4918 1531
5808 3425
4136 4917
4918
4915 4918 4916
1531
4917
4136
4916 1164 2855 2211 687 2833 1855 2944 4632
4917 4126
1795
4918
2944 2944 4136
4917
2969
4125
4918 4126
4127 4915
4126 4915
4918 2944
5772 5772 4916 4915 5772
1052 6346 1474 6722 4280 1738 1701 460 6722
4129
4917
4915
4918
2968 236 4918
4074 4915 4074 4074 4074
4917
686 602 1615 2363 3643 3269 602 686 1164 688 1615 602
236 4917
4915
4917
4917
4127
4917
6970 5335 5839 5328 6970 6970
4915
4126 2969 4915
4937
2944
6823 6706
4917 4112
5311 4525 6969 3881 282 1547
4136
4917
4917
4916
4918
4917
4918 4112
2949
3143 3163 4301 3394
4916
4917
5917 2275 5172 4222 3030 2769 5172 2224 2275 5840 2769 5917
4917
4917
4915
2769 5540
4917
4632 4136
4915
6
2930
1531
4918 4917
4918
4917
6251 5847 2649 2948
2944
4915
2321
4112
3921 4898 5796 2628
4917
4917 2645 4219
1245 2769
2969
35
4918
4916
3308 3509
4915 4126
4918
2369 5335 1813 1751 3269 5793
3509
4126
4126
4916
4915
2968 1532
163
4125 4917
2944 4915
4125 4915
4126
4915
169
4917
4112
4917
6823
2965 2185 2140 5705 1760
4125
4917
4918
4918
4126
4125
3494
4917
4125
4126
4126
4916
4136
6341 1801 6722 3881
2375 1532
163 721 1622 1669 163
285
4125
3569
4917
4916
4918
4127 4917
1531
4127
4917
236 4917
2726
4126
2944
4915
4917
1531
4136
4917 4131 4131 4131 4131 4132
1532 1532 163 4917
4125
4126
4918 1531
4125
1862
4917
4126
4917
4915
1699
2956
4915
4916
1699 4125
2725 5923 3275 4217 5496 1547 2775 4917
1748 2832 2968 4175 3994 1748 7260
4918
1683 2369
4125
4916 4112 4112 4112
721 1738
4127
4917
4915
4918
4126
291
4915 1531
4099 4130
4917
4915
4915
5
4917
4917
4915
2528 3412 4918
1531
4126
4916
4126
4126 1531 4916 3265 3264 3260 3308 4222 3934 2540 3898
3509 6689
4917
4916 4136
4916
4217 500 5279 2644 5829 5279 4264 3959 5934 6728 4217 1988 4244 2651 5936
4136 4917 4916 4915 6258 4112 4112 1531
4917
4915
4127
4917 1531
4126
4915
4917
4126
2969
1532
2859 2858 2859 2365 4918
3336 3640 5845 3764
512 1164 601 689 2764 608 688 1855 2366
4918
4916
2497 3878
4917
7
4126
4126
4915
4915
4125
4434 3299 3923
2944 3892
2930 4915
4916
4125
4918 4915
4128
4917
4125
4918
2648 4916
1531
4915 236 2589 2480
4125 4917
4916
2944 4915
4915
4126
4127
4917
4131
1531 5684 4270 4915
3922 3906 3639 3269 1757
2769 5633 6668 3651 3309
4125 4915
2186 2966 3408
4127
4074 4917
2855 6014 2325
4918
3269 5531 3271 2210
2944
1784 6392 4219 2645 4223
4126 1797
2524
2911 3309
163
4917
4125 2956
4137
4126
4125
4915
4917
4917
4918
4129
2632 2665
4915 163
4915
4916 1531
754 769 737 819 818 791 758
4917
4126
5978 1787 2369 3639 3637 1767 5624
4128 4916
4917
4918
1531
4918 4125
4126 3826
3618
4915
4916
4918
4915
4918
4917 2968
4915
2797 5634
4915
4915
1531
4917
4101
4917
4918
4917 1531 4112
4132
4915 4126
4917
4917
2944
4112 4916
4918
2180
4101
4917
4917
4126
1531 2853
3638 6691 2797 500 4904 238 4918
4104 4916
4917
4271 4917
4126
3877 5793 3539
5622 6241
4917
163
4132
4125 1531
4915
4125
209 2620
4959 4942 3060 4501
4136 4915
4074
4915
4916
4126
4917 4125
4125
3517 5496
4126
4127
2769 5795 3892 2241
4918 4915
4915
4126
1531
4916 4917 4126
2944 2911
5610 4904 341 3881 2862 6722 4917
4126
4125
4915
4915
4918
1531
4918
163 163
2968
4918
4917 1531
4125
4917
1045 2326 1381
4137
4918
4917
4125
4917
4126
4126
2853 1531 4918
236 4915
4917
4917 4916
4917
3
4129
4915
4125
4126
4915
4126
4918
4917
4126
236 4915
2369 4917 1531
1532
4916 1846
3892 5632 3882 3651 5939
4915
4126
4915
4917 1531
1531 4070 4917
4137 1728 3517 4539 3517 4539
3510 1532
3510
4918
4916
4916
952 912 1119
1533 4916
4125
4126
1738 3510 1871 2369 1871 1859
4125 4917
4917
2375 2797
2969
4915
2944 4074
1531
2968
4915 1531
4916
6972 1837 1837 6972 1837 6972 6972 1837 625 2968
4915
6722 2649 2362 236 4916 1795 2725
4917 1531 163
4126
24
4917
2202 2497 6241
4918
4917
4917
4918 1531
4918
1837 2367
4126
4136 2944
4917
3267 4307 1988
4915 4916
674 602 1701 1164 686 466 499 687 502
4916 1538 4112
236 1057 1474 6012 6723 1837 4917
5845 5929 5941 2797
4125
1531
4101 4918
4918
4915
4125 4125 4916
4917
1531
4917 1531
4915
4112
4917 4915 4915 5514 1807 4916 4087 4917 1797
4915
4916
4103
4917
163 4917 236
4136
4916
4125
4915
4126
4917
4916
57 4917
6687
4125 4917
4127
4135
4125
4917 254
4918
4917
4126
4916
4916
4915 2949
4918
952 1121 1046 1126 1531 4916 1547 3045 2440 3637 2631
236 4916
4918
2368
4918 4915
4915
4126 4125
4916 1531
5560 1759
4085
4917
4915
4917 1531 236 4915
4915
4125
4916
2984
4916
11 6
4918 235
1715 5632 1119 1046
4916
4126
1533
4915
5749 2645
163 4917 163 163
2369 6906
3922 4223 3275 5923 4631 3510
1670
1531 1826 390
1699
4916
4917
239 4918
4917
4916 1531
4915
4917
4915 4127 1531
4129
3408 3275 4915
4126
4918
163
4126 4916
186 49
163
2940 1767
4917
4126
1738
4917
5929
1531
3299 2540 3878 2646 3875 2776 3297 2797
1759 1813 2144 3957 1796
4917
4917
4917
4917 1531
4125
4917 236
4918
3276 2414 5634
4916
1531
4126
4917
4125
4917
1531
4125
4126
1693
236 4915
2944 4128
4126
4917 2367 5431 1836 1531
4915
2833 1547 6723 3959 3900 6723 1707
1785 2797
4131 4918 4131 4131 4131 4131 4131
163 4916 5623 163 1531 163 2968
4916
3668 2147
4129
4917 163 163
4915
2968
4074
4916 4070
4132
4917
4918 1531
163 4915 1531
4125
4915 2968
4917 1531
6990 1703 6988 4430 5940 1777 4427 5631 1707 2634 5912
1531
4918
4917 1531 4112
3306 6969 3509 1707
2968 4918
4918 228
4915
2936
1531 2968
4125 4916
4917
4074 4915
4125 1531 4917
3319
6691 2628 6906
4112
4126
6823
4126
3605
3078 4135
4915 4916
3022 3952 6722 5629
186 23
4127
5640
64 228 228 4918 228
4917 2968
4128 4915
1823
350 4616 5648 1531
4917
4916
2969 4136
5839 1615 5339 1813 688 602
4917
1531
4915
3881 6691 3461 391 5626 4915
1531
6691 2631
4917 4917 4917
602 264 709 684 500
6014 5531
1531 5133 2106
4125 4918
2968 4917 6797
4918 4915
4917
4917
4112 4126 2944
4125 4125
4918
4136
4127
4917
4917
4099 4099 4099 4099 4099
4916
4125
4916
4915
4125
5978 5929 2442 4216 2634 3273 2230 5203 3275 3881 5330 4898 6012
2944
1531
4917
4136
4125
4915
4127
4915
163 163 163 163 163 163 163 163 163
4916
4125
4917
4915 4917
6988 2225 4916 4126
4099
4126
2374 2649 3298 2648 4433 5607 2649 5801 4218
1713 623 683 1740 1669 264 1702 263 2631 5619 2756 602 1848 514 697 1116 1121 1043 1391 264 957 263 6012 2643 2756 1547
4916
4916
4125
4916
2944
4126
5925 1681 384 1039
4915
4915
4129
4104
4918
4126 4918
4916 4915
4915
865 849 865 4129 6893 865 861 6893 865 6690 4916
4915
1785 4915
4918
4918
4915
4125 236 4915
4918
4916
1626 1650 1632 1649 1640 1633 1645 1910 2944 1759
4915 1531
6
4917
4129
1531
4126
4125
1855 687 518
4132
4917
4917
4136 6705 5537 4534 2949
4918
4918
4916
4918
5296 4582 3851
163 163 163
4915
4125
163 163
4917
4917
4917
163 163
4916 4126
2946 2944 3494 2944 4918
263 3336
4126
4125
4125
4917
1797 4918 4388 4916 5925 4380 1807 4646
2968
4915
4915
4918
4917
1531
4126 4917
2906 2956
4915
4916 1531 4917 4915
4917
2944
163 2968 1531
4918
4915 1531
4916
4918
2969
1531 4916
4916
4915
4915
4916 236 4917 4918 4915 6253
4136
1531
4126 4126 4918 2968 1531 601 1164 686 674
4127
4125
1738 1855 687 709
1531 4915
4915
4126
4125
4915 4916
88 8 85 97 80
4917
1531
4915 2968 4918
4433 5640 5747 2329 3269 3270 2777 3882 6969 3875
4917
1531 4918
4128
6906 3270 2817 3510 2776 3275
4126 5710 5729
4125
4915 1531
4125
4915
4917
4917
4125
4915
5920 1738 2362
4916
1743 2422 5324 1547 5607 3906
4918
4915
4917
4917 2755 2461 2528 6409 2538 2369
4915
3880 2826 6722 2524
4126
1759 2944 236 4916 1759 1759 4126 1533 1529
4917 4916
4125 4130
4915
2368 4916 2368 1868 1701 502 1701 3414 530 688
4126 4915
1531
1820 1686
4918 4112
4918
4918
4915
4915
4916 1531
4917
2362
4125 4112 4916 4125 1531
1531
2899
3668
3957
4126
2969
4915
4915
4916
4917
720 600 687 4918 687 1855 1848 4915
4917
4915
4126 4917
1531
4125
4061 4915 236 4112
4126
1915 1916 1915 5451 5561 2138 3625 3517 5450 4112 4112 5941
4125 4130 4915
2167
4125
4125
4917
2911 6267
3309 4917 2375 3952
2797
2968
4125
4917 1531
1531
4918
4126
4126
4915
2943
2944
2944
4125 2969
4129
5929
1531
6
4128
3900 3881 2723 6971 2363 4212 3423 1547 5806 4218 3642 3510
4112
1531
4918
610 502 1868 523 687 666 4916 1533
163 4916 1531 163 4916 236 1531 4918 163
2968
4917
4918
4915
1795 6231 4915
4130 4132
4917
4125
713 703 1223 707
4916
2968 285 4916 4915
4918
627 687 512
4917
2326
4917
1531 4915
4917 4915
4103
4918 236 5213
4917
4917
4918
4917
4125
4126 1531 4916
4125
4917
4915
4915
4136
4915
4916 236
4126
163
4125
1054 1037 1042
4916 1531
4917
2540 2368
4125 4917
4074
4125
5839
4127
4132
4916
4917
4126 507 682 1622 609
4482 4915
4917
1767 3203 2368
10 10 10
4074
4915
4918
4916
2968
4125 4915
1718 6975
4126
4916 4915
163 163 163 163
4051
4916
2951
163
4074 2944
4916
4915
4915
4917
1531
2762 3334 3881
4126 4125 4112 4112
4916
608 709 691
4915
4917
1531
4917
1391 1042 1119
4917
4126
4126 4916 4112
4917
4915
4915
4126
4917
4126
4916
4915
4136 5699 2924 1785 2023 2894 4136
4915
4916
1040 1037 1133 1120 1391
4917
4915 236
1531
4918
4137
236 4918 1531
4126 4125
2634 5829
4916 4112
228
4125
5530
4918
4915
2869 3334 3120 2649 2213 3299 5606
1670 2906
4074
4915
4918 4918
4136
4076
1531
3463 392
4915
4126
4916
4126
4126
4918
4098
4916
4916
1759 5643 5496 2210 6723
4126
4917 76 4132
2951 4915
1533
1724 2026 2287
4126
608 1738 682 687
4101
236 4916 4747 1531 1531
2583
4916
163 163
236 4916
4917
4917
4129
4917
4915
4915
4917
163
4916
4125
4917
3907 3274 3298 4433 2367 4218 3877 6012 3914 6855 5606
4125
4915
3379 4915 4136 5529
4917
1531 1531 3509
4126 2968 24
1531
4917
2317 2756 3334
4917
2949
4917
4918
4915
4918
163
4125
250
1531
4074
4916
163
1531 3623 5624
4132
4918
4916 4112
4917
5331 5330
1531
4125
4125 4917
4127 5805
4125
4915
4136
4915
2729 3921 3299 3652
4125 4916 4915
4125
163
4916 4112 4112
2374
4917
4915
4112
1531
3668
4632 4126
4126
4916
4915
3218 4485 269
4917
2956
2414 4917 2414 4915 4918 4916 3201 3510 2415
4126
4916
1531 163
1988 6986 6990 3748
1248 264 869
263 6346 6722
4918
4917 4126 2174
4126 4918
2132 1 2911
4917
609 1738
4917 4918
4125
4917
349 1786 2213 1382
264 1116 1130 1378 1379 5329 263 2644 264 1374 1116 1378 1374 1399 264 431 869
6972 3952
4125
4917
1531 4916 3927 5532 5628 6985 5324 2781 1547
4917
4129
4915
2631 4917
4917
4917
4125
4125
4916
720 602 3463 4692 2756 392
687 1868 1164 504 466 609
4132
4916
163
4918
163
2956
4918
4918 502 678 461 1278 373 1354 1882 1300 677 530 461 2237 3334 1840
163
4916
1531 4915
4126 2944
4135
1531 4917
4916
4127
4126
4918
4916
2944 163
4112 4112 1531 4915 4126
4126
4126 4126 4126 4918
4125 4918
4915
3267
4126
4915 4112
4125
4917
4915
4917
4126
4915
163
4132
4917
4917
4915
4916
4126 4915
2968 4917
4916
1532 4917
4126 4132
4917
4126 4915
4916
1726 2651 263 3423
3394
4074
4918
1531 4916
4917
4915
4917
4129
4074
4915
4915
4918
4915
4136
4916
869 431
3639 3889 263 2853 263 2296 6722 2584
4125
4917
2472 2479 2472
2856 2919 5726
4917 236
4918
4125
4917
4916
4080
4132 4915 1531
4075
4918 236 4269
4916
4917 236
4916 4916
4917 1531
4915
4104 1846
4125 4915 1531
4916 4917
4918 4916 4916
2969
4915
4917
4916
4918
4916
163
4917
4918
4915
4917
4916
4136 3817
4126 4273
2797 2363 6969 625 3306 5773 4916 1531
4917
4125 4916
1743 2642
4918
4125 4916
1531
4915
4127
2944 4918
2944
4103 4917
4918
4917
3334 5920
2968
1531 4918
4915
2968
4915 1531 1622
4127 4915 236 4917
4915 4918
4049 3491
4915
4918
4917
4112 1531 4916
4918
4915
2797
4112 4916
2944
4917 4918
4129 4915 1531
4126
4125
4918
4917
4918
4917
4916
4125
4917
4129
1531 4915
4918 4126
4125
5969 6346 263
4915
4915
4917
4918
163 163
3510
3275 6723 3960 1547 1862 1742 3643 3274 3874 3644 3959 1742 1547 3874 3960 3643 1742
3275 3278 2764 6911 6689 3875
4916
4125
4126
4112
4917
4918
4917 2944
2754 6723 3878 5335
4915
4917
4918
4916
4917 4917
4916
4917
163 163
2943
4918
3881 2797
4915
2363 2628 4525 4027 2817 5295 2624 3647
4917
4632 2918 2944 4126
4801 4916
1531
4915 228 228 228 66
5178
4916
4915 4918
4915
4918
2954 2965
4915
5270 4136 5271 2920 4916
3278 3274 3274 2410
5841 2369 1776
4132
4915
6709 4632
4917
4918
4917
4915
1532 4915
4918
4917
2968 4915
4917
4915
4125
4132
4915 2969
1533 4918 1531 5546 4936 4937 2220 5546 397 397 5546 2432
4915
4915
1531 4915
4917
4918
4918
380
1531
2944
4917
4918
4125 4917
5945 1531 6690 5945 5945
4915
4126
4128
2725 2833 5531 1532 2583
4126
4918
4126
3952 3912
4126
4917
3
4917
4917
4917
5623 6969
4126
1699 4065
4917
4126
1039 1120 1058 1379 1388
4916 4916 1531
2944
1532
2956
4918
4916 1531
4917
1741 6971
4125
4126
4125
4915 2968 2969
2755 625 2756
4128
4125
4126
4049 2956
2944 4125
4125
4132
2466 4918
3878
4126
6705
2944
67
4917
4917
4125 2944
2968
4916
4136
4917
4918
4916
4918 6399
1855 3649 608
1759 2458 6722
4125
2362 5839
4916
4915
4126
4915
1531
4915 1531
3881 6826
4917 263
4915
4915
5529 5925
4918
4915
4915
4918
1531
263 5521 6850 1374 431 264 6850 5633 263
2966 2944 4126 2899
2944 4917
4917 1531
2645 4126
4030
4916
3408 4099
2954
4125
1374 264 1394
2363 5610 2643 4112 4916 2334
163
4916 236
4915
4918
4916
4915
2946 4916
3298 1531 2773 3749 2825 3740
4125 4099
4915
4915
5640 5281 5280 5283 4584
163 163 163 163
2191 2969 2362 2191 2154 4126
4101
4915
4087 4075
4918
4916 1531
4112
4915
4126
4915
4126
2944
2969 4917
4917
4132
4918
4918
4125 4915
4917
4074 4125
4916
4915 1531
4917
4915
4917
163 1531
770 3509 1549 2652 3307 2853 3275
4917 4918
4916 1377 431
4917
4125
163
4915
4915
4917
4917 2858 4915 4916 3869 4917 4916 4915 4918
4916 4915 1531
2325 4222 3891 5827 5826 5808 3878 4218
4625 6852 4611 4620
4915
235 4915
4126 4915
4112
4917
4917
4917
4915
2898 2944 2917
4918
4916
3694
4918 6760
4917
4916 4915
4127
4918
4918
1864 1738
4917
4069 4137
4125
6855 2754 4917 2754 5929 4918 3509 6855 6855 3509 2754 3875 5929 1531 4916 5765 2657 3509 4139 6855 6855 5929 2856 2657 2370 2754 4139
4917 5623
4125
4125 4125
4917
6668 2214 6313
4125
1796 4025
4917
4918
4063 2943
1715 4533 4917 5531 6013
263 3915 3652 2216 263 2806 2808 263 3915 3970 3510 1547
4125
4915 236
4125 4917 1531
4916
4918
236 4916
4917
4917
4126 4126
4917 3881 1776 4914 4419 2211 1547 4217
4918
4917 4916 3
4915
4915
4916 4915 4918
4126 4131
4915
2944 4917 2944
1699
4126
4125
1738
4126 4918
3668
5925 3875
4291
4126
4917
4126 4915
4917 1531
4917
4915
163 163 163 163
4917
2969
4916
163 1531 163 4917
4916
4917
4916
4917
4126 4917
4129
4918
1821 1039 1374 1757
1935
4916 4129
4126 4093 4915
4917 1531
4915 6392 1531 6911
3379 4291 4291 3379 5848
4917
4125
4125
4112 4915
4916 3379 3268 4535 3408
4918 4127
4127
2944
3509 1821
4917
163 163 236 4916
4918
4917 4916 4918 4915
2968 4915
4065
6361 3334 3662
4915
2369
4916 1531 163
163
4915 4135
2944
4915
163 4916
4126
4439 3343 5796 263 3261 4217 4525 514 4439 3647 263 5796 1737 264 1166 1713 767 739 728 722 817 263 4898 3650 3261
4917 4125
4127
2944
4126
163
4126
2956
4918
4125 2944
5929 2754
4915
4126
4127
3404 3423 2851
4098
4125 4917
4917
6905
2362 6723
4917
4916
4916 236 4917
163 4917 1531
1 4917
2989
4125 4915
2968
4915
4125
4915 4916
4915
4915
4125 2944 4916
3649 3268
4915
4917
4125
4915
4126
4917
4125
4129 2856
4915
4081
236 4917 4916
163 4915
4127
4916
4126 4915
4129
4916
292 4126
4918
4918
4917
3510
4917
4916
3275 3067
4125 4915
2025 4917
1855 687 1615 1738 602
4915
4915
4915
4917
4136 4916 2968
1533 4915
4125
4136 4917
2643
4918
2968 4917
4125
4918 2944
4125
4126 4917 1531
4126 4915
1531
4125 4917
4916
4916
4917 1531 4916 236 4918 236
4915 4136 4126
2944 4125 4916 4915 1531
4918
4126
4126
4136
2912 4136 4918 2913 2918
1531
4917 4915
4917
4915
2367 3415
4917
1547 2372 3269 2211 2764 2214 2367
5468 2317
4917
2369 3642 2652 609 5764
6353 2855 4915 2185
4126
1531
4917
3320 3273 4916 2948
163
2968 4915
3517 2293 1685 1915 4916 5666 1685
4915
4915
4273 4915 1622 7311
163
4915
1759
4918
4917 4915 4916 236 4918 1531 2767 3311 2756 3878 2934 1855 2773
2968 4915
4917
4125
4916
4746
4915 4918
79 117 17 128
4126 4918
4918 4125
2944 4915
4126
4915
4917
4915 1531 4745 2968
2968
4918
4692 6689
1531
4125
1531
2195
4917
408
4126
163 163
4128
4136 4632
4126
4126
4130 4101
1 4915
2648 5747 5339 5740 6792 4917
4125 2956 2944
4917
4125
1531
4126
4127
4918
4125
3509 6850
4126
4917 4125
4918
4074
3491 4917 4918
4917
2633 1785
163 4915 163 163 163
3477 3959 1827 5607 3336 3894 504
4125
4916 4915 4917 4916 4918 4915 4916 4918 4917
4917 4137 4137 4915
4916
1988 3536 3638 3536
4917
4915
4916 4125 4746
4125
2908 2910
1531
4917 6236 6969
4917
2944 1531
4126
4915
4917
4126 4917 4136
3877 2239 4998 5826 2754 2631
1745
3881 4434 3922 6853 5339 3772 3782
4125
4918
4129 4918
4915
1 6723 4916 2858 1807 5631 2858 2858 6333 2855
4915
163 4917 1531 163
4916
4915
4127
1936
2944
4126 4136 2968 4915
2765 2645
4126
4915
4127
4916
4917
2370
1531 4136
4125
4916
4915
2956
4126 4918
4131
4917
1531 4918
4915
3379 2908 5941 6014
4917 236
4132
2631 2484
4916 6688 236 4916
4126
1399 1379 1374 1400 264
4125
4915 2756 4917
4917
1531
5610 3878 3881 2245 2442 3008 3120
2969 4917
1531
263 1776 2769
4125
4136 4126
4918 4125
4917
2920 6823 4136 2944 4136 4126
4917
2195 4125
4125
263 2834 6348 2835 1116 431 869 2458 6409 6343 264 693 1738 1622 6343 263 6396 1683
4136
4916 4915
1531
1389 431 911 1474 1391 1128 1053 1120 970 1115 1047 959 1464
4917
4137
4918
4918
4918
4917
1531
4127
61
4125
4915 1531
4126
4125 1531 4916
4074
4074
4916
4915
4125
1531 7194 4918
2284
1531
4126
7048 1531
4916
4125
4125 4125 4125
4125
4915
4125
2944 4136
4126
4125
4915
4915
2968
4917
4126
4126
4916 4074
4126
4915
5640
4918
4125
4917
4916
4915
4125
4915
4915
4917
1531
4458 6870 4946
4917
4125 4917
4125
4125
4915
2363 5521 2857 1743
4917
2944 2944
1531 4918
4915
4125 4917
2906 2944 4918
103 209
1531
4917 4126
4126
4916
4074
2132
4918
163
4125
4915
4918 4126
4125 4915
169 169
4125
163 163
3510
285 285 285
4916
4074 4917 4074
4915
4917
4126 4915 4125
4918
163 1531
4915
4916
4131 2968 4916
4916
4916
4696
4917
4917
4917
4918
4916 4126
4126
1531
6012 2631 2335 6013
2944
1915
4136
4917
4917
1374 1394 869 1116
4915
4915
163 163 163
163
4917
4916
4916
2855 4918 4916 4917
4917
4918
5806 2585 4917 1532
4126
4917
4112 4915
4918
4129
6012 3900 6970 1385 5607 4663 4899 2260 6970
2164
4915 1531
4125
4917
4125
4125
2944
2944
4129 4917
4915
4917
4916
4918
3510 20 6969
4915 4916
4917
4125 4916
3278 3274
4129
4918
3509
4916 1531
4917
4917
4915
4125
4917 4126
4917
4917
4915
3201 6855
1531
4915
4136 4917
1531
4916
2969 4917
4918
2944
4915 2968
4918
4125
2968 4917 4918 4918
4112
4918
1531 4917
4918 4917
4915 1531
4917
4915
1531 4915
4915
2944
4126
4918
3558 6986
6295 2640
4125 4916
4917
2944
163 163
4125
4916
4915
324
4917
393 3459
4125
4918
1533
4915
4917
2773 5752 4918
4916
1533
4916
1400 264 1374 2835 2362 263 1400 1374 263 2835 1400 1374 264
4126 4125 4915
4917
4126
4917
4918
4129
1531
4125
4916
4126
4918
4915
1707
4125
4918 1531
4918
2968 4915 1531 1531
4103
4918
4136
1248 1374 4918 4918 2898 2900 1703
4916 4918
4915
4916
4917
4915
10 3510 61 10
4916
4125
4917 4112 1531
6988 6988 2210 5496 6988
236 4916
4126
4917
4125
4917
4125
6908
4916
682 1855 1164 2497 2855
4917
2857
602 621 610 5339 2369 2230 5748 3275 2441
4127
4915
6728 2373 2333 2649 5764 5765 4728
7174
4917
4915
4915
1119 1043 431 974
4916
1531
2968
4917 4918
4918
4125 4916
4126 2946
4915
4918
6970
4917
4915 1531
163
4918
1531
4126
1531
5183 1784 1248 964 1374 1116 431 869 5202 5193
4917
4537 1707
1531
2164
4916 4917
2911 4125
4915 4918 4915 4916 4917
4129
4918
4918 163
1531
4126
4125 4916
4127
4631 1698 263
4099
263 2202 2214 6410
4917
6668 3274 4915
4917 1531
236 4918
1751 2622 1698 1547 263 1987 3334 1987 263
1622 264 1738
4918
4915
2369 263 1733 1547 2369 1733 1394 879 263 2369 1733 1547 263
264 1120 431 1059
4915
6796 4916 4915
4915
4916
4103
6998 1796 2229 4917
1846 1846
1040 431 1130 1391 264
6792 263 1547 6320 6336
4916
4918 4126
4917
4126 1699
1037 1391 1116 264
4126
4915
4918
2944 4069
4917
4125
4127 1531
163
4916 4916 1531
204
1531
2943
163
4915
4918
4128
4917
2944
2363 3862 2853 6722 5760
4917
4918
4112
4918 4915
263 2631 6723
163 163 3900 1547 4439
4074
4087 2944
6258 2944
4917
4125 4130 4917 1531
4916 4915
4915
3694 3347
4125 4916
1531
1531
4074 4918
4917
6689 431
205
6711 4125 2909
4917 1531 4112 4112
4918
4917
4125
1531
4125
4916
4126
4074
4917
4125 2944
4917
4916 163
4915
4916
57
4918
4918
1531
4917 1391 1040 1128 1119
4917
4126
4126
4915
4918 1531
4126
263 2528 2538 2645 1547 3340 263 2585 4554 2538 263 2586 5581 1531
4125
3639 2645 2249 2329 264 1400 869 1378 1116
4126 4126
3952 3274 3751
3887 3960 3260
4918
5105
4918
2944 3503 4916 2654
4915
4917
2968 4915
4127
4076 2949 2944 4074
4915
2210 3510 263 5521
4916
1840 3510 5840
4917
5471 4438
4918
4917
4918
4917
4126 4638 2965 4126
4101 4915 4132 4101
4125
4915
1531 4915
4917
4917
2944
5837 3817 2911
292 4126
4918
721 4126 1531 4915 6928
1374 264 431
4536 6689 4917
4915
4915 1531
3260 1759 5978
4918
4917
4915
67 4915
4915 2968 431
2969 4112 4918 1531
4918
4916 4915 4916 4917 4918 1938 1997
4916 163
4917 4125 4125
4915 4126
4915
4916 2134
1352 1300 394 1738 373 1258 1304
4917
2944 4915
4915
2969 5514 6722 1807 2374 1813 6722
431 264 969
4918
4915
4131
2374 4136 2944 5537
4916
4918
2631 6976 5203 6687 5691 4899 6973 4219 6974 2442 2797 3918 4900 4898 2631 5204 1978 2258 2874
4917
4917
4127
5531 63 2325
163
4128
4917
4898 2317 2363 263 5203
263 3719 2645
4917
1801 2797 3261 4227 3335
4125
4069
1388 1053 263 1128
1531 4112 4112
4915
4125
2797 4916 4918
4916
3477 2727
2214 4223 2651 263
4917
4127
4916
1531 4917 4218 5625 2249 6691
4915
4917
4125 4916
4915
4918 4112 1531 4112 4112
6690 3910 6969
4125
4126
2527
4917 4136
4126
4916
4125
4918
163
4099
4112
1705
1531 4915
264 1374 869 1394 717 6284 3334 263
4125 4125
4916
1531 2968
4917 1531
4917
4125 4916
2943 4126
4918
4917
4915
4917
1205 1770 1207 263 1215 1210 263 3338 3972
4126
2969 2956 6269
4915
4915
4917
4916
163 163
1527
4916
4918 1531
4129
209 8 209 5 198 103 30 4136 209
7096 7093 7098
4918 2968
236 4918
4104 4918
163 163 163
4918
3851 3882 2374 3881 2241 4125
2949
4125
4125
1531
4125
4915
4915
4638
163
4915
1855
6690 6689
5607
4918
4918
1532
4917 1531
5344
4915
6691 1532 1531
4915
4918
4917
4917 236 4918
2944
2910 4918
4915
5747 5672 5339 4439 4264 5324 6301 6691 5747 6906 5339 5749
2968 4127
4916
4126 4917
4125 1699
4103
4916
4137
4917 1531
4125 4917 4099 4916
4918 2968 4112
4918 4125
4915
4915
6231 5327 6985
263 2527 5925 2590 6668 3873 2797 389 3297 6668 1825 263 2585 5925 263 2586 5845 5925 3309 1885 602 1868 3873 263 2211 2497 602 1868 521 263 1868 525 625 500 2585 263 2586 3510
4918
4917
4915
1378 1248 1399
2762 6969 3899 6012 1693
4916
4918
2969 4136 4916
4916
1862 721
4126
4918
4918
4917
4918 163
2926 4917
4918
1533
4916 1531
4918
2968
263 6722 2646 1835
4112
4915 4918 4112 4917
2968
4915
4915
4916
4916 4917 1720
2182 4126
5462
4125
4917
4115
4917
4074
4915
2908 2910
2631
4112 4915
2944
4129
4915 4112
4917 2944
4917
6262
5829 2437
163 163 1531 4915
3321 3876
4917
4916 4917
2754 2631 3877 5336
4915 1531
4916
4917 4125
2876
2216 5829 2224 263
4126 4916
4917
4915
1531
4136
4918
4125
687 502 461 687 502 523 461 3509 2944 502 3503 687 1701 530
4915
228
1531
4916
4916
4915
4918
1531 1622
4917
1531
1846 4918 1846
57 64 4916
4917 4126
4917
4125
4917
4915
4126
4916
6972 263 6691 431 1374 264 3297 5929 263 3924
4126
1531
4917
163 4918 1531
163
3894 6409 1531
63
4917
4916
4127 4130
2181 4982
4916
4916 4763
4918
4915
4916
4917 1531
1916
4917
4128 3307 2363 3269
2944
4084
4917
4125
4916
4126
1533 1533 4125
2465
4915
236
4917
4917
4127
6668 263 3932 3924 263 2755 4758 3269 461 602 263 679
4915
4917
4916
4915
4916 4074
2944
4915 4125
4915
4916
4915
4125
4918 6971
688 517 609
4125 4918
4128
4917
263 5925 2851 2363 1685
4915
4916
2944
2944
4915
4127
1705 2369 4074
163
4917 4112
4915
4915
4916 4915
4918
4916
4918
4916 4918 1531
4916 1531
4917
4915
270
4917
1716
4916
4917
4917
1532
4917 6375 6989
4917
4126 4916
4916 4135 4915 4131 3981
4136
2366 4433 2652
4917
4916 2968
4918
4917
1531 4916
2969
2944 4917
4915
4125
4916
4915
3744 263
4126
4918
2461 4136 5522 5522 2944 2539
4125
4918
4126
3039 4030 3509 2631 2968
2968
4918
4915
4917
4917 19
4915
4915
29 117 5 5 29 31
4918
4916
4917 4916
4915 1531
1669 718 1738 1740 263
4917 1531
6320 263
4915
4126
4101
4917
4917
4916 236 1531
4917
4074
4916
5584 5934
4101
4917
4917
163
4916
4915
4915
4126 4915
625 502 2497 720 687 4917 1701
3898
4129 4112 4915 4915
163
4127
1531
4915 2968
4916 1531
2633 1547 4718 1737 721
4125
4917
4916
4917
2946
4915
4130
4126
1531
4918
3338
4126
163 1531 4918
4127 4915
4916
4917
4917
1039 1119
4916
4918
1531 4916 163
4915
626 1855 610 625
4918
24
4129
691 1853 1615
4916
4125
4112 1531
4126
4917 1531 4112
4074 4074 4074 2944 4074
4126 4125
4917
502 506
4126 4917 1531
4917
4918
5214 5514
163 163
4915
4125 2943
4126
344
4126
4126 4916
1531
4916
228
2946
4125 2969 4917
4917
2797 4916
4696
4126
4917
4125
4916
263 956 1479 912 1119 5748 3592 263 602 687 264 1615 1871 695
4918
4916 4074
1531
2208 2317 4136 2369 6012 6689 2077 2633 3307 5978 2633 3275 4258 3275 4258 2633 2333 3276 4258 5978 3275 4257 6012 2943 4632 6327 6969 2635 3275 4258 6012 4258 2633 3276 6012 2208 849 4101 3276 5802 3261 6971 5945
3269 3921 3509
4916 3408
4916
4916
4917
163
4916
4112
163 163 163 1871 4917 163
1248 264 431
4918 4917 19 19
1531
4126 4917
4125
4915
3692 5925
1531
4916 4918
3278 2645
2956
3201 4917 5845
4918
2147 4125
4126
2656
4915
3347 263 3926 263 3719 3753 677 1538 507 602 1885 264 677 602 1538 264 507
163 4917 163 163 1531
4745 4915 236
2946
2698
2944
4917 4126
4918
4916
1531
4916
4915
163 163 4915
4125 4917
6985 3049 2527 3622 5606 2635 3889 263 3309 263 2527 2333 2497 263 2337 2483 3889 3049 6343 2723 2729 3049 2440 2333 2022 263
4917
4918 1531
4125 4918
4917
4918 4915
431 7282 7198 878 2362 2834 6907 4916
163 163
6318 263
1452
4125 4917
2826 2851
1533
4917
4916
4127
4915
263 3622 5748 3309 263 4401 3744 263 6320 4998 3623 3510 6346 263 3404 5941
686 518 602 693 718 518 686 1672 529 718 515 718 1713 689 263 1220 1215 1177
4127
4915
2944 4068 4049 4917 236 1531
4632 4632 4632 3482 4632
4915 1531
4918 4917
5335 3878 5625 263 6855 2797
4916
4917 1531
2321 3753 2326
1915 5450
19 4917
4917
4126 3668 1531
4099
4916
4917 1531
4915
4917 4112
4915
2969
4125 1531
4915 4112 1531 2944 2229 5929 721 6855 3878 2241 2797 1622 5607 3259 4917
4125
5624
2944 4125
4101
2968
4125
4126
2300 5640 6318
4915
236 4916
6969 2754 3510
3309 6012 3273 4898 5203
4126
4918
1382 5329
3654 2775 3892 4373 3302 2369
236 4917 4916
2944
1701 502 5740 1738
4126
4918
7011 7010 7012
4917
4074
1531
4917
163
285
2617
163
163 163 163
4917
4125
4537 4074
2510 2265 2031
4915 236 4917 1531 4918
4125
163
5275 7095 7094
2207 6971
4126
3307 2634 6722 2326 3306
1871
721 718
2369 5645
5748 6792
4074
2944
4135
1052 1389 1119
163 163 4915 236 1531
4125
3746 2366 1829 263 263 2366 6402 1821 263 6723 3343 6850 3747 2855 6313
4918
163
6971 5827
2944 2954 287
4126
4125 292
3510 1717
4915
4917
4916
1532 1533
4125
22 26 21
1533
869 431 263 263 6972
4126
2164 4125
4125
4126
2023 2024
5530 2429 4438
6672 4125
6924 1533 6690 5929 1840 4916
4916 4918 4917 1846 1846
4915
236 4915
19
2631 6969
4917 4915 4915
2946
4916
5536 4916
4916
3485 3494
5925
4126
4125
5925
4125
4126
1862
3379 3379 3379
4130
163
3308 263 3639 1374 264 1394
4917
6012 6969
4917 2968 4126
4128
4126 4917
2325 2213
4101
4915 2956
5975 5339 1531
1831 1820 5631 299 5625 4916 4112 4916
2797 4917 4918 721 4916 236 4916
5531 3275 5773 4554 5969 6398
4918
4125
4126 4125
4917
4917
4126
4135 3319 1530
6924 6691
4917
1707
4101
4918
4126
4127
3898
4273
4916
3829
4126 4125 4918
6320 4917 6973 6974
4916
285 2677 5765
5829 3258 263 1853 709 263 1868 602 1669 1853 602 709 1547 3405 3338 263 602 674 263 1701 709 3404 3261 5829 510 602 687 263 3338 3404 709 602 688 264 163 3258 5829
44 91
4917
4128
163
4917
1531
5630
4918
1391 2769 2853 1036 2756 1043
4915
4915
1531 4918 163
4918 1531 4290
1698 2754 5295 5607 2367 3298 3267 3302
4915
4126
4915
1745
4915
4128
1531
4126
4915
4917
4918
4126
4126 4918
3273 6970 1703 3952 1547
4126
4915
4917
4918
4915
4917
1831
4917
4917
4915
3125
4917
5
4125 4916
263 2369 6971
4916 1836 4918
1785 2631 263 2368 6670 263 2368 5875 263
163
6665
4918
4915
163 1531 4916 163 163 163 163
4915 1531
263 1547 3351 3120 6668 263 3321 2031 3009
4915 2146 2198
163
2565
4918
2229 2968
1205 1770 432 1202 263 3297 263 4420 263 1708 1202 1770 1193 263 3297 263 1767 1043 1374 1052 959 263 1118 5747 263 5749 3297 529 1193 263 1770 263 3297 5749 5750 263 1885 602 506 263 263 3297 521 263 1868 448 721 602 528 1177 263 1622 263 3297 1868 521 628 602 263 1669 1193 1177 1193 1177 263 263 3297 1547
4916
2336 263 3278 6668 2336 2820 5328 2333 2621 263 6668 2216 2336 2333 3261 3278 263 3261 2581 2586 6668 3261 2336 2333 6668 263 6973 2336 6668 263 2336 1693 2336 2773 263 4284 3257 3278 6668 2333 263 3278 6668 2336 263 263 2834 2336 3261 4284
4915
4127 4126 4918 1531
4917
3030 3525 5926
4126
2191
4918 19
26
4126 4917
4127
4915
4915
4915
163
263 6320 6792 6410 2369 263 4324 3420 4423 263 4372 5845 6723 263 4372 2369 6395 263 2313 3351 5844 2779 6723 3889 263 263 4731 4582 3509
4125
4917 4915 4918 4916
4916
4127
4918
7400
263 3889 3876 5829 263 2640
4916 6988 5544
4917
4917
4918 236 4916
4916 4112 4112 4112 4112 4112
2817 3438 5925 2723 1986 263 3922 3261 263 2631 2643 3934 3923 2579 2211 263 5630 263 3923 2633 3261 6969 263 1685 3874 5329 263 2220 1547 2313 1547 4731 6336 263 2216 2313 1547 263 1685 6355 500 506 685 499 263 263 5648 2208
4918 4125
2688
4917
4916 4915 2375
4917 4916
4136
163
4917
4103
4915 4112
4916
4915 4917
3293 5574
4916 4112
2944
4917
4918 4917
4125
3463 6722 2369
4915 4916
3880 3639 263
4918 4917 4916
4126
4917 1531
263 5644 5645
6969 1532
2926
4916
4918 3625
4915 1531
4918
4074
4918
2944 974 1040 1130
4915
4127
4916
4126
3340 263
5865
4917 236
163 163 163 163 163
2969
2317 2216 2528
2944
4917
68
4126
4125
4125
4126
4918 4915
1531 4917
4074
4916
4918 1740
2946 2948
4918 236 4917 4916 4915
4916 4915
4112
4126 6279
4126 4915 1531
4125 4125
4915
4917
4125 4130
2833 6722 4218 1547 1381
4915
5625 5623
4917 1531
4112
4129
5531 6341 2371 2225 1759 2370 4126 2764 5760 2943 2966
4917
2949 4070
4746
1533
6
4916 4136
4126
4126
193
4916
1738 609 688 687 1164 608 1615 1672 675
4125
4131 4918 4099 4131
4917
4074 4126
4916 4126
4917
4917 1531
4130
4112
1532
4917
4917 4112
4126
4918 2944 2949
2944
263 1871 2362 3338 3338 264 5840 3639 1547 1785 2646 263 6850 6734 1776 6850 2646 3961 263 3278 1785
4917 4915
4916
4119
2944 4126
4916
4916
163 163 163
4074
4918
4917
4125
4917
4915 1531
4125 4099 4112
1738
163
4126
2956
4917
4914
2024 263 2635 2645 2333 1547
4126
4917
4130
2855 1750 263 2855 263 6399 6399 2855 263 2855 263 2855 263 6399 263 6399 2855 6399 263 2855 2855 6399 263
4126
4917
4917
3668 2918 2906 4125 4112
2857 5827 3320 2369 3044
4918 1531
4915 1531
3334 3268 282 1389 1399 2363 1533
4918 1751 4074
163
6012 263 1785
4918
3875
263 518 6723 602 628 6346 1987 1983 263
2374
2363
2969
4135
4917 4916 4915 4917 4916
163 163 163 163 163 4917 1531
4125
163 163
4132
5764
2968
4131
602 674 1615
4917
2949
23
4126 1531 4915
4917 6796
4916
1531 2968
4915 4918 1531
4915
1699
6326 4438 1797
373 1304 1366 1267 1738 394
4917
2208 6340 4413 2540
4918
2368 2968
4125
4915
4917
61 4915 61 4918
4112 4918 4916 4915
4112
4126
4917
2633 2538
3309 2225
4125 2833
2797 4125 3412
1862 838 6690
2944
2944
2944 4126
4916 1531
2944 4917 2968 1531
4916
4917
2944
4074
1531
4916
4125
4125
1784 4132
4126 4135
4916
285
4125 4125
345
4917 1622 1531 4918
4916 2968
4917
4915
2944
163
1531
2828 3409
392 3463
4126
4917
4126
4915
4915
4125
2969
2944 2134
6971
5629 2502 2369 6012 5606
4125
4915
4916
204 4918 228
4918
163 163
3306 2759
4125
4125
6259 6281 1622 1995 6300 500
4125
4131
4070
163
4125
4915
4917 4918
4915 1531
5929 2326 682 666 1855 607 2225 6722
4112 4917
6971
4127
4915
4917
4127
1
4915
4136
4916
4126
4917
6012 2407
5625 1685
4127
4915
4916
62
4917 5
4917
67
1531 4916
4917 1531
2944
2369 4915
4917
2631 607 6851 509
3334 5326
344
15
2956
4916
4915
6689
1698 3269 5326 3297 2259 2258 2284 3298
3510 3638 1741 4917
4915 2968 1531
2944
4534 1531
4915 4125 236
2969
4126
4112
4915
422
3835 4125 2184
2943
1
4127
3404
3320 3900 5607 6852 6364
4112 4112 4112
2164
4126 2911
4126
163 2631 4917
1855 1622 1669 1855
1
3509 4141
2229 2369 4898 3269
4916
5941 6970 2855
2652
4112 4112
2643 4916 4915
4918
3922 4908 3952
6364 4434
7398
4131
4126
4917 4918
163
4126 4125
4103
4916
4074
4917
4129
8 26 4218
4099
3873 3638 3637 3278 3873 3637 3638 3873
1486 1469 1516 1474 1524 4125 4125
4074 5530 1785 5530 3882
4126
1531
4126
163 163 163
4915
3259 3260
2325 4837 263 4831
6723 263 2326 2578
5470 6399 5802 5623 6295 1776 5806
6971 2369 3297 3882 2461 7324 5840 4908 7145
4916
4125 4125 2133 4125
2943 4136
4917
4131 4131 4131
4115
1738 4916 236 4918
3875 3874
4918 6971 2797
4065
6995 263 6398 5431 263 677 628 720 602 1704 6792 4420 5843 3647 3261 263
4916
4917 4918
2956
6014 6972
4915 4918
6854 5925
4916
4125 4125
4126
236 4745 4916
2930
2902
4917
4918
4126
4917
1759
2538 2203
3391 263 2249 3646 1868 1853 263 1615 1855 263 3934 3898 1855 1853 263 1853 263 600 602
3462 419 6935
5823 5901 5823
2956
3668
4137 4534 6969
4112
4125
4074
4126
4915 236 7190 7009 4917 1787
1388 1131 264 1042 1041 1131 264 1388
5537
4291 2817 3324
6259 6259
5941 5577 2540 5760 2527 5941 5941 1691
4915
2901
1743 2631
5606 5941
2296 2202 4533
4125
5807
602 2756 6723 625
5929
3309
2944
4126
4125
163
4074
4125
4739 4238
285
3338 3639 1715 3881 2640
4917
2944
4136
4126
4915
4125
2363
4128
4125
4915
4918
4916
2797 4916 3404 6855 2948
3873 2461 3647 3921 1759 1547
2944
869 4525 1381 953
4918 4915
4918
6855 1547 2754 5765 5752 6855 5765 2756 2249 5765 5752 1546 6855 4074
389 1825 3308 3308 389 1825 1527
3
4215 3914 3321 1531 3878
4125
4918
263 4849
8
4126
4917 4915
2192 2184 2956 5796 1718 5742 3933
4916 4918 4915
4915
1868 1615 610 720 1868 610
2944
65
2177 4137 5535 2899
4916
4099
1836 285
4125
2755 2827 2368
4137 2944
2944 4136
2754 3878 2241 2797
3324 3319
3510 236 4915 3647
2944 4126
5532
2764 7024 2369 1040
4125
4137
5531
4125
6935 6934 4915 4918 1685 6935
2944
4125
2944
6969 5466 3510 5941 5466 6364 3510 4982 5466 3510 5466 3379
4127 4130
2587 6690 2853
6288
4074
6872
4125
2441 3343 2229 3344 3927 2257 3881
2219 2590 3932
4918
4126
4291 1531
4074 4074
4126 169
4918
3510 5624 4663
324
2631 6012 4419 2651 2245 2230 5012 2232 1741 2940 6722
2643 2754 3275 3273
4136 169
3491 2959 3491 5606 6327
2764 2797 5770
4136
5749 263 3261 2835 6723 2225 263 2835 263 3981 5920 2224 6409 1547 263 2835 2441 263 2665 2835 6409
4125
163
408 4119
4918
4915
4917
2807 6392 5826 264 5826 263 5827 5829 264 3008 5826 5827 5829 5826 264 2249 2214 5826 5826 264 2216 5606 263
4918 236
3391 2826 2764 2755 4303
4222 3910 3881 7281 3889 7013
236 4918
4916
6939 5806
4916 4915
6972 3889
264 1128 1120 1041 1039 264 1388 1041 1119 264 1388 1041 1119 1040 1479 1119 1042 264
4129
6969 2649 5845
4280 3881 3981
3899 3876
5640 2321 2343
1206 264 1211 498 413 707 264 499 687 1622 1850 602 3642 2756 2764 263 3640 1622 3638 3637 1604
5272 4125
4074
2944
140
4131
2368 602
163
2944
4917
1846 1846
163
2944
693 1622 602 264 1738 264 1738 516 693 431 1374 264 1116 264 1868 1622 602 693 1868 1738 1672 602 264
4917 4918
155
4126
