1538
1738 721
4112
4104
4125
4128 2946
163
4125 6175
4126 4125 4135 4130
2975 2977
4112 2459 2461 5631
2984
2946
4125
4137
4112 4125
6536 4125
2968
6536 4126
4128
6284
163
4126
3059 2825
163 163 1538 163 1538
1538 1538 1538
4125
1538
1916 5450 5450
1547 1991 3873 5827 2326 5482
163 1538 163 1538 2873 5925 5925 4149 4149 6787 3275 5925 1538
4099
163
6536 4126 709 682 608 709 682 608 6536 4126 709 682 608
5640 605 2363 700 709 649 5640 709 2363 649
4074 4075
163
4632
4126
163 1538 1538 163 1538 1538 163
5865
3869 3869 3869
4126 4112
4126
4112
4112 4112
2968
2968
4126
4112 2975
2968
4125
4129
5892 1547 5885 5891
163 1538 163 1538 163 1538
3274
4074
4125
4132 4101
4089
4112 5994 1533
4126
1738 1622
2946
2928
4136
2368
4112 2968
163 2368 163
4074 3494 2968 4136
4126
4074
1846 4074
285
4074
1547 3298 5284 3692 4533 2230
6972 3907 5326 5839
4125
4112
203
2249 3510 1538 5941
163 1538 163 1538 163 6755 1772 1538
4112
4125
1532
1533 1901 1870 709
3959 3371 5607 1547 4666 2827 4899
4112
2968 2956 2946
4128
4125
1533
163 163
2975 2946
4125 2945
163
4074
4074
4136
4104
2483
4112
4112
4125
4126
163
5607 3510 3915 3885 4898
163 1538 163 1538 163 163 1538
4136
4074
4125
4126
4112
2946 4065 2899
4074 2946
4125
5470 6014
4112
4112
4125
239
4136 1533
163
2946
4126
5634 6850
4125
4127 4115
4126
4099 4099
4112
4126
1538
5867
4126
4126
3287 2646 1989 4112
2899 2947
2956
1533
3922 2362 3880
2968
4136 4112
4112
4125
4132
3893 5792 4908 1785 5607 2872 2665 2230 4664 3882 6295 4508
4112
1538 2368
57
2968
2906
4126
4126
4112
163
4125
1538 1538 2368 1538
4125 2975
4112
1538
4125
6325 1812 3292 6711 6723 1812 1797 1533 6711 2180 2975
4136 2968
4112
4104
4125
2326 3875 3656
4125
1538
4128
4126 4126
4112
2968
2946
6325 1695
4126
713 1181 1193 707 1220
4125
4125
4702
4125
2682 2882 1532 381 4112
8 8 163
4125
4129 6705
163 1538 163 1538 163 1538 163
4125
4074
1378 431 2807 5773 1836 2262 4898 4303 2366 3376
4074
4126 5625 5623
4118
4112 4112
2368
4074
163
2914 2946
2946 2946
4127
4074
4074
2946
2975
5330 5808 4136
4136
4136
4136 2975
4132
4112
3882 2245 2320
4107
2968 4128
1775 2368 2220
4126
2265
1531
4112
4112
4112
2975
2968
4126
4129
4126
563 688 1853 602 500
3273 3643 2317
4136
4112 2968
4125
2369 1047 1094 6969
4127
3260 3206 1547 3637 3165 2682 6017 2863 4218 2729 3195 5298 2325 5373 3436 4525 6971 2804 5372 3196 5232 2440 1547 2366 1784 5786 2326 392 1791 2374 3463 3882
4125
4126
4074 4074 4074 4112 4074 4074 4112
2946
4126
6484 4126
5844 3165 2769 5247 5929 5530 2275 4278
163 163
3492
4128
4126 4126
1538
2882 381 1531
3324 3415
2882 1533 3643 3969 5749
4112 4125 6792 2827 6388
384 1681 5951 389 1825 1825 389 6723
4074
4126 2975
163 163
2968 5994 4126
4112 5827 5829
2975 2915
61
1670 1670
4112
3374 1533 2882 381
4125
4126 2368
4129 4112
2946 4112 3829 2965 2967
2968
2180
221
3510
2975
4126
2650
4125 4130
7060 381 2883 1531
2968
4112
4126
228 228
1738
2139 2946 4126
1538 163 1538 163 1538
285
4125
2362
4101 2368
61
4126 4130 4135
5625
4131 4131 4131 4131 4131 4131 4131 2368
2968
1077 2776
6722 5631 4112
5605 2946
163
4125 2945
2968
1547 2440 3372 2381 3952 3924
395 1737 2431
4112
4126
2949 2968 2975
4112 2249 5631 1912
4112
4112 4129
4126
4125 2946
4126
1532
4175 4174 2946 4175 4174
2682 1703 3003
3334 2368 3276
4127
2946
4126 4112
4074
2134 2946
4126
4126
4112
4112 4125
2968
6267 4126 6263
4074
2139
2975
163
163
2930
4127
6536 4127
4126
2362 2840
2905
2666 2483 2465
4125
1844
4127
3881 2665 3297 3642 2229 3923 3908 5325 3909 5741 3299 3914 4444 5752 3873 5324 5744 3909 6012 3296 3642
2947 4112 2968
4125
4112
4074
5531 1615 604 2480 1693 699
691 720 1855
4125
4074
2975 4126
4125
1538 1538 163 1538 1538 163
4126
2968
2882 7251 381 1531
6512 4125
4128
2975
2369 6691 5844
163
4125 6178
4112
4125
3
2975 4125 4112 349 2369
709 691 601
5023 2363
4112 6259 2594
2363
163
1538
4125
1531 2882 381
2968 2365
2578 4112
4127
2465
1824 6936 1824 1824 1824
5339 1987 3264 1547
4112
1538
4129
4694
4099 4131 4112 6376
4126
4125
4125
2947 4081
4221 5312 3900 2869 2764 3910 2769 3875
1592 1603 1590 1601 1591
2968
4103
4125
4129 4112
4126
2946
2180
4125
2946
4104 4104
4112
2210 2369 5607 1796
4
13
2968
2968
4125 2968
4126
4112 2180
4112
2945
2224 5623 269
4136
4074
922 1501 1474 1005 1473 1517 1509 1469 1468 1119 926 1500 1389 1111
4136
4126
4126
1215 432 1204
163
4112
4101
4125
2975 2966 2139
4126
2968
4112 2363
4112
6535 4126
163 1538 163 1538 163 1538 163 1538
163
2139
408 2180
4112 4112 1740 709 1622 651 1862 3408
2754 6398 3261 1827 3275 2322
3706
2946
4125
5233 4112
4126
4126
5630 2975
4112
2968 4074 4126 1846
204
4125
4065
60
4126
4129 6706 6445 4112 4112
4127
4126
1394 1379 1391 431 4126
4125
2946 3509 3655 3941
6972 3306 6977 6972 1850 6977 1850 6972
4126
1538 1538
4125
6705
4126 2968
2946
4112
4125
4112
4101
4136
6012 3878 4264 6855 2968
4069 6299 4129
452 1862
1776
6365 1912 2374
4126 2956 2180 2180
6951
204
2369
4078
4125
4127
163 1538 163 1538 163 163 1538 163 1538 163
2362 3334 3894 5645 5607 4218 3260 5792
2368
2946
163
3517 4880
6655 4125
1428 1444 1450 362 1427
2946
4533 2369 4664 5328 651
2180
3848 2366 1547 3778
4112
4126
4074
4074
2368
2975 1117 1077 1391
6361 2333 3045 4303 2236
1751
2549
4126 2956
2362 2374
4125
3644 3334 2368 1547
4125
1538 4112
2946
381 2882 1531
3408 2461 2464
4112 4126
4112
4291 3510 620 1850
4112
163 163 2365
4125
4068
4112 2363
4126
171
6971
890 1394
4112
2882 1533
1531
3 6 3
2362
163
4074
2363
6175 4126
163 163
163 163 163
2946
2946 2946
482 604 502 1738 686 504
4125
4125
64 228
4126
6723 2220 3959 3298
4131 4131 4132 4131 4132
163 1538 163 1538 649 1538 2368
2975
163
4125
4126
4125
2975
2956
2934
4125
4074
4125
2807 4533 2202
4126 4112
1692
4127
2956
1538 163 1538
2947
228 228 228
4125
1738
5633 2643 4580 5622 3922 3298
4112
2968
952 1119 1072 1162
4104
1670
2968
4126 4125 4112
2975 4126
4099 4125
4112
2956
4126
2281 2562 2581 2565 2249 6930
2317 3275 1703
4125
4125 2967
1531 4090 4126
6666
2968 4112
2968
4074
4125
1699 4129
1846
5520
4074
4074 4126
163
64
2968
4125
4129
2363
2968 4112 4112 4112
4126
4126
4126 1703 5623 5625 4125
2968
163 1538
2968
2968
5335 3886 3372
4126
2180
2968
4126 4126
2975
2952
4074
4112 4112 4112
4112 4074 4112 2975 2977
4125
2956
4136
2946 2968
2975
1538
2882 1533 4290 2833
3882
4112
4126 6162 6163 4136 2911 266
4126
4126
4126 4112
4125
4130 4132
2826 5530
2946
2181
4126 4112
171
4112
4112
2968
4112
4883 3703
4125 3106 5515
4127
4112
2435
4125 2369
5607 2230 1547 3881 1743 5847
4112 2975
2976 2977 2975
4126 233
688 395 602 701 563
4112
682 395 2368 2317 6239 480
1533
1820 2369 1686 6706
1538
2882 381 1531 1821 1829
4051
4126
4125
4112
4112
4136
4125
1538 1538 1538 1538 1538 4112 4149
699 505 1855 505 699 1855
4112
4126 4074
4752
6367 4538 1685
5544 6266 4112 4112 4112 3625 3517 4112 5450 1697 3517 3517 6780 3517 6268 1915 6243
2984
2975
171
4132
2946
381 2882
1533 2898
4127
4112
2968 1531
4074
4074
2975
163
2968
163 1538 163 1538
4103
4126 4126
4125
4125
4126
381 1532 2882
4130 4131
4125 2363
4112
4125
4112
2968
2968
2975
1532 6769 2882 381
1
4112
4125
4112
3852
4074
688 682 653 507
163
10
4112
3509 3883
4125
4126
4125
4126 6179
4112
4126 4074
4112 4112 1538
4074
1538 1538
4126
4136
163 2975 163
4125
4125
4112
4129
3772 3753 4112
4125 4112
4074
2369 4125
5109
3906 2633 4904 5355 3307 4663 5640 3887
4127
1538
2968 4112
5816
4125
1538 1538
2968 4112
2968
4112 4112
4125
381 1531 2882
1697 1698
4125
4128
4136
4126
4112
285
5434 4136 5432 4426 3419 1547 4084
4112
2369 3386
4129 3409 2772 5607 1707
2968
3260 5335 4303
3408 751 3558
1
4112
2968
163
2966 1912
2968
4130 57
2245 1717 1706 3280 3300 2328 6320
5764 699 1858 602 2367
4112 2968
2968 2946
163 163 295
1538
1998
6175 4125 4099 4112
6176 4125
2930 2366
2180
4126
4126 4112
4126
4099
4125
4136
1533
4126
4539 2582
4112
4112 2946
4125
4308 4308
1912 5729 2565 2690
4125
4112 1785 5638 6299 211 5620
2968
4125 4112
163 163
2911 5848 1547 4125 2946 2367 2945 2362 4885
3341
4073
1538
5839
4127
2727 5752 5844 2586
2414 2414 2414
2975
163
4112
4100
4074 3503 4136 4136
4125
1538
4908 1547 3906 1748 6668 6985 4508
4126 4112
4112
2968
4126
4074 4121 4517
381 1533 2882 552 1855 720 682
4126
4112
4126
24 24 24
4125
798 857 811 791
4112
4127
1046 431 5929 1388 1162 1133 6277 2883 1531
2777 3510 3269 3546
4125 2956
2181
2369
2968
4125
4127
163
4112
4112
4112 4112 3639 2265 2946 1703 3268
4129
4126 4132 4112
4074
6749 4126
1708 2202 1698
4112
2134
4126
4125 4112
163
163
1776 5839 1820 5840 263
4126
2968
2292 2482 2948 2949
2968
2946
4112 4126
2139 2911 5495
4125 4112
4127 2968 4127
1791 3882 5828 2797 2578 2545 2368 2773 5632 1547 5941 5632 5828 3882 1547 2773 2368 6365 1820 5630
4129
4104
2968
1538 163
4103 4130
163
4125
4125 6175
3877 3309 5607 3324 3307 3320 4217 3306 3259 5607
4126
163
4126
4112 2946 3255 2229
163
4112 4126
4125 4112
163
2946 163
4126 6179
2966 1912
163
4125
4112
2968
3509 1990 3120
2363
4127
4126 4126
2975 4112 4112
4112
4129
4112 4404 4403 5625
25 4112 4126
4074
163
4880
4112
5501 2272
4112
4112
2968
4125 1785 2975
4126 6175 2945
3876 5826 1829 6723 2546 1547 6396 6359 5398
163 163 163
1615 1855 1737 3875 3137
4125
4136
2968
4074
2899
285
2835 610 1738 688 720
4694 10
4112
4125 2975
163 3030 3260 2249 2440 3643 4437 3640 2723
4112
2975
408 2368
4125 6178
2946 1792
5929 2882 1531 381
4126
1728
4126 3875 1751 1767 5522 3269
2968
2968
2968
4125
4112
163
4126 6535
4074 2975
4128
4125 4638
2970
4112
2906 6280 2146
4126 2968
6308 6671
4126
2968
6734 1533 2882 6313 5839 1882 394 608 1882 394
3839 163
1 67
2503 6361
4126 163 163
1796
1855 608
263 5643 5606 5633
4125
4126 2946
1912
4125
5530
4112 4136
163
4076 2968
4112
2363
1013 1119 1394 264
4125 4099 4112
163
2977 2975
1531
6259 2139
5995 1531
2946
2723 1757 1772 2723 1757 2538
163
3261
163 1538
4112
6178 4125 2496 2602 2466
4074
2968
4125 6447 4804
4125
2968
2369
163
1531
4112
1820 3268 5643 7024 3270 5645
2966
1855 699 1858
4129
4112 2968
6603 4125
4126
4126 2975
2968
4135
4112
2968
4125 4112
2968
4126
4112 4112
4074
4063
2459 6423 2583 6423 1716 1706
2975
4126
2946 4103
10 10
2945
6969 5827
2968
2968
163
4136 4112
2946 4126 4112
4126
4112
286 1531
2968 4112
4112 4112
4074
5607 5645 381 2882 2459 5644 6299 1531
1862
2946
228
4112
163 1538 4112 4149 163 1538
2968
2134
2903
4125 4112
1997
5631 1743 2968 5623
163 163
1538 4112
1
4218 6346 2646 3030 6990 6343 5488 3259 6961 5607 5752 4112
4126 4125
1813
2968
4112
4112
1538 163 1538 163 1538 163 1538
163 163
4112
4101
4112
6014
4074
163
4130 4135 4130 4135
4125
2946
6004 4126
2134
4112
4112
7135
3309 2249 5691
163
4112
4126
4126
163
2724 4112
5111 4129
4126
4112
4112
2956
4126 4074
4125 2975 4126
4126
4126
4125
4136
2975 4074 2968
2369 3320
6293 6012 6989
2180
4074
3008 5839
4125
1538 5913
4126
2946
4125 6707 2139 2946 2911 6179
163 163
1538 1538 1538 1538
6894
4631 3405
2945 4112
1772
381 1531 2882 1095 2650 1826 390 6970
4074
4136 4126
2368
4126
1784 4463 1784 2369
2968
4112
1538 1538
188 5867 4127
4127
4880 1813 4880 1797 2975 2528
2956 4074
4112 2480 1687 2503
4074
4074
5634
4125
3247 5034
2968 3517 6243
4136
228
6178 4125
2882 4533 6036 1533
3268 263 2797
3309 5852 2797 2755 2773 1855 1538 1538 1538
4136
4130 4130
2913 2908 6707 4126 6454
4127
4126 2945 3510
6178 4125
1076 1119 954
2946 4126
4125
203
2946 4126
4126
4789
4125
2362 1692 2723 1547 2245 3651 2862 5373
4132
2947
4074 4125
2946 3806 6971 6705
163 2977 2975
4112
3509
1538 163 1538
4125
2180 4125 2947
2968
2883 1532
6706
3933 2820 2480 2241
2883 1531
4126 4112
2368 4112
6175 4125
4136 4074
1776
4127
1
6218
2968
163 1538 163 1538 163 1538
2368 1855 607 630
4127
4136 2180
4136
163
2968
4127
4074
4112
381 2882 1531
2368
4126
5
4112 2968
7213 2445 3194 4409 4407
4112 2975 2977
4112 2369
5747 3338 263
4112 4112
1931
605 1738 1737
4112 1379 891 2769 1077
346
163
2918 6447 2920 4136 4632 2920 4136 6454 4112 4126 4632 6815 1795 2920
2975
263 2825 2203 2640
4125 2968
4125
4065
4125
6533 4126 4632 2946
6535 4129
4127
4104
4125 6484
4099
4112
4136
4125 4112 2225 5827
4112
4126 5827
1678
4126
4125 6176
4126
4074
163
4074
4125
4112
2975
4136
4638
2883 1532 2883 2015 1532
6063 1533
4126
4112
2946
4126
4126
1532
4112 171
4136 171
4136
4112
4112
285
163 1532 163
2977 2975
163
4112 2368
233 5827
4696
2946
1622 1738 1862
6972 4663 3880 2374 5975 1547 6013 5975 3881 1547 1716 4663 6972 2374
2975 2977
4126
4125
1538 1538
163 163
2517 2565
4112
2975
2909 4126
285
4112
2968
6346 5801
4125
3878 2754 5941 2756 1763 5941 3874 5941
2946
2968 4112
4074
2956
269 3324
4074
4126
720 1796 1890
7215
890 1155 1010
1538
1538
6894
4125
6971 4303 4671
4112 4125
1947
4112
4126
4125
4112
4112
4125
4074
172
4112
2968 4128
4112 4115
1685 6376 6375 1687
4112
2968
4125
2882 1533 3196 2440
2968
2965
2968
4126
5517 5752 6014 6320
4136 6525
3275
4126
1920 1921
381 1532 2882
2968 4126
2975 6276 2946
5801
2363
6855 1785 5839
4126
4125 4112
4112 6185 4125
4112
6175 4125
2975
2369
2368
4125
4112 4112 4112 4112
2948 2945
4125 4099
4125
4125
4126
2363
1532
1531 2883
4112
5804 4541
4128
6178 4126
4125
5754
5496 5521
4131
2948
4533 264
163
5027
4125
4112
1947
3875 2583 3271
4126
1379 4145 1135 1135 1379 4145
4440 2755 5938
163 163
269 6356
4112
4112
4125 6175
6723 3756 3639 3921 3921 6723 3639 3952 6723 3924 3921 3952
4074
6002 1532
2369
23
4132 4112
4125
4125 4074 2363
2968
163
2956
2857
4112
5395 3922 3894 602 4444 5398 5952 649 701 551 5395 600 5395 551 2023 5395 602 551
5485 4144 3890
4125
4125 2975
4074
3510 2587 6971 2440
3877 2369 5332 2820
4125
1547 3204 3962 263 3964
2461 2363 1695
4112 6295 5531 1821 4526 4112
4127
4125
2910 2909 2139
4112 2368
2968 4126
4112
3622 4420 263 4439 263 4420 4439 2241 4439 263 2236 4420 3650 3649 263 2236 3650 263 3622 3649 263 4420 4439 263 4420 4439 3622
1784
4126 11
4112
4112
5857
163
2946
4144 5584 4456 5640
4125 4112
61
3259 1835 3264 610
3881 5632 3922 1704 3923
4125 2946
4125 4125 2968 4112
1147 263
4125
4126
1538
2968
1077 1128 1390
4126
4112
2968
4126
4132
4112
6826 4914
1531 2883
4112 4112 1724 6014 2538
4750
2968
231 233 231 231 231 231 231
418 4112
163
4112
4112
4125
4112 4112
4125 6179
3694 2797 4112 6723 5747 3309 2773 2396 2775 5845 2202 2631 6668 2586 4263 2807 1995 3269 3640 3322 5978 3294 6012
163
4126
2249 6410
3275
4126 6185
4112
4112 4126
6951
4126
6722 1797
6346 263 6336 6341
5450
4112
4132
2180
4112
2968
4125
2975
171
4125
1705 2683 2507 2494
6242 3906 6241
4125
4125
163
163
163
4112
1538 1538 163 1538 1538 1538
3639 5827 3060
4126
607
2181
236 1533
2839 263 1547 6800 500 263 1672 1858 1615 2833 2826 263 1799 4826 263
4065 2913 2946
1538
1738 1369 1323 394 1882 373 373 394 1369 1738 1882
2968
4112
1729 1742
4087
4112
4126
2930
4104
4125
4125 6179
4125
2968
2363
4074
4136
4126 6535
4112
4112
163
4112
5929
1785 5631 5623
5345
2968
4126
4125 4099
4112
5544
4112
2883 1532
4125 6176
3278 6671 2497 263 5925
4090 4112
2968
2369 2922 4638 2902
431
4125
4112
1792
666 504 689 692
650 689 504
4112
3869
4125
6183 4125
4132
2968
2946
6885 6259
6964
4127
6394
2180
4112 4112
6268
163
2797 6012 1979 6377 1707 1538
163
2975
4112
2968 4125
4129
263 6346 5848 5324
1538
2913 2185
2968 2755
4112 5531 540 1776 4112 1274 676 1278 1363 1303 1315 1855 563
4112
4129 4112
2977 2975
4136 3496
1846 4126
64
2906 5729 4126 2899 4112
4112
6533 4125
63 57 63 4074 63 63
1820 1705 1742 1751
4127 4130 4112
2369 4125
2968 4112
2968 5646
1848 720 608 605
4136 6484
2968
4125
4125
1669 1737 263 1622 721 679 3045 5246 263 5925 1547 2440 1737 679 721 263 1738 1837 263 5845 3429
3320 6346 3276 5827 3059 5925 3510 2754
2368
5324 3259 3636 3260 1731 3297 3651
5495
4112
2968
263 1683 4354 4335 4352
4125
2139
2946
163
1538 4467
408 2968
2139
4126
4112 2968
4130 4132
4074
4125 2968
163
5868 2461 2461 2458 4112
5294 5293
4130 4135
2975 4126
3408 4030 2565 2565 2565 1531 3510 4030 2097 3408 2565 6292 3177 4266 2565 3510 1531 3545 2930 3177 2565 6294 2565 2565 2853 4130 4266 3179 3545 4266 3179 4266 3324 2565 1531 2540 4030
4112 4126
4125
4126
2181
4130 4132
2975 2975 2946 3501 2975 4060 2946 4060 4099
4144 2214 2797 6723
163
5801
1740 1779 1738 5224 5226 5223 4909
4112 2825 5628
163 163
2968 3372 3297
4074
163 163
4125
4126 2946
2250 630 620 562 700
4126 4130 4112 2945
4112
4112 4136
4125
163
2968
4112
2968
4125
2968
163 1538 163 1538
4126
6969 6969 6969 6969 6969 6969
5844 1760
2968
163 163 1538
2368
4125
24
2968
4130 4131
6395 1776 3510
4126 4125
2968
207
2368 2947
4112
1538 163 1538 163 1538 1538
4126 4130
4104
4126 6527 6528 4126
1531 2883
4127
163
6344 3560 3559 4112 3001 3655 3269
163 163
163 1538 163 163 1538 163 1538 163 163 1538 163 1538
4125
4074
4131 4130
2912 2913 2797 2369
4126
4126
2263 5607 3914 1992
163 1538 163 1538 163 1538 163 1538
6176 4125
4126 4112
4695
2139
4064
2180 2946
4112
381 1533 2882
4125
1388 1120 1072
4112
1708 4798 1708 5752 4638
5476 5607 4880
4112 2368
4112
4132
1915
4112
721 693 1740
2946 2949
2369
4126
4126
2777 3875 5913 3320
4125
5844
4131 4131
1670
4125
4125
4125
4112
1707 5530 4074 4126
4032 3510 3294 5606 6369
2368
4437 210 3925 3347
381 1533 6513
2368
4112
4638 4125
4468
4112
1
4126
4638 2911 6258
163
6535 4126
4125
163 163 163
4112
4126
4125
2968
4126 4125
2968
4112
6971
4063
4125
4960
2977 2975
2966 4136 2975 2899
4125
4050
4126 5631 6850
2968 4125
2968
4112
5925 5913 4131 4130
163
4751
4125 4112 4099
1533 381
163
4074 4074
4074 2362 2210
1 1
4098
389 1825 389 1825 386 1710
2374 7380 5033
3877 5752 5925
163
1532 5421
4112
6184 4126
2677
1128 1076 1095 1115 952 1388 2369 6969 4631
5840 2968 263 277 2397 3650 4439 2284 1547 277 2397 1672 607 689 2729 2394 3721 4439 2284 277 2397 689 607 263 563 163 2394 2401 3737 5344 2394 277 6234
1429 364 1433
1732
1532
163
2368
2855 3881 6361
1538 163 1538 1538
4137
4125
4125 4112
4125
3491 4136 2968
4125
1715
1531
3309 2755
2930
4112
2968 4112
4125
4112 2968
3878 3509
163 1538 163 1538 163 1538
3922 3915 263 2749 5246 263 2382 3623
4125
163 163 163
4126 4125
2968
2571 2571
2369
2946 4125
4125
3876 5633 2369 5929
6969 4164 2368 5607 3267 3276 2245 2441 2834
5495
2946
4074 4126 4131
3319 5691
163
4126 2139
4112
4126
6284
4074 4112
2754 4264 3891 2797 3877 6723 6855
4125
4112 2914
4112
4126
2883 1532
4128
2845 3026 2784 2821 3033 2363
5747 452 2378 500 2368
1538 1538 1538
4136
4126 6175
721 693
2968
1716 4049
163 163
2956
2368
4112
2869 5282 4215 1547 1697 2369 2755
2968
4125
2977 2975
4074
4112
4126
4125
1705
3639 3334
5633
1846
4135 4130
1128 431 1391 970 1077 1092 1119 381
4127
2968
4112
3405 163
4112
4126
4074
2578
4125
610
4131 4131
4125
2975
4112
688 1855 500
4126
4126
4112
4112
4126
163
4112
4125
4136
4126
5532 4304 3299 6969
4112
163
1615 674 610
2968
6536 1531 3404
4112
5918 6336 4439 5827
4125
163
4126 4112
4125 4125
4112
4112
4136
4125 4099
1622 1738
4126
6250 6711
1931 1931 6266 1931 1931 1931 1931 1931
2956
2968
4112
2899
1751
1760 3877 1759
263 5607 5644
1917 1776
207
5051 2975 2267
2968
282 2968 481 1858 676
5607 5633
2855 2362
4112 4112 4112 4112 2975
2908
4126
4125
2807
1912 1712 5530
163
2578
4131
2911
602 600
4126 4112
4126
4125
1669 1855 674 4112
2946
4126
4125
4112
4126
4112
4125
431 1120
1523 1466 1512 1477 1484 1474 1514
4074 4126
4112 4125
2180
4112
6243
2363 4112
4126 1531
4074
163
3625
2975
4074
4112
4112 5638
1927
1858 1858 1858 1858 2928 5633 2207 3195 2682 563 1858 1858 5664 2207 563 1858 563 1858 563 5463 1858 2207 1858 709 563 2207 5495 563 2993
4125
167
6969 4663
2180
1532 2883
4125 6179
1912 2583 2578 4112
4112
2326 3559 3959 1533 2882 2807 3559 620 610
3388
4074 2968
5848 2224 6969
2975
4112
4112
4112
1967
890 1394
4127
4125
1948
2946
6259 6266 5544
2797 3420 2977 2975
2946 4813
1947
2975 4112
4126
4112
4125
5640
4125
4125 4112
3278
3297 2764 3889
4694
6734
4126 4125
4127 4130 4135
6251 6241
5699
6985 1751 2873 2225 2873 2225 6985 5328 2882 381 1532
2362
2140 6277
163
4126
2968 1538 4127
4125
4112 2948 4112 2899 2647
4112
1729 4112
2968 4126 2368 4112
431 794 822
4125
4125
4125
4129 2363
5796 5828 3915 3921 2784 3880
1685 5530 163 4076 4103
4126
5823 6199
4131
5488 2466 2797 2326 2538 2326 2797
4101
1622 1862 452 1862
4126
2369
4125 4112 4125 4112
4129
4136 4074
4112 4112 2578
4125
408
4136 2946
2946 4126 4112 2946
2633 5617 5530
6706 6266 4125 2910
4112
2882 1531 381
163
5978 5975 5980 3377 3380
4112
1538 1538 163 1538
4127
2975 2977
4126
4126 6175 4112
4129 6539
2946
4126 2945
4125
2947
2975 4112
1799 2465 6359 3508 2775 2362 1547 3270 4191 4218
4125
1821 2546 2480 1531
4126 4132
4126 4125
2968
2911
167 4136
6397 5810 6662 5584 3623 5810 5810 3922
4126
4112
4456 4223 3914 2769 4664 3876 3510 3877
4112
5633 263 5640 5640 263 5629 263 431
2968
2975 5112
4112
4076 2975
4127
4125 4125
4136
4125
4126 4112
4074
4129 2946
163 1538
163 163
1533
2628 5532 263 1776
2968
2363
2911
4125 3510 5122 4125
4136 4112 2363
4112
6936
2968
6971 5470 3324 6971
4112
1533 4112
2946
4125
2367 5524 6388
2643 3932 2754 263
4132
4126
4112
1862 5746
4104
1532
4074 4074
2644 2645 2644 1751 4438
2946
2946
1538 163 1538 1538
4126
4125
721 2643 452
2249 5826 2820 264 6377
4112
2369 3391 4631
4136
4074
4125
269 5329 4126 6454
4136
4126
4126
263 3270 2284 970 1089 431 1119 1391 264 1091 1119 970 431 1479 264 3270 2284 263 2249 3270 2263 4144 6722 2284 1988 4144 3270 431 970 1119 4145 1091 1391 3518 4144 3270 2284
4126
4127
59 57
4694
4125 2903 2910 2900 2921 6835
4112 4051
3148 263 4439
5875 6365
4112
4112
3899 3921 2853
4126 6535
4463
4126
163 163
4112
263 6722 5925 2547 1633 1623 263 4218 6722 6800 263 5925 1647 263 1623 1633
1622 693 263
4126
2909 4112
4112 4112
4125
4126 6175 4112 4112 4112
4125 4112
2968
4112
2882 1533 4112
2946
2820 3964 3261 1547 1547 6396 6396 5336 3137
163
2319 3749 3743
4125 4099
5476 5925 1776 5925 1776
2946
6134 4125 1538
4074
4125 4098
4126
4126
5805 4396 2975 2267
688 601 395
4136
4125 4099
163 163 163
263 4440 3881 431 264
3037 3924 263 5339 891 1400 264 890 3889 5339 263 602 689 1738 1615 1164 6395 3921 3037 263 891 1147 1378 3269 5326 263 1547 1400 891 1378 1738 602 1164 264 1858 2250 3137 3716 3924 5288 2723 1400 891 1378
4125
2946 2965 4112
2968
1047 878 1128 899
1846
2934 4112 2936
2641 1547 5941 2236 263 1547 2236 2641 263 5941 6723 6308 1547 6723 263 5941 2641 6723 5941
2975
3647 5344 2249 5951 1622 1848 607 682 720 2817 2723 2363 2393
4129 4112
2968 4125 6267 6259
2368
4125
3952 3307 3881 2320 2230 2797 3259 3758
2968
2968
4126 4125
10
2930 4112
3373 5626 5664
4125
2968 1533 2882
4125 6175 6178 4125
4115 4125
1547 263 3943 3261 263 6668 2884 263 3943 2797 5848 1547 4426 3309 4443 263 3437 263 4426 5749 3655
4126
704 1229 707 1191 413
4125
1533 2882
4112
1924 1855
4126
263 4426 6344 4401 263 4731 2825 6377 3437 2839 263 4426 5925 263 3424 263 1547 4443 3261 5925 3350 263 3261 263 3437 6990 4401 6986 263 4426 5925 263 2839 3943 6336 263 5629 263 2216 2832 2224 4439 4420 263 263 5629 5925 2643
4112
163
4125 4112
4099
3133 3340 2437 3195 3165 3071 6969 3881 6855 5581
1970
5450
4125 4112
1531
4127
1532 4291
4112
3572
2968
4126
4112
57
4125
163
4112
3882 3906 2367 3881 2369
2956 2368
4125 6533 4112
4126
6761
190
5607
2975 2368 4112
1855 649 1853 3201 5875 5938 2640 5940 2769 5929 1821
1533
4136
2975 4126
1715 2363 6734 2229 2319 2968 4264 3273 5764
4126
4099
2368
4074
163
2975
4731 263 4265 2368 3922 263 3318 4439 1547 2317 263
2946
4125 6535 4125 6536
2368
1533 381
4125 4125
263 2797 1986 3915 6013 263 4439 5925 3637 6395 5740 263 2642 3297 5629
4125
4125 4126
3610 2946
263 3647 6341 2326 2322 4401 263 3009
2368
6996 3282
2363
4440 2975 1840 2139 2968
4126
6796 6839
4112
3638 3558 2362 2797
1622 5975
2369 4125
2368
163
4126 6535
4074
4126 4126
4126
1538 1538 163 3338 4149 1538 1538 1538 163 1538
2946
294 4149
2928 2912
1665
4074
2968
2968 4125 4130
263 3944 2362 2333 1547 263 3944 2496 263 5741 1547 4525 1726
163
4525 2624 263 6398 3510 263
4112
4131
3205 1731 2363 2363 6398 1547 6343 3964 5326
601 720 1853 1868 2882 452 1533 3382 3319 2754 2797
4299
4125
5752
4112 4125
6970 6242
4112
3987 4663 3269 1759
2913 4632
6974 6361
4126
234
1820 263 1987 2369 2635 1986 263 1986 3269 3923
2968
4125
1915
4125
4126
4074 4074
4112
1538
1743 5544 5625
2934
1547 2446 3803 6946 6946 3802 4264 1547 3964 431 890 1400 3742 6946 3194 3518 3802 6946 6986 1547 163 4074 2869 6985 6946 1547 3510 692 1853 551 2968
5839 2287 2545
163
4112
4087
3915 5740 263 3509
1538 163 1538 163 1538
4112 2968 4125
5810
6259
682 1615 495
2369
3964 3874
4126 5468 6722 6013 2797
2224 2546
2946 4112 4112
163
6160 1531 2776 6970
4128
4126
2180
4125
2180
4112 4074
2920 2946 2922 3476 3027 3836 5482 2920 5485 3476 2450
4126
163
2968
2363 6372
4125
6894
4074
4126 6175 2368
25 4136
4439 3437 263
4125
4126
3270 3876 3881 3309
4087
4074 4112
4132 4130 4131
4126 2946
2207 5607 2368
3282 3324 1985 2628
431 1077 1113 1388 1077 1119 1389
4112
4303 1743 5764 3307 5747
4127
4126
4126
4112
6251 6242 2363
6263
1799
4126
2946
1538 163 1538 1538 1538
4132 4112
3274 2644 6395
2949 6972 2945
6167 4125
4126
1538
163 5750 5747 5749
2480 1698 1829 5633
3510
4638
4074 163 4074
5839 1774
4136
4074 4128 5619
381 2883 1532 5344
2369 4112
1118 1479 431 1077
4125
4126
6262
344
163 163
4125
2024 5826 263 2362 263 5826 2024 3297 263 3882 5826 2024
163 163
4126 2899 2946
3921 6723 4663 3269
4127 4125
163 4126
4136 6175 4074
4112
4112
4129
1531
2641 630
1738 1669 1394 1378 3420 2368 3922 3875 5630 5630 3420 3275 2363 3922
6005 1531
4126
4112 1538
4125
4125
2946
2333 3261 3307
4125
2368
4074
4112
4112 4126
4112 4125
4125
4813
4129 4129
855 2633 1703 6014 5918 1703 5918 6014 6293
2968
4125
1776
4099
4126 2968 1912 6729 6375 2631
4112
2968
1
4125
4126
5941 2449 263 277 2723
4126
4125
4074
1533 4638 4136
1538
6668 1760 4882 2756 2546 5801
2946
2919 2146
163
4112
4132 2968 2946 4131
163 163 1538 163 1538 163 1538 163 1538 2368
263 2366 3643 1707 4669
4112
4125
163
4112
1760 610
4112 5640
4136
163 1538 163 163 163 1538
4112
2968
163
1538 163 1538 163 1538
4695
4112
163 163
4074
1164 677 610 263 721 721 691 689 6971 6972 263 263 5925
4074
4126 4112
2363
4103
163
4130 4135 1707 2265 5920 4130 4130 4135
4074
2968
2820 4420 6367 263 891 264 1148 890 2319 3623 263 5749 900 1012 264 431
163
263 2440 2440 2392 263
4112
163 1538 1538 1538
4074
4126
2977 2956 2975 4112
1538 4112
2317 2855 350 2776 5875
2946 1795
163 163 163 163 163
1622 718 838
2968 4112
4126
2369 6241
163
4126
1915
4126
1538 1538 1538 1538
163 163
4126
6850
4126
163
163 1538 163 1538
5286 2773 2883 1532
4131
4112 1825
1144 1149
2369
5807 3622
163 163
5940 4440
344
3255 3799 3754 3510
163
4126
5867 4126
163
163 1538 163 1538 1538 1538
1538 1538 1538 1538 1538 1538 1538 1538 1538 1538
313
163
4125
4125
4126 6535
163
4125
1215 706 1176 710 1187 439 445 415
4074
285
4074
4469
2635 5634
4136
4074 4125
4125
163
1846
4129
163
2975
1531 381 2882
431 1012
3275 5607 1547 6242 5630 3510
4125
4074
163 163
1728 1715
163
163
2483 4217 2769 2643 1547
2209 5495
5808
4126
4126 6454
1691 1691 3274
721 1538 1538
4074
163
163
4125
163 163
163
5329 1547 1821 5328 6666
6445 4126
4098
163
1846 4074 4074
2319 3874
6336
163 163 163 163 163
2585 5632 6013 3986 163 6969 5752 3986
1532 5995 2883
4125
1710
163
163
5522
163
4914
5517
3898 6855 3902
4074
1047 1391 1474 1131
2588 5806
2777 2775 2275
