1538
4104 4104
5801 5634 5531
2968
2968 4125
2968
4125
4112
4125
163
1696 1622 721 1683 385 6372
163 163
2139
4112 4125
2968
1738 688 2968 1850 6013 479
6179 4125
2946
4128
4104
163
1538 1538
4126
4126
4125 2968
4149
2369 2252 6284 5828
4137 2946
4112
682 552 607 507 607 682 1164 608 452 682
1737 5640 605 709 649 2947 163 721 1737 5640 1622
4112 2946
2968
163
4263 3334 2755 1987 2227 2245 2317
2946
194
4126
1538 1538 163 1538 163 1538 163 1538 163 1538
5865
3869
4125
2945
1533 4126
1538 163 1538 163 1538
4126
4112
2946 1796
4112
4112
2947
163 163
4112
4126
1380
2968 4752
5875
4126
2968
4125
1697 4434 3875 5951 1622 2369 4112
163 163 163
4125
4112 2968
4074
4 285
2968
4125 4074
6325 3898 5338 2366 2545 3874 3873 3644 3911 5335 4717 6723
4125
1538 1532
163 1538 163 1538 163 1538 163 1538 163 1538 163 1538
6184 2946
163
4126
4112
4128
4125
4125
163 163
4112
2946
163
1533
2946
4074
2968
2968 4112
4112
4126
5624
4125
1533
4125 6536
4126 4112
4112
4126
1538 1538
4112 4112
163 163 1538
4126 4112
2968
4126
4126
2828 1695 6985
2968
5754
2956
163
4112 2946 4112 4112 4112
2968
3899 6972 2968
4883
6855 3306 1776 2797
4074
4125
2968 4125 4126
4112
4125
2947
4112
4125
2237 3880 6723
4126
1120 1108 1479 1091
2968
2968
2968 4112
172
2968
4125
4125
4126
2968
1846
2968
4112
57 188
4074
4126 1670
2946 6068 4125
4112
4098
4125
6894
2946
1538 1538 1538
4125
163
4104
3875 3656 2326
4125
1538 1538
2956
4125
4125
163
2968
4112 4074
3881
4112
4125 6179
4126
4136
4125
4125 2968
2968
1538
2968
4112
1538
4125
4125
6014 3740 3952 4434 4112
2911 4129
1538 1538 1538 1538 1538 1538 163 1538
4125
2946
2946
4112
4112
4112
1 2968
2968
6370
1846
4126
1538 163 163
2458
4125
2946
2968
1538
4127
2946
4125 4125
3510
4074 2946
4125
4125
2968
4107 4112
2968
5772 4728 4730 5772 1547 6723 2773 5772 3898 2224
4112
1738 682 1672 608
4074
2968
2968
4112 5328 2023 1836 5975 2778 1760 1836 1697
4112
688 500 608
2369 3501
2180 4131
2440 3546 4218 392 5247 3881 3463 1547 5372 3647 3518 2723 3558 6972 3195 4525 2729 3560 3264 2326 6722 3265 2682 4716
2183 6691 2968
6536 4126 4112
4112
163
4074 4074 4074 4112 4074
4112 2968
4126
2275 2440 5840 5796 5172 5929 3165 2275 5792 2862 2224 5929 3510 2211 2862 5795 2623 3886 2275 5844 5929
2968
2968
2968
2968
2968
2968
2911 2946 2918
4125
233
2968
2853 389 1825
4074
4112 4632 1796
2956 4127
163 163 163
4126
2945
1862 1622 721
2946
1670 1670
4125
4127
2968
4125
2954
221
1164 1855 1738 700
4125
4125 4130
4126 4112
171
4074
285
4126
4126
4103
2968
163 1538 163 1538 163 1538 163 1538 1532 4149
4125 4112
4127
4126
5994 1533
4101
2946
4125
2956
4125
2968
163
4131 4131 4131 4131
4126 2968
4112 4112 4112 4112
163 163
4126
4112
4126
4074
4175 6666 1991
2968
4112 4112 4112 4112 4075
4125 6179
4125 2968
2134 2946
3278 3204 3874 3298
2968
4125 6458
1757 5629 4510 4212 620
4126
4074 4074
3562 40
163 1538 1538
163
4126
4112
1869 1855 1870 1892 1615
2958 2945 2947
163
4129
4125
2968 4126
4125 2968
1164 649 689
2968 4112
2945 1784
6188 4126
4125
3881 2367 3278 2229 1547 2230
2968 4112
1538 4112 4291 163 1538
2968
4112
4128
2968
6792 6344 6355
5941
163
2968
2968
4126
4125 4112
4126
4126
2968
4663 5297 6392 5339
2459 4112 1801
163
1538
3875 3269 4112
4131
4125
4112
4126
2968
4125
4074
4125
4125
2956
4125
1846
4112
4112
2946
4126
4099 4131
2968
2968 4112
4112
4125 6525
2946
2968
4126 1699
2968
2946
4125
4112 5104
163
4125
4126
4112
4125
4075 2968
2968
4125
1846
2968
57
2968
2968
2968
171 2968
4129
2968 4112
163 1538 1538
4075
163
2952
4126 4087
4126
2968
5810 4073 2162 2930
4137
4125 4099
1572 1577 1583
4112
4126
4126
4125
4112
1532
2946
2968
4112 4112
1246 2797 1403 1234
6800 1378
6977 6972 6977 3306 6972 3309 6977 6972
163 1538 163 1538 1538
4112
3881 6320 6392 6341 3642 3509
2368 1774 2770 2237 1692 2754 2241
2946 4638
2956
4125
2968
2514 2521
2968
4101 4101
1699 4125
4127
4125
4136
4074 6445 4126
6894
1375 892 1155 1377 1616
1643 1639 1909 1651 1625 1634 1633 1652 1623 2956 2374 2764 3909 4663 3910
2956
4125
4078 4136 6333 5515 4078
2968
163 1538 1538 163 236 1538
2946 4112
6459 4125 4112
2947
163
163
2968
57 188
2968
4135 4130
2968 4112
2968
4074
4126 4112
4112
4125
4099
5867
4126
3923 3757
4126
2180
4112
2956
1703 6299 5297
4112 1533
163 1538 59 163
4112
4125
4125 6459
431 1381 1394 883 891 431
3743
3692
163 163 1772
4074
4126 4112 4112 4112 4112 4112 4112 4112 4112
1751
163 163 163 163
59
2946
431 432 1226 1215 1178 1173 1197 557 479 1738 650 686
4125
4129
2968 64
4126
4132 4131 4132 4131
163 1538 1538 1538 649 1538 163 1538 6013 1538 163
163 163
2956 4112
4112
4074
4125
4126
5941 6015 5940 5918 5921 6242 6251 5839 3390
4126 4112
1538
2968
1538
4125 2914
4126
4126
2968
6965
4112
4112
1757
4126
5105
64 228 228 228
4126
4137
5929
1531 6516 4112
608 674 551 391 3461
4112
2946
4112
4112
1538
2968 5668
4112
4126 4125
1939
4125
2946
4099 4099 4099 4099 163 4099
4112
4112
4125
2946
2968
4125
4126
4126
6259
2946 2912
4112
4112
4112 1791 6326 1791
4126
4125
2946 4126 4126
4126
4126
4125
4126
4112 2968
6346
2968
4126
4126
4136
4074
2968
2946 4074
2968
4125
4125 6526
4125
4127
4125
2968
2946
431 264 891
4112
4126
2333 3740 5752 5470
2946 4125
4112
163
4126 2968
2968
4126 4126
4112
4126
4131
4125
163
4125 6267 1725
2641 4834 3767
4112
163
4092
1846
4112
1759 1797
2317 2807 1531 6609 2368 927 1391 1133
1046 1389 1123 1400 1131
4125
4125
2946
1538 1538 1538 4149 6258 6263 6261 1538
505 1855 699 1855 699 505
4125 6178
2968
2968 4126 6176
3259
6241 2968 5544 4880 4882 5544 6243 5464 3517 4112 6243
4125
4112 4112
4136 4112
4074
4125
1388 1119 1394 1089 5344
2968
5752 3050 3015 2252
4125
4112
4131
163 1538
5607 3888 2319 5302 3298 5607 5640 2366 6383
4112
4131 4130
4103
4125
2968
2432
2947
4291 3268 1538
2968
1699
4112 2946
4101
2968 4125 6458
2946 2968 4112
753 431 824 238 765
2968
507 649 676 688
3273 2317 1703
163
4112
4126
4126
4126 6178
2968
1538 1538 1538 1538 1538
4126 4112
2946
4112
163
3268 2648
1538 1538
607 688 1615
4127
2139
2968
2968 4112
64
2956 4125
6179 4126
4112
163
4126
57 2968
4126
4074
163
2899
4137
2946 2968
163
4130
1858 2230 604 605 2325 5764
4112
1119 1133 1389 1077 1076
6836 4112
4126
4434 3404 2325 3889 2326 5795
6266
4136
2968
4126 4125
2968
4074
163
4125
4126
4074
4125
4112
2968 1538
4126
13
1774
4074
6855 2727
2414 2414
4126
2968
163
16 4100
2946
4052 4112
4125
2946
5764 6668 4908 6985 4908 4508 6668 1547 2946 2650 3944 3558 3560 5840 5977
2968
2946 4112 6521
4126 6178
4136
1986 3275 2223 1776
1547 2317 1757 3873 3273 6855 3952
4126
2968
24 24
163
4125 4125
691 720 1861 608
4112 4126 4112 4126
5607 1046 870 5929
4112
4125
6526 4126
4126
4112
4129
4126
4112
4112 4112
4125 6164
4126 4112 4132 4112
4112
4131
3264
4112 4126
4129
2726 4074
4126
4126
4112
163
2948 2981 2968 2948 2949
2946
1531
163 4125
2911 4112 4112
4112
2968
2968
2968
2578 2773 5630 2797 3882 5606 1820
1846 4104
1743
3814 4136
163 1538 1538 163 1538
2968
4127
3307 4218 3090 3306 5607 3877 3307 4218 3264 5607 3264 3309 3877 5607 3874 4663 3307 3264 3324 5607 507 620 630 607 682
2968
2968
3423 5844 2305 2250 6722 1862 2250 4112 3120 1862 2249
163
4125
4129
3877 5607 4263 6855
431
2946
2968
163
4129
4129
4112 4137 6068 2946
4112
4112 4112
3892 3876
2968
4128
4125
2946
163
4880 2230 3906 5339 1547 2236 3437 5741
4112
4112
2946
2956
5485 4663 5483 6420 6421
2603 2583 2203 1547
2968
4126 2945 6178
4126 2968
1622 1862 1890 1622 1862
163
4126
4112
4797 2968
4074 4074
2946
4126 4112
6175 4136 2946
4126 6178
2968 4112
4125 4112
163
6068 2946
4112
4126
163
689 1615 602
4112
1742
2946
5929 4126 6485 5929 5929
2968
2968
163
2457 1707 5625
2968
4126
5532
2362 2240 3881
2946
4112
4112
2946 2956 6485
3261 6130 1531
4126
163
4112
4112
163 163
2952
2968 4126
2968
2968
163
2968
1737 264 718
2968
2968
4125 4099
4126
63
4401 1531
1531 6004
163
163
4075
2968
163 163
3334
2946
6369 1705 4125
2968
4128
1846
4127 2956
2946 4099
6985
4112
2968
4125
4126
4135
4112
5929 2369 4380
4112
4128
163
2363 2088 2325 1726 2957 2946
2968
6293 1706 1716 2459 6014 6424 2466
2968
4136
2968
4125
4126
2968
4126
1073 1124 1117 1391 893 264 1089 893 878 1126 264
4136
4126
163 163
688 561 838 666
163 163
4125
4125
4074
4127
163
2968
1538
4126 6549
2968 1
2578 4281 3255 4280
4074
163 1538 1538 163 1538 1538
6485 4128
1538 163 1538
163 1538 1538 163
2956
4125
6895
1862
2968 4125
2968
4126 4112
4137 2946
4112
4125
2968
5839 3890 6368 6723 5752 3749 6299 2635 3757
2968
4129
4129
57
2139 5109
163
2968
2946
4075
4112
4125
6535 4125
4126
4112
4074
4112
3309 5531
1538 1538
6184 2946
4112
6335 5925
4125
2946 2947
2968
3278 5792 4880
163 3642 3420 3638
4126 2968
2946
1538 4149 1538
4126
4125 6176
2631 3878 4401 4265 6855 3647
2650 4998 6970 6976 1826 390 6969
6553 4136 6553 4126 4126
4126
3106 4126 2966 2967
5624 3510 3306 2902 3117 3840
4112
163
1538
4074
5302 3696 4420 2220 3405 600 5845 650
4127
4125
4126 6325 6325
4112 1538
2968 4112
163 163 1538
4112
686 527 608
4112
263 4880 2584
5844 2369 1547 4175
1538 1538 1538 1538 1538 1538 1538 1538 1538
4112
2968
2968
4125 6178
2968
4125
2968
4098
1538
2946 2946
2968
5344 3801
4112
4126
4112
2873 2343
163
4112
4125
4126
4112
2956 4125
57
2945 4136
163
4112
2946 2946
2956 4074 4137
2946 4112
163 1538
1738
4126
4125
4125
4112
163
2946
4074 4136
5840 3878 6723 2754 5765 4265
4126 4112 4638
163 1538 163
4112
4112 4112
2946
4136
2968
4112
4127
4125
1665
1698 1547 3340 2633 3922 4087
4129
6179 2946
2968
4126
2968
6447 4126 2968 6894 4638 6447 2946 4074 4112 4136 6447 4129 6447 6454 2946
4112
4115
4125
4125
163
4126
4129 4112
4397 5929 4389
4125
4104
4125
4099 4132
4129
4126
4125
4126
4387 2363 3694 2643 4390 3067 4112 5929 6320
4112 2968
4127
163
4112
4112 4112
4112
4112 4112
4126
4126
4112
2968
4125
4125
2946
4074 2946
3054
4074 4125
4112
878 1134 1077
4126 6457
1
2946 6737
4112
4112 2180
2586
2968 4112
285 285
4112 4112
4074
1532
163 163 1531 163 1531 3379
4136 6233 2968
4137
2374 6972 4304 3298 5975 1716 4663 4663 5793 5792 1547 2374 6972 1716 6355 4663 2645
1877 1538 1898 1888 1884 1866 3698 3699
4126 2946
4074
1538
1710
163
4126
4074
2968 2956
3261 3408 4264
4112
4126
4112 2419
3510 6266
4112 2968
2538 2483 2458 4112 5765 4125
4126
2369 3914 2833
4074
4129
4115
4112 4112
2946
2699
1947
1538
2968
2968
2920 4136
4074
4112
4074
2968
4126 4126
2968
4074
4074 4136 2968
3852
345
4074
2956
2904 6710 2899 4112 3517
2947
4125
6755
4115
4112
4125 2968
163 163
2968
2968
6178 4125
4129
4125 4125 2947
4125
4112
2374 5772 3408 6814
6895
4112
4125
4074
4126 4112
163
6275 2947
4125
3319 3047 4515 3275 3297 6972 4525 3292
4112
2968 5801
2180
10 10 2968
4112
4125 6179
1776 3275 4380 6988
1547 4692 4303 3964 3259 2804
4112
4125 6178
4125
4128 6485
2968
4126
2778 6970 2769
2946
4125
4541 4541
4112
4074 228
2946 4125 2911
4126
2946 2643
4131
4356
163
4125
3718 2369 2444
1538 1538
2968 4112
1813 263 1742
4126
4112
4125
1538 163 1538 163 1538 1538
4126
2968
2968
285
2946
4112
163 1538 163 163
22
163
2968
4125
4074
4128
2968
3298 5929 3275
163
4112
4127
4112 2968
1394 893 431 4112
2968
263 4420 4439 2250 3622 263 4420 4439 4439 263 5747 3622 3647 3649 263 3622 263 3623 3650 3647 3649 263 3650 3622 3649 3623 263 3650
2946 6185 4126
2983
4125 4112
57
6894
4126
2644 263 2603 2547
2968
4256 3268 2631 3269
4074
61 2968 61
5631 1776 3559 6299
2968
4126
4112 4125
2946 4125
4126 6178
2729 3037
1672 674 605 5829 3255 3653
2756 3638 2214 2797 2968 3907 2773 4731 5925 6017 3907
4074
2946 4126
5710 2973
231 231 2946 1533 231
4694
4112
4063 1695 4112
4126
2968 4112
4074 4125 4125
1369 1304 394 1297 373 1738 163
163 163
4125
2956 4126 2968
2631 3306 2756
4112 4126
4126
2968 1797 5952 3268 3267 1797 4257
264 431
5450 5451
4126 4115
4074 4125
4125 6179
2777 3902
2968
4112
4112
4112 4112
2968
4694
4112
4112
4127
163
4112
2968
163 4112 1538 1538 1538 163 1538 1538 1538
4112
4126
2646 3340
4112
2369 4898 3961
3343
4112
2968
263 2839 1799
2946
1538
4126
2968 4112
418 3509
4126
1531
6713
163 163
2936 4112
1846
4112
4112
1703 1778 1125 1072
4125
163
24
4125
2968
2934 4112
650 721
4112
2946 2946
4112
6711
2650 4065 5951 2649 5929 6306 5929
4112
163
2968
4137
4126
4125 2968
2368 6 4137
163
7 4115
2968
2968
4125
1533 4126
4125
4074
1661
4112 4126
4126
163
6001 4126
163
4127
5839 4420 3534
2948 6261
4112 6454
163
163
3558 277
4128 6535
4112
3914 3914 4731 5607 6013 1818
263 4426 6343 5324 6343 3437 4426 263 5326 263 6343 5328 3941 3437 263 5324
163
4112
2968
4112
163
5623
6179 2946 4136 502 479 688
2968
4112
1846 1846
5522
4126 4112
4128
1622 2369
2968
4112 4125 6175 6175 4126 4112
6533 4125 4112
57 57 63
4127
2968
4126
4125
4125 3876 3640 163
4112
4112
2459 2755 5845 2797 1547 263
4495 4469
2968
2826 4222 4390 329
1862 452 2640
4125
2968
163
4126
163
4074
4074
1538 1669
4112
4112
2968
2946
6485 4125
1538
4074
2968
4516 2919 3509 4516
3179 2565 3510 3320
2911
4112
4112
4099 2947 2946 6887
4125
6369 2797 263 6723 6369 263 2797 6723 1538 2797 6723 263 263 2249 6723 2797 6372
163
4129
4126 4125 4112
4112
4112
4125 6052
163 163
5471 5622 3350 6299 1796
2968
163 163
163
2968 2946
2851 1737 1531 6004 2851 3181 5277 3873 3261 2759 3888 1547
4856
1538 1531 1538 1538 163
2968
2968
4112 4126
117 122
4101 4112
4125 6013 5532
4112
4126
163 163 1538
6969 6969 3509 6969 6969 6969 6969 6969 6969
2922 4491
163 1538 1538 1538
2968
3376 1636 2382 2762 4899 2261
24 4137 4126
4125
2968
2762 3890 263 2797
4126 4126 4125
4126
4126
1538
4112
2968
1538 163 1538 163 1538 163 1538
4126
4132
163
163 1538
2968
4074
2968
4128 4112
163
4131 4130
4130 4132
4126
721 264 1853 1850 677 600
4126 4125
163 1538 3899 163
4126
4126
4125
4638 1708 1801 2362 4136 6969
2229 4214 3320 6855
4126
2968
1915 1915 5450
5907 4112 4112 4136 25
1531
1862 721 452 693
3269 2337 6981
4112
6402 263 3799
4126 6067
5829 600 5829 2374
4125
2947
4126
1760 2594
4112
3877 5929 2769 3271
4126 4125
1538
129 141 209
2946 4126
4099
2946
4112 4112
2968
5640
2968
2756 2631
163
1772
2797 3898 3890
1796 1797 1784
1389 1388 1077 1037 1117 1128 1063
4126
4126
4125
2946
163
5207
2968 4112
2968
2909
5606
4126
4126
2139
2946
2968
4112
1533
4112
4125 4099
3881
2968
6250 6251
2180
4126 193
6969
4127
1379 264 1077 1037 6851 6723 263 2319 2368
4125 2061
4112 2968
1707 1707
4126 4081
2968
4125
163
2968
1538 163
5021
163 163 3721 1547 263 2282 2394 689 1672 1853 607 1669 5840 2394 2401 2394 277 2723 3737 4420 3717 277 2284 4439 2394 277 607 721 1669 689 1615 264
5682 650
2949
1538 163 1538 163 1538
4126 6178
4112 4112
2946 2949
163
4126
1670
3559 3091
4126
163 1538 163
4126
4126
4112 4136
4125
4125
4112
163 1538 163 1538 163 1538 163 163 1538 1538 163 1538
163
1703
2665 3546 3309
2968
4112
2968
1738 721 2368
4136
6176 4126
163
2968 4071
4112
4125
4125
2966
4128
2946 2965
4126
2243 3012 3026 4274 3118 3012 3054 2252 3014
1538
4074
2968
4112
4126
3889 263 6971 1685 5846
4128
163 1538
163
649 2631 5796 5531 4216
4125
1531 6067
2946
4125 2911
6179 4136 5531 4112
4126
4533 6723
4115
2968
2440 4433 5929
2475 2505
4126
4127 2968 4130 4135
4125
4274
4112
2946 285 4112
163
3668
4126
204 204
4125 4125
4131 4099 4074 4131
2968
4112
4126
4112
163
4126
4112
2369 2946 2369
4112
4126
2510 2458
4112
6176 4125
6447 2946 4112
2968 163 163
4126
3374 2369 5532
2968
2968
2946 4126
4125 4099
2968 4112 4112
163
4112
2851 2210 2249 3877 6365 2363
3509 1931 5754
4125
2968
4126
2968
4126
2968
2902
2968
2968
4112 2946
2968
2483 2458 1862 2583 6251 2139 2458 6723 2947
3060
7
163
4074
4126
2363
4126
1
4127
4074 3647 3649 1273 383 394 1294
1947
1547 2778 3037 5607 4898 1715 4216 1986
163 4149 163 163 163
2968 4125
1538
4112 4112
4103
4136
2947
1848 699 1738 2968 650
4074
4750
2946
4112
4126
163 1738 1574 1587 1576
4125 6179
3509
5611
2698 4125 4130 4135
6263
4125 2968
6320 2968
1538
4074
4127
4074 1538
2181
4112
4112 4112
4126
4126 4112
2946
3625 1917
4112
2946
2968
2956
163
4112 1858 2287 540 6385 2825 540 1858 540 1858 1858 1858 1772 3195 2139 1858 1858 1858 1858 1531 5037
4125
4112
4126
5859
607 610 682 720 5929 2326 630 610 709
4112
2968
2968
2947
2968
4112 2968
2968 4126
4136
285
163 163
3386
6969 5826 6408
4125 4112
4112
1967
1394 870 1394 890
4125
4125 6176
2946
3338 5325 5749 3338 5747 3334
4112
2968
4112 6457 4126 4112
4074
2914 2946
4126 2946
4099
4126
4125
2968 4112 2946
2946
559 1868 608
4125
4112
2908 2898 2631 6365
1855 3275 1855 3877
2946 4126
4125
2275 3510 6493 2946
4126 4125
4127 4112
4112
2968
2968
2362 4112
2946
2968
5747 3259 3541 263
674 610 720 1855 1615 686
163
2039
4074 5826 163 2319 2209 1685
2946
2363 2249 3273 3932 2363 3296
4136
4131
6553 2946
4126 6535
4136
4101
1862 1862 1862
4125 2968
2968
4061
1846
2968
4074
2946 6184
4112
2944 2956 5723 4126
1737 1669 263
5617
6266 6706 4125
2968
163
1538
4125
4797
4067
1738 693 1622
4126
4
4135
4126
4126 6176
4126
4074
4074
2968
5629 2756 3719 5925
2775 5607 4304
4125
674 1858 608 479 500 700
5941
2968
4126
4125
4112
5810 6361 649 3921
4112
4126
163
2968
2968 6895
4126 6527
2956
4074
163
163 163
4125
5640 5929
4131
4136
2906
3324 6969 6971 3324 3324 6971 6969
1538
4126
4074
2968
2947 3832 2946
893 1134 1046
4104
1532
4074
167
2968 5665 2644 4796
4112
163
4136 2946 6443
163
2946
2464 1759
4112
4126 6535
4136 4112
228
6723 602 600
1091 970 1391 1119 1394 264 263 2826 3270 970 1119 264 1089 431 1388 3269 2284 2263 263 1119 970 264 1388 1046 431 263 2284 3269 264 1119 431 1046 1391 1009
4112
4074
4074
2024 263 3800
4126
2369 3801
6525 4126
3881 3882 6969 2855 4216 3893
1615 3639 3267
4126
343 2224
4125 4126
4125
2956
4126
1234 3307 2756 2797 500 649 1738 1868 600
838 693 1672 263 1622
2946
431
264 1126 891 1479 1077
2946
2968 4126 6179
4112
2968
2946 4074
4130 4132 2946 4132 4130 4130 4132 4132 4130 4131
5846 2440 3195 263 1547 263 3437 5846 5840 890 1155 264 890 1155 264 263 2834 3338 630 1858 453
4136
4112
4125
2946
4125
2946
5994 1533
6850 2797 2797 1776
3510 6969 1862 1669 721 2249 4074 2631 5765 6604 1547 2369 6971 2631 1531 2249 3510 6972
1884 1876 1870 1615 394
2968 1915
2966 2965
4189
3373 3179 2426 3287
4074 2946
4136
163
2968
5980 4027 3408 3275
2946 6487 2946 6487
3461 391
2968 1738
1547 2641 5941
4125
2956 4112
2968 3801 6969 2797
4112
1858 701 1853 263 1164 630 721 264 682 682 264 1858 1164 607 453 721 720 682 607
1846
1538
3622 3253 3509
2968
4125
1533 2587
4136
4125
4126 4125
4132
1738
5951 1622 3420
4426 3309 263 4443 4426 263 3623 1871 263 1672 1875 452 1164 6320 263 3261 263 1547 5925
4125
2655 6989
2968 4126
4099
1538 5977 1705 2368 5634 3259
263 3261 2797 5925 5829 5925 263 5629 3261 5925 263 5925 263 4631 4401 4401 5629 263 4443 2884 5925 263 3915 2363 263 4444 5844 263 1821 5852
263 2440 3637 3165 1738 721 263 2362 6308 3906 2632 263
3203 5772 4387
163 163
3887 2797 3268 5827 4304 1760 6012 5829 1547 2366 4663
4126
4126
2968 2946
163
3297 6855 3509 5631 5929
163
4074
2968
4131
2968 4125 2946
344
4126 2968 6057
4074 4112
4112
2139 1821 5514
2368 4112
2912
4074
4126
163
1919 2098 4112
4125 4125 2946
3380 2806
3514
3409 2241 3510 6668
4112
4126 4130 4131
2946
2968
4129
4125
163
4099
2946
1947
2968
2968
1593 1596 1600 1602 1598
4125 6533
2968
2946
4104
3261 263 5925 5925 6398 3637 263 5925 263 5740 1986 6295 263 5640 6293 263 5624 2214
6012
2139 6261
2968 4112
1796 4126 2249 4440 2363 6336
4125
3878
608
163 163
4074
2968
6974 2363
4125
6723 5845
2947 2948
2968
1697 4112
2946 4126 6454
2910 4126
2396 2440 263 1547 2396 2440 263 2624 1726 6377 6355 263
263 3261 4525 2458 6398 263 2820 3195 2623 263 3009 263 6398 1547
2338 2362
452 693 1862 600 601 701 720 1359 394 1264 1308 373 394 1262 373 1323 1358
4130
6242
263 4440 5622 2773 263 3876 5940 4440 263 5913 5925 263 4439 2853 6320
1 4074
2920
4074 4128
2769 6912
2968
163
2946 1538
4112
6015 4112
130 137 122
883
4024
1547 3765 3721 3804 3729 3803 3845 3137 3882 2446 3137
2946
4112
5995 1531
2968
4112
163 1538 602 163 1538 163 1538 1538
4136 6459
4828 4681 562
507 682 620
4468 6755 4456
252
4126
2968
4126
163 163
163
6178 4125
163
4099
1378 1394
4125
2968
4125
4125
163
2968
163
4125
163
2947 2968
4127
2968
4074
4087 2930 2946 2919 5729
4125
1608
1797 4218 2936 3443 3829 2924 4638 4126 2920 2922 2919
5938 3309
2968
6387
4112 4112
163 163
4136
163 163
4136
3978
6703
4074
4126
1277 3510
6792
4136
4126
2946
3267 2764
4112
4112
4112
2911
4137
2974
4127
1680
1538 1538 1538 1622 1715 1538
163 163
163
891 264 1155 1135 1076 264 1121
163
4126
4074
5476
4125
2968
4137 167
4128
163
4126
4127 6554
1825 389 1825 389
6511 4125
344
163
163 163
3882 263 2024
4125
2968
6458 4126
4126
163 163 163 163
4126
163
2946 6550
2968
2968
4125 2968 5723
2968
4126
4125 4126
4125 6178
2583 5329 3922 3875 2369 890 2368 3420 431
2946 2968
4125 4112
4125
2946
4126
6320 1728 263 2645 6320 263 3876 2776 1837 263 5624
6885
2134
167
2968 4112 6069 4126
1707 5530 5918
2182
2968
4103
4126 4125
4112
2968
2968
3275
3273 2440 2645 263 263 3518 5373 2665 264 431 5941 4212 3518 263 1547 1738 1164 610 1868 3923 3268 263 3518 263 2440 1400 891 3923 2624 3195 263 431 891 5941 2862 263 3941 3923 6971 2445 3942 2398 2396 263 2440 1862 1858 620 2449 2723 2401 5941
4125
1533 1731 4638
163 1538 163 1538 1538
2946 4136 6458
4125
2968
674 1855 720
163 163 163 1538 163 1538 163 1538 6247 5952 163 1538 163 1538 163 1538 3380 3380
2968 4112
4125 4125 4125
2968
163 1538
4074 4074
4126
2968
4125
4125 163
163 1538
2968
4126
4112
5952 5746 5324 3932
67
4125
4125 6656 4125 6656
163
1538 5606 1538 163 1538 1538 163 1538 1538
4695
4125 4112
2333 3559 3558
163 163
610 264 1164 693 1868 677 561 608 721 264
4127
5823
2968
4126
4074 2946
4129
6969
4135 4130 4130 5920 2265 4135 4130 4135 4130 4135 4130
4129
1077 891 264 1131 431 1077 431 891 264 998 1135
5827 6969 30
4112
691 1615 1738 600
163 1538 1538 1538 163 1538
4126
163
4191
1797 1797 2968
4126
3509 1703 5530 6013
4126
4112
1538
2968
4125
2946
4126
2946
2952
4126
2182
4051 2948
3898 163
6313
6012
4125
4125 4112
4074
163 163
1538 1538 1538 1622 1538 163 1538
4127
163 1538 163 1538
163 163
4125
4128
4136
163
6969
163
1381 1149 1378
163 163
1538 1538 1538 163 1538 1538 1538
1538 1538 1538 1538 1538 1538 1538 1538 1538 1538 1538 1538
3322 3139 1756
389 1825 387 1722 1722 387 387 1722
4125
4126 6535
163
2319 5975
4126
4129
163
4074 2946
3581 6723
163
4074
4125
4074 6971
285
4132
6499 4125
64
2466 6973 5530 2947 6971 2754 1716 2465
163
2927 2 4067 221
163
1533
4462
4126
2956
163 163
4127
163 163
1538
4136 4136 4136
3324
10
6971 6976
163
2947
163
2914
4129
1668
163
4098
2987 1538
4291
4127
