4112
4112 4112
4074
1846 4104
4112
103
4125
4112
4112
4125
4112
4125
163 163
4112
5531 2865 2755 2410 1698 2459
2946
2946 1532
4136
4101
4125
4112 4112
2944 4074
163 163 163
4112
2968
4074
4127
4136
163 163 163 163 163
4125
4126
3321 3374 3323
4126
163 5925 600
163
4126 4112
5051 6012 2650 2213
5452
2946
2947
4126 608 681 502 608 5829 682 709
604 5844 5640 611 2363 532 611 2363 5640 709 611 2363 604 5640 688
4126
6459 4136
4112
1873 1757 1703 1757
4074 163
682 608 502
4136
4112 4112
4112
4126
4125
163 163
5865
2946 2946
4126
4126
4125
4112
4112
4129
3899 2363 3875 3892 6402 3962 5840 4112 3275
2946
163 163 163
4125
4112
2968
4074
1813 6330
4126 2968
4126
4136
4126
64
1855 675 1858 720 676 1858 1855 2968
431 1196 413 707 493 1222 2946
4112 4112
4125
4136
1777 4112 1871 6289 2650 502
163
2992 1790
4125 4099
4074
61 61
4136
2946
1846 1846 4112
285
4126
4126 4126 4126 4126 4126
4126
4112
4127
4126
203
163 163
4126
4125 4112
2946 3494 4126
4125
2947
4129
163
163
2956
4074
57 57
4128
2946 4126
4126
2528
4129 6447
20 2461
4112 2968
2229 2806 2366 3875
2946
4126
163 5925 4216 163 163
2947
4126
4125
2899 2899 4129
4125
2968
2232 6855 3509 2826 3275
4112
4103
4126
4115 4127
2873 1862 3649 2802 1862 4112 1862 1862 4125 6006
4126
4125
4126
4125
2951 4112
4127
4125
2946 3875
2368 4420
4074
5155
962 1120 1062 3877 5632 6752 2362
4112
4112 2968
4126
4112
4125 2946
1813 2947
2369 2367 6242 3307 2723 3320 6947 6990
4112 4126
204 57
4112
4112
1944
4126 2461 2906 3829 2945 1712 2461 4125
4112
4112
5632 6179 1801
3875 4433 5844 5763 4304
4125
4112
4136
4112 4112
5629
4128
4126
4112
4126
4125
4126
4104
4125 4125
2956 4127
57
4125
4126
4074 4112
2947
2946
2362
4125
4112
2368
4136 4126
5521 5522
6251
600
2440 2863 3959 2362
4112
172
4125 6178
4126
2646 2375 3404 5640 5640 1547 1862 721 3404 2369 1186 1170 1220
3269 6971 4112 4112 4112 4126
4112
163 163
2368 4112 2368
4126
4125
1532 390 1826
4131 4099 4112
2968
1533 3875 3306 6014
1118 5672 1042 1388
2587
4126
4126
4112
4126
4074 4112
4126
204
4112
4112
4136
4112 4112
2906
2506 5490
2944 4131
4112
4126
6346 1707 3878 5929
4125
5625
5941 6182 5632
4126
163 4074
2797 3271
2946
4289 5747 1533
2947
1862
4112
4125
4112
4125
4112
2946 4125
4125 4112
6485 4126
4131
2968
5633 5304
1821 2538 2480
4126
4112 4112 2968
4274 6538 4126
1615 602 688
1617 5772 6970 5607 6336 1760 2778
674 2368 1885 1853
4126
2947 4758 2306 2644
6921 5752
4125 4125
4126
4127
3165 2275 5531 3510 5796 2224 5840 5917 5929 2275 5840 3886 2862 2440 5796 3510 5172 2862 5840 5929 4306 5796
3276 5607 2229
2368 2249 3334 3876
1531
4125 4112
6722
4074
2764 3321
2956
163
1547 5752 2853 3268 2797 4217
2946 4126
6894
163 163 163
4126
4112
163
4112 4112
4112
4074 4112
1671 1670
4074
163 163
4112
6447 4129
4125
4128 4112
4112
4112
2134
4125 4112
1361 1738 394 1262 1308 373 2968
4132 4112 4112
4137
4125
4112
4125
5978 3539 3509 5329
2912 2911 2946
4125
5633 2286 2465
2946
4127
2968
4136 4136
228
4129
2968
163 163
285
4112
419 1670 4112 418
4127
4126
4112
3869
4112
4125
4130
2374 3744 1777
4112
3900 3894 2368 2756
4125 4125
4128
4126
4131
4125
4126
4074 4136 4074 2946
1861
3910 3899 2853
5625
1622 693 1738 605
4126 4112
2374 2968
4127
4126
1532
5180 4344
4126
4126
4274
4104
6183 4125
2968
4126
4112
2134
4126
2835 4032 2851
4112
4112
4126
4126
40
4126 4125
4126 4112
1533 5622
3008 2644 1622 4664 1669 4112
2946
4112
3881
4112 4112 4112 4126 6486 4136
163
2369
4126 4125
61
4126
1533 2440 3881
2951
2968
4125
5530 6723 2225
4126
4136
4125
4125
4125
4074
2851 3376
4797
2369
2970
789 805 2853
4126
163
2946 4129
2946 4112
4126
4126
5629
4112 4664
4125
2826 1531
699 610 502 608 1615
1967
4125
2906 4126
4112
4112
4125
4112
163
4125
4126
4132
2944 4129
2946
163
4131
4416 4928 3510
4125
2906 2146
3297
1824 1824 6936 1824 1824
2968
4126
2968
228
4112
4112
4217 2777
2956 4074
431 1248
3022 3374
1741 3334 5496 602 5845
4112
2946
4126
2968
4125
5640
4125
2946
4125
1699
4112
4126
4125
4112 4074 4136
4104
2947
4112
4112
408
2756 4219 2855 3309
4126
4488
4112
4074
4126 4126
4125
4136
4125
4125
4136
4126
4127
4126
4112
4103
4112
2970
4126
2777 1855 3890 5610 3757 3740 2777 4663 5610
4112
170 168
4132
163
163
4126
4125
4132
4112 4112
4125
4126
4112
4112
2946 4103
1807 5625 5441
4125
282
4112
4126 3810 2912 2953 4126 6454 4126 6454 4126 4126
5630
4126 4104
2899 4103
3268
4126
2946
4112
6318 1533
4112
3651 5752 3334
4074
1629 1633 1645 1234 1641
4126
4074 2946
4112
4126 6179
4112
3668 4112
4126
6972 1858 6977 1858 6972 6977 1858 6972 6977
2899
3334 502 5339
4 4119 4112
4126
4112
4136
4098 4125
2281 3334 2369 1547 2832
2946 4632 4136
4128
1280 524 500 1604 4112 4112 1295 6926 1258 1280
1474 1042
4125 4112
4112
4126
4112
5640 2589 5622
5372 6734 3275
2968
4136 541 699 607 611 3338
707 1224 413 434 665
3726 2777 5373 1547 3755 4439 3727
1532
4103
163
4126 4112 4126
2968
2956
4112
4074 4074 4112
4126
163 163 163
4125
57
4126
4125
4112
4074
4126
1855 688 5632 3922 6004 720 5752
4112
4112
4126
4112
20
4303 2754 2229 4759
1745 4799 4795 1751 2368
4125
4112
1162 1046 1043
1855 4218 5752 6010 500 684 5630 6004 4304 690 3405 5763 5630 608 534
4126
4125
2807
4128
4126
163 295 335
2946
4126
4112
1750
163 163 163 163 163
4125
4125
4137
167
2755 5929 604 1533
2968
2968
1825 4280 389 890 431 4280 2946
186 8 3 5
2968 4112
4074
803 2628 2769 2797 839
2827 3747
2968
4112 6038 4112 6038 4112 6038 4112
1813 1813 6374 1796 4112
163 163 163 163 163
4136 4112
4112 4112
4125
163
4125
6445 4136
6970 6409
2912 2911
4070
4125
4126
4131 4132
5773 3906 4663 3886 1776 2440 5746
163
4126
4126 4125
4126 2946 6534
163 163
4126
4126
2946
4125
4126
2583 2644 3924 3338
2369 3309
4126
1704 5610 5839 5468 6399 6988 6850 5531 6014
4074
2968
4074
4126
4126
4125
4112
4125
4126
4126
4126
1738 3509 721 1622 1737
4878 4878
228 2968
2366 2296
4129
3405
4112
4126
5839 602 709 676 1615 5839 686 602 709 682 2368 1853 5839
5532 2286 1547 4312 6318 5626
4126
1037 431
4112 4112 4112
1723 5643 388 3509 2832 3461 6315 391 5622 3877 2769 3461 391
2949
2797 5827 2368
4104
4073
193
4112
2956
2971
4125 4125 4125
2583 630
4125
4112
4112
4099 4099 4099 4099 163 4099
163
4132
4112
4125 4112 4099
431 1046 1391 1119
4112
1801 263 4837 2797
2675
805 431 806 824 773
4125
2968
4130 4131
4274 6484 4136
4126
4074
4126
4112
4136
4126
2971
4074
4126
4126
1846
4112
2946 861 864 4112 1699
2968 4112
4136
4112 4112 4112 5628 3509 4112
4128
4129
4125
4129
4126
4127
4112
2946
4126
4112
4112
2968
4125
1862 6396 2363 1862 2807 2362
2899 2898
4074 3877 2769 5335
4125
6458 4126 6257 2947
4104
4126 1531 1531
2956
2968 4112 4112 4112
2947 4076
1040 1120 1479 1119 1065 1391
4646 6969 6986 1827 392 4647 3463 5683 3976 1547 3889 4646 2806 4664 5975 2410
2946
2946
2956
4112
3463 392
4112
4112
2249
2946
3344
2946
4126 4126
3890 3404 2024 2754 3509
4125
2946
4126
4129
163
1531
4112
6796
3517 4112 2856 4274
4112
4112
2968
4125
6242 6236
4112 4125 2946
4137
4125
2645 2362 6398 2203
4112
4125
1760 5771 5607
4112
2245 1547 3642 5607 3884 5607 2229 1743 3881 3642 1547 1743 2245 3882 3642 2797 1547
3668
4126
163
4126
4126
4112 1759 1759 1759
6236 2368
4126
4126 4112
1533 4137
4126 4112
2946 4085
2440 2827 4554 2779 2865 3477 5847
4125
6063 4127
3510 1740
163 2968 1622 2911
1853 699 720
6181 4126
2946 4112
3517 3625 1916 5450 1915 3517 5925
4130
4125
4125
4137 6500 4112
4112
170
4112
4112
4112
4112
4126
2968
6346 2502 2831 5431
4125
4125
1128 1391 1042 1063 1064 1120 1111 952 962
4112
4112 4112
4112
4125
4131 4074
3379
4129
163
163 163 5633 5629 163
4125 6490
5806
4112
4125
4130 4131 4131
4125
6178 4126
4126
4126
4074
2968 4125
4112 4126 4112
163
6734 5015
1699
4074
2945
2362
3932
4127
6705 6855 6372 5607 3320
4112
4112
277 6824
4112
5607 688 507 608 721 721 507 611 682 2368 2368 507 682 608
4112
3419
1968
6972 3759 3876 5610 3340 1547 3338
4112
4125
4074 5633 6193 1821 163 2925 1821 2910 163 163 163
4126
2906
2946
4112
3638 3545 5633 3882
4126
4112 4112
163
4125
4126
709 691 608
4125
4126
4127
2968
4125
2134
4112
4126
4112 4112
4126 4112
4126
4125
2968
4126 4112 4126
2968
4112
4136 4112
4112
1743 1685 5839 5582
6969 5496 3307 2755 4112
4126
4126
4126
228 228
4125
862 2970 4128
4125
335 295
4112
4126
4126 4112
4136 4112
4127
4112 4136
5632
4112
6534 4126
6258
4126
4098 2956
4112
4128
2947
3379
4129 824 828 774 801
2968
1382 5282 5826 2540 3694 2578 2851 5281 3692 1548
4112
4126
1826
163
1738
1743 5327
2906 2146
4112
4112
4129 5521
26
163
1
4125 6181 4099
2946 4125 6178
4112
2858
4129
2949
163 2946
4125
1399 1397 1394 890 6336 6318 2369
4303 2853 5287 4422 2762
4125
4127
4125
2946 6885 2139
4112
4112
3912 5326 3269 3298 5204 2775 2230 1547 3877 2369
4099
6447 4126 2362
1937
4112
4112
163
6536 4632 4126
2946
2968
4112
1785 1703
2414 2414 2414
4126
163 163
1796
4112
4100
4112 4112 2947 4112
4074
4125 4126
1715
4422 2755 3323 1546 3320
5633
4125
3882 1698 6670 4425 2368 5765
4126 2956 4112
4104 4104
2946
4112
2633 2756 3882 5471
163
5624 2369 3322 3693 4112
1945
4126
4126
24 24 24 24
460 1672 688
4126 4131
4131
1532
4126 4112
62
4127
1836 4126
163
4125
6041 4112
4126
4112
5450
4112
1720 1547 3437 3509 6969 6670
4125
4126
4132
1997
4126 4132 4112
2956
3882 4425 5971 1547 2363 5339
2968
6179 4125
4074
4126
4126
4127
3510 2857 163
2968
4126
4125 4130
163 1615 5925 1855 384 1688 163
1042 5606
4112
4127
4112
2479 2471 1526 2492 2494
2947
4127
4112
4125 163
1829 2540 2431
4112
4112
6182 4125
4125
2797 6662 2631 5630 1704 3882 2773 6365 6004
4074
4104 1846
4125 6179
4125
163
344
4112
163 163
163
2946
3334 3878 503 608
1785
2911 1234
4104
1737 1871 1737 1737 2368
4126
2946 2947 2368 3276 2229 4112
2968
163
4126
1738 602
163
4126
1295 1307 373 1363 1352 1304 1738 1860 1262 394
6318 602
163
4125
4129
163
612
4112
4131
4130 4103
4115 4115 4115
2968
6969
4125
4074
4126
163 163
4074
4125
4126
2947
163 5105 296
2906
6936 6261
6723
4120 4120
6448 4126 4112
2900 2968
1707 6320 4112 2211
4112
4126 2945
1622 2497 2285 5630 2755 611 5827 6069 2286 5826 6723
2970 2911 6895
4074
5977
163 163 163 163
4126
4126 4126
534 1615
4112
4126 3602
4112
4126
4126
4126
3878 5842 6723 2754 3878 2754 2631 5842 2333 6946 5338
4112 4112
4112
2946 2947 4065
4125
4127
163
4112
4126
3328 3273
4112
4112
4112
3477 4218 4663 3391 2727 1813 2631 4438 2466 3309 3910
4638
4304 3509 4663
163
1047 1120
2968
4125
4126 1699
4112 4125 4112
2968
6458 4125
1705
1997
4125
4125 6178
2946
4126
4386 3509
4125
2945 4125 6178
1259 394 1622
4112
163 163
2362 1777 1708 2946 5631 2856
4112
1703 5623
2968
2966 2911 5829 2578
4112
2949
5625 6013 5468 1707
717 1399 1378 2946
3298 3269 3268 3307 6346
4126
511 1862 1166 667
4112
163
4126
2415
2944
2946
4112
2968
5994 1531
4126
4136
163 163 163 163 163 163 163
4126 2944
1791 2362 2853
4112
3323 3276
4112
4769
4074
2946 4112 4112
2946
4112
4126 4112 4112 4112
6013 4073
5941 3264
4112
4125 2949 4074
3762 6990 6014 2600 1547 3881 2241 4112 3881 4758 1547 5336 5842 2466 2369
6486 4125
163
3509 798
4129
4125
4125
4126
4125 4112 4112
4112
5826 5808 6346 3877 4217
4127
2968
4127 2951
4128
4126
3438 3437 3651
4457
4126
4126
1915
4112
2968
1944
4125
4126
3832 6855 5929 2754 6855 3509 6723 6855 5929 2541 2968
891 1399 890 1248 1797 5622
2934
163
4125
2946 4137
4132
1716 1732 1724
2947
4126 2970 4112
6976 1707
4112
1699
4125
4112 4125
3743 3752 1703
3517
4136
4136
674 720 1855 6346
4112
4129
1532 390 1826
4126 4112
4112 4112 4112
4112 2947
2968
163 163 163
2968
4125 6004
4125
4126 4112 2946
4128
4127
4126
163 163 1531 6069
1997
2968
3085
163
824 781 791 4112
6239 6970
4112 4104
4127
4136
1
3265 5752 2440 2624 6346 2946 5607 3664 6990 3666 6961 5607 6990 2910 6961 3265 3141 3147 6343 4663 2317 5752 2970
6178 4126
1885 1685 5848 2317
389 2631 1825 1871 1622 163 163 163
2947
2369
2362 2807
163
163 163 163
1547 5607 2321 3298 2762
4125
4112
2956
4126 4125
5796 3195 3547 4439 263 1547 6850 263 2833 1547 3518
4125
4125 2946
3877 1547 3899 1547 3133 3898 3509 3898 3133
4112
4125
534 610 699
4125
6011 4126
5324 6990 6722 2826 4306 1162 886 1065 610 6356 2857 4663 5324 5765
163
1
4112
4126
4126
2946
4112
4112 4112
5111
2946
4126
500 611 686
6466 4126
4125
2909
2946
4129
6340 6340
2968 7056
4112 2899 2909 4638 2906
2968
6012 6012 6012 4136 4112
4112
4126
4125
2956 4112 2947
1533 4112
4125
2946 4112 4112 4112 4112 4112
4074
4112
5925 4125 2921 5625
2947
4125
2968
4126 6179 2946
4112 2968
4125 4125
4451 2949
4125
4112
4104
6266
4136 6547 6547 4126
6178 4126
4125
4126
2912 4112
2906
4112
163
4126 5995
4136 4067
2970
1816 5522 2855 2585 1813 4112
4125 4112
163 163
4126
1685 3517 1685 3517 1927 6243 6251 2681 2296 4112
4099
3833 5560
163 163
2946
4125 2968
4125
4125
3758 6851 3921 5977 3758 3921 6314 3326 3517 3874 3940 3961 3334 6315
4125
4136
2968
4131
2968 4112 4132
4125
4125
408 4
2968
4112
891 1378 1394
4126
4126
4112
4074
4112 4112 4112 4112 1399 891
6554 4125
4099
4127
4126
4126
2946 4127
4112
4112
4125 6185
163 163
2968
2944
4112
163 3048 3320 1818 163 163 163 163
4112 4112 4112 2968
6511 4125 4125 6511 6509 4125
4137
4112
6180 4126 4112
55
3940 263 1777 2644
2968 4112
4112
4126 2134
2968
4126 2909 3819 4136 4632 2903
2134 4136 6050
4125 4112
1695
3497
163 163 163
2906 163
4127
3334
2947 4112
4127
686 611 524
3379
4074
4125
4127
5
4126
2376 5746 2828 3269 3299
2968
6014 5941 4028 3306 3327 5941 5764 6014
3769 3727 2445 2827 1547 1785 3194
2183
4101
4136
5806 2968
4126
3269 263
228
4126
4137
4136
4126
1547 3976 2296 6454 4126 2946 2602 4126 4112 4126 6447
163
4125
4125 2945
4631 5628 2640
4125
4125
4132 4132
4103
4389 4387 4388 5929 5929 4389 4386 2767 4380 3086 5544
4125
163
4125 4112 2911 3668
4112
2956 4126 6500 4074
4129
4126
4132
4104
61
4112
4099
4129
167
4126
4126
3725 2229 6946 1759
4132
4125
2362 6369 5629
2906 2146
6184 4126
4125
4136 4136
2968
4112
6355 6014 2643 6346
4074
4125
2363 6722 1547 3518 3266 3960 3374 3347 2283 3964 3165
4132
4125
4125 6182
4125
163 3882 1718 3881 3877 5610 3510 5792 3270 6349 3306
4125
4112
4112
4126
163 163 6069 5630
4125
2946
1532 6065
2968
6178 4126
172
167
4125 4112 2203 2317
4125
4125 4125
3900 5297 5795 3268
2956
163 163
4112
4126 4112 4112
2922 6706 2876
2968
4112
4074
2946
263 2825 1835 6722
6486 4125
2946
1622 721
2947
4112 2968
2947
3837 4129
285 1785
4112
4126
4127
4125
4112
2968 4112 4126
4125
4125 2922 6458
2369 5829 3878
1394 891 4125 6509
5331 1862
4126 6184
4126
1531
4112 4126 2899 2944
1
4125
4074
4112
4125
4112
4136
2971
4126
3852 3852 3852 2968
4126
4074
4112
163 163
4112
2971 4125
4129
4125 4112
4126 4112
2946 4112
2640 6346 2949 6371 2946 2640 6346
163 163 163
4126
4125
2198
4125
5828 3899 5828 5828 2369
4136
163
4112 4132 4126 6447 4132
4112
163
2968
4112 6011 1532
4103
6179 4125
2946
4126
4112
4125
4126 4112
1784
4112
163
4125
2943 4125
5632 2834 6398 3391 2286 6467
4112
4125 6179
4112
10
6178 4125
4125
6178 4125
2925 2947
4130 4135
4125
2947
2911 2185 4112 2968
6970 6346 5531
4126 4112
4112
4125
5807 4537 1776 862
4074
611 5841 1669 2337 1871
4112 4112
4129
4112 4112 4112 4112
5630 5530
263 2631 6855 3878 5842
4131 4112
4125
1120 264 1047 431 716
2968 4125
4126
2146
2946
263 1751 2368 1698 1987 1547 1987 263 1698 1547 1751 2369
2584 263 2497
4125
2369 1733 1547 263 1547 2369 2797 2369 263
4125
4125
4126
1547 3881 3270 3875 2773 3309
3743 3649 6319
2944
2968
1394
1699 4126
4126
2954
4132
163 163
4101 20
4132 4132
3405 1669
4112
4112
263 3882 2245 2320
4125
1622 1862 1772
4126
1532
4125
4112
4112 2968 4126 4112
163 4074
2237 263
1862 2321 6241 5610 4126
2968
4112 4112 2956 4074
4126 4126
4112
2946
2947
2946
4126
1796 2954
4112
4126
4112 5752 2852
193 167 2968 4128
2968
4112 2968
4087 4074
4112
431 1162 870 698 709 607
1043 1111 1390
1520 1469 1477 1474
4126
264 1400 891
5805
1853 1858 263 1615 1868 1131 977 952 1047 264 1400 1135 1397 2337 6990 6986 1707 2214 263
4126
4125
1858 1853 667
2946
3922 3881 2275 1547 3923
4125 4112
4126 2949 2946
4126
4136
4112
6181 4136 4112
3878 2646 2665 3910 3275 3268 2853 2756
4101 4101 4101
4112
2797
3692 3886 3509 5632 1547 2343 4112
4112
4127
4128
4126
231 233 231
1
4112
6990 4731 6986
2224 5978 3266 5969 3265 2851 3264 5971
176
163
163
4125 4125 4125
4126
3609
431 1474 1119 1388 1467 4112
4493
57
5033 5022
4112
1820 3877 6346
4126 4131 4112
4126 4112
4126 4112
2325
309 302
4126 6181
5451
5800
4104
4663 3510
6538 4125
4132
4125
2146 2910 4135
4125
57
2968
2368
4126
4125
3940 1987 2363 263 5333 5763
2946 2966
6174 4125 2946
4126 4112
4112
1065 961 1120
2968
4076 2947
2459 2853 6690 263 6813
4112
4112 5628 1728 3408 2945
5633 2775 2797 5531
4112
163
163
4777
4112
601
2932 2959
890 1135 264 431 263 4263 3649 5827
4126 4125
1792 1795
4125
721 1855 699 1862 718
2956
3509 6850 1547 2851 5470 6341 2578
2944
2900
4126
2906 2146 2918
104 104
4112
4104
4112
4125
6178 4125
4125
4112
4125
4125
4126 5995
5792 5752 2230 3878 3900 4218 3340 2256 4898 2764
4125
5844 1718
4112
63
4112
4127
4112
4112
4126 6536 4128 6536
4112
4074
2944
2906 2899
2956
5929 6014 6014 5929
1716 1720 5627 5628
4125
263 4731 6343 3060
2284 263
4125
4112
4112
4125
2368
1533 6149
4126
2968
1523 1517 1474 1483 1471 1516 1478
163
4129
4112 4126 6181
4112
2374 2374
6850 5806
4112
5941 2825 1532
4112 1917
4099
1531
4125 4125
4125 6178
2946
4125 6182
163
6398 2826
2335 3279 2432
4129
4112
263 5742 5740
163
6525 4126
2968
385 1709
4112
2968
4112
4112
4126
4802 699 1868 1701 527 460 1848 4136 4112 688 1701 502 1701 460 1363 1311 1315
2900 2906
4126 4112
2578 6336 1738 2817
3379
6263
4074
2777 6722
4112 4112
4112
4112
1846
4126
4126 4126
4126 4112
4112
163
57 57
4132
3891 4434
2549
4125
2756 5631
2946
4125
4126
2321 5808
4112
4126 6525
4112 2538 4126
4125
4125 4125 4112
4125
1547 3963 3886 2363 3887 5640
3510 1685 263 4336 4335 5795
4125
1937
602 682 720
1532 6437
4125
163
4136
4099
1915
2970 4281
4126
4135
4136
1394 890 431
4112
2968
4126
4126
4126
163
163
6666 2538 5827 3392 5496 5627 2182 1813 2461 4112
4126
1915
1400 1379 1399
1846
4125
4112 4112 4112
1740 263 1622 1669 1738
2947 2947 2947
6320 263
263 6370 6396 263 4338
2434
4125
2709
4112
4126
4112
4112
2968
2527
1064 1390 1124
4112
4125
3274 3320
4125 2911 2947 4112
6372 6250 1668
4125 6183
1868 607 709 1853 1868 534 666 611 721 1737 684 607 1885 1737 1622 3921 3889 2756 2635 602 1853 3639 2249 4041 1622 446 1738 1737
4313 263 2968 4315 263
3265 3261 2329 2650 4112 1604 693 838
4112
4126
690 720 611
4126
163 163
4601 2363
4126 2968 3270
2968
2968
4074
4112
163 4074 163
4112
163 163
4132
1846
1699 4637 4125
4126
4486 2369 3914 2764 4332 4334 2906 5010
4137
4112 4112
4129
2947 2947
4804
5825 5825 4130
4112
4074
4126 4125
2946
4131
188
4126
4126
163 163 163
4126
163
2797
2911 2913 2912
4126 6454 4126
4125
4433 2461
1043 6902 1119 431 3510 1037 954
1915 1916 1915 1916
6717
163 1531 163
2918 2920
163
3267 3022 2833 5622 2968
4132
163 163 163
4112 4112
431 3509
3623 3049
4125 6183
2367 5330 4663 2723 3298
4112
6538 4125
5829 2203 2502
2634 3270 2797 263 4663 2797 263 2769
3881 3306
163
4125 6181
4112 2946 2946
6228 4125
2968
2911
4112
163 4074
5941 3278 2827 263 6990 1767 263 3539 6289 6986 6336 2851 1378 890 431 1124 2652 3309 2631 6990 263 6986 1547 5941 2827 163 6985 3278 2827 2214
3258 3201 5764 263
2528
4129
4126 6069
5528 5626 1248 5214 1378 431
2968
4125
4112 2968
4136
1742 1547 1862 1726 7295 7279 7188 1615 3260 1726 6723
4125
3421 6341
936 263 1121 1474 1708 2540 1751 263 2645
4136
5752 2368 4136 4632 1533 1807 2368 5752 6969 4632 6810 4632 2946 4814 4136 3814
4136 4112
2968
263 2633 3640 5640
6751 1531
4126
1915
5909 4112
5626 5640 263 263 5640 5619 2968
4127 6179
4112
4112
2948
4125
4129
408 2945
5629 3338 263
1757 3900
4125
5829 5929 600 3260 1547 5832 5829 5929 5832 5929 600
4125
4112
4099
1622 2441 1740
1776
4125
3885 7199 3889 3510 4303 349
4126
4125
6014 2631
4135
62 46 2 79
5634 6014
4125
4126
4115 4099 4115
693 1862 1669
2481
4128
2946
4112 4112
4137 6511 2946
61
4127
6891
4131
4126
4125
5929 610
4125
2922 2146
5336 5344 6231 3986
4125
163 163 163
4074
4126 4125
4125
431 1378
4126
2956
2677
4099 2946
4126
3510 3877 3274 3309
4433 5328
4126 4112
1065 878 1120
4126
4126
4136
2951
96 117 117 111 190 96
4439 263 2851 3340 3509 1988
4112
952 1047 431 1119
4126
6971
2363 2249 263 890 882 891 2249 4439 2363 2249 2363
4127
5802 2326 5945 3952 2759 5928
4125
3668 4081
4126
4112
2947
4126
2906 2146
4135
4098
1707
4125
4125
4112
4136
2944 4125
4126 4125
2578 1759 1785 263 2755
2746 1547 3737 3716 2214 3649 5344 3717 6392 1547 5929 5336 1547 3717 5840 3744 5624 2214 5840 269 3721 5624 5344 2249 3744 3924 5840
3882
2211 263 2207 1547 6370 2211 263 2207 5929 1547 263
4129
163
4126 1699 4074 1699
3900 3952 3307 3275 2764 2275 2634
163
6538 4129
1712
4131
2946
4126
4126
4663 5792
4137
6691
163 163 163
4112
2970
4125
1547 4533 263 1821 6971 2362 2631
6977 3643 3537 263
2946
2946
4126
163 163 163 163 163
263 2834 6342 2997 263 3623 1986 5610 263 3922 3622 263 3622 263 3623 263 3622 3622 263
6855
163 163
2565
1751
3899
1785 6004 2211 5629
4074
4126 4112 4632
4127
2873
2134
1531
6182 4126
1720 5829
4125
4112
4074
4112 4112 4112 4112 4112 4112 4112 4112 4112 4112 4112 4112 4112
4136
4136 2946
1927 4112
4126
4126
4112
4129
5536 6711
4126 4112 4136
4112
1532 4112 4112
4125
2911 2909
2898
3509
4112
2273 5522 3033 3015 2252
4125
4099
4112 1846
1846 4074 4074
6533 4125 5117 4125 6525 2203
4087
4112
6668 5573 4127 6063
4081
2910
4125
431 891 264 1378
4126
4112
163 163 4104
5522 2210
1693
2586 2764 3640 2362 3772 1547 5296 4336 5172
2899 2906
2946
4125
4128
6897
4087 2968
2633
2631 5584 263 2797
4112
4115
4125
203
4112
2930
6723 3509 3298 3510 3336 3297 2230
4130 4135 4127
4074
2947
4112 2367 2764 5845 1988 5847 5339 630 1987 6855 2645 2764 4218 6410 6855 4219 6985 3881
4112
4126
2465 4112 3814 2466 2542
4126
204 204 204
4125
1046 1391 1113
4131
4136 4112 6701
4074 1701 608
5622
4126
4126
4112
4129
163
4125
4125 4112
77
4126
6485 4126
4125 6533
4126
4074
6324 2600 263 2590 2587 264 2590 2585
2134
4112 5568
4274
3668
4125
4126 2134
163 163
163
4125 2947 4112
4112
4126
4129
4112 4112 4125 4099 4112
4112 4112
4112
163
2946 2956 6251 6711 6250
4136
4112
2800 1669
2855 6986 263
4125
2946
4112 4112
2946
4112
4125
1391 431 1531
4126
3623 263 263 3623 3414 3694 6359 263 3692 2759 4582 2565 2853 6014 263 2997 263 720 534 502 2777 263 2727 4582 6850 2834 2835 263 5842 2390 263 3438 5631 3623 263 6800 2600 5581 2298 263 2584 3559 4533 2300
1853
6399 6313
4125
6183 4126
5430 4308
4130 4131
2968
1532 5994
4112
4112 5829
2911 2908
4126 4130 4112
602
1699
1703 1707 1703
4112 4126
3886 3881 2369
298
188
4126 4126
4136
4074
4112
4112
2910
1669 1738
2899
4125
4074
1844 1745 2363
4112
4813
16
4112
4126
4126
4074
4125 4112
4112 2968
2134 5839 2146
3307 4219 3273
163
204 4112
163 163
3653 2773 2754 3900 5842 2631 4899 3878 3881 2441
2797 5845 3914 5925 6722 5845
2372 2373 5828 2808 2602 3881
4112 4112
2230 3653
5806
1738 504 686 602
4125 6179
4112
2807 3648 682 1855 610 607 2326 1813 4126 2326 6955 2807 5373 610 838 607
4112
4112
2461 6666
4136
4126 2956
2946
4650
4112
4125
396 5550
1855
3386
4112
3637 6969 6969 721 1622 1622 721
68
4112
2968
4112
4112
4125
1846 1846 4112 1846
720 674 612
4112
4126
4126 4126
4112
2946
4125
4125
4125
4074
2362 5640 2211
5749 5328
259
5941 6722
3380
2727
1680 1820 4536 277 1986 1983
1533
4112
4112
4112
4126
4125
4112
4125
4125
4126
1745
4126 4125
4112
4130
1751
4112 2146 2899 4112
4125
2363 6969
2366 3309
4125 4112 4664 1547 4908 3897 2363 5281 3894
4112
1760 4112 1718 1760
6313 1704
4112 4126 4126 4112
4112
4125
2769 4898 3877 3518 3340 3921 5344
4126
2946
2906 2899
163 163 838 1622 721 163
4112
2368 2321 431 1071 5941 5929 1062 2769 2776 6969 2214 3986 2776 4777 5468 6971 2362 6969 5281 1703
4112
5823
4126
4112 3278 3261 5764
4131
4126
3878 2628
4126
2946
2369
4087
4126
4125
2968
6346 4306 6014 3086 5324
2968
4126
6499 4125
263 1547 3878 2368 2775
4112
4632
431 264 1042 977 1124
3957 4931
2899 2146 2944
4112
4112
431 955 1479 1110 1046
3647 263 4631 2643 4631 263 2643 3650 3647 263 3423 2643 2643 6722 263 2249 3423 2643 3647 263 2643 2249 263 3650 263 2643 3647 6365 6365 3650 2643 5581 3647 2249 5925 263 2249 3647 5925 1547 3423 263 5925 3647 3650 2249 5925 4631 4439 263 3391 3391 3423 263 4423 3647 3391 4631 5925 5581 263 4631 4439 4631 5925 1153
4125 4125 2945 2945 2906 2146 2146 2899
5829 2287 6972 6655 2779 6972 5632 6652 2779 6972 5633 6972 6657 2321 5633
4126
5606 1853 163
4125
4112
4112
4137
2968
2946 6014
38
4126
2956
295
4136
263 6369 3682 3673
4112 4112 3829
4125
4125
4112
4112 233
4112
2779 5640 263 6013
4112
4125
4125
2363 2321
5752 5765 2754
4112
4112
263 4830 4319 263
4126 2968
4074
4125
4126
163
2858
2739 2742 2946 6895
4125
2968
2968 156
2970
2946
5624 5607
4112
2971
2946
5640
6538 4126 6533 4126
4112
4112
392 3463
4112
2968
2898 5703 2903
4125
5470 6972 6364 6364 6364 6971
4112
5610 4998 2779 2216
4125
4112
4125
2481
4125
1532
4074 4074
2913 2911
4125
2968
1751 3836 3485 6722 4112
4126 4112
2906 2898
1760 3307
4136
2946
163 163 163
4126 2691
4126 4112
4127
163
163
3307 2779
4126
2970
4112
3640
3877 3873 1615 5622 3275 3274
4074 4126 4112 4074
1119 1394 954 1041 1479 264 955 970 1043 1388 955 1394 1119 264
4126
431
2946
4125 4112
2590 2216 5839 5829 263 2224 263 2590 5829 2590 2832 6356 1547 263 263 2590 5841 6239 2249 263 6236 263 2590 6236 6238 2825 5841 6392 263 6241
228
4126
4074
1846
2683
4112
2781 2374
4125 4112
4126 6538
163
891
4136
163 163
4063
4126
4218 2857 5811
264 890 1131 1135 1043
4806
4112
5633 2833 4439 263
4126
3268 2925
4112
4112 4112
61
2968
4112
4128
4112
4074 4074 4274
1683
3267 3270 2797 3642 2755 3880
1757 1627 1623 1618 1619 5606 1633 1624
2960 2970 2922
2395 3765 263 263 3876 6855 5842 5607 3418 5377 3137 3194 3845 1547 5336 163 3137 3261 5336 263 2282 3261 2682 3338 1149 890 2284 2682 1547 2239 6691 2240 263 3338 2820 890 1156 264
4426 5742 2759 5969 263 5309
4112
4126
4126 4112
4129
4126 4126
1533
3878 2797 263
6014 3892 3906 1801 5468 4908 3273 1703 3320
1726 1622 2631 721 3510 1737 2249
4125
4112
2968
163 4112
4126 4112
6266 3668
4136
1885 610 688
6969 5929 5845 389 1825
4126
4112
4112
1738
2230 1547 3716 3744 2214 3648 4423 5344 1547 3744 3737 5826 2249 1547 3648 3717 1547 2249 4423 3924 3744 5344 1547
4128
5932
4125
4125
2946 2946
3320 2797
4074 4136 2180
3421 6969
4104
4135
1400 890
4112
2146 2910
4112
4127
5629 6178
5941 6990 1547 263 6990 1547 3201 263 1547 6990 5941 5941 1547 6990 6990 1547 2641
1777
4125 2945
3379
3487
3338 1547 6969 2261 3716 4523 3477
2368 5540 263
4125
4126
5827 6977 3266 1533 3740 2807 6971
1846
3649 3647 5827 6409 2832 3510 2797
2946
264 431
2645
2585
4126
1826 390 1043
4125 4115
3267
4126
263 6986 2497 5875 4439 5530 263 1547 2651 1547 263 4420 5925 263 2225 2224 2651 263 2333 4731 3539 263 3920 6990 6986 3920 263 3539 1547
263 5471 5845 2207 5471 263 2797 5740 5845 263 5326 6969 5326 263 2825 263 6852 1988 263 5326 2797 6969
2956
4074
2949
2968
163 1531 335
4125 717 1389 952 984
4136
4125
5941
2968
2971
263 2214 3420 1547 2997 263 4420 2764 6392 5632 2214 263 3021 263 6986 1547 5925 263 2651 2211 3889 263 3920 5629 263 5845 4420 6990 263 3539 6986 3920 2651 263 5925 6792 3623 263 2997 5925 263 2249 263 2214 2525 4731 2776 263
4126
2968
2869 3894 6922 2239 6855 2797 3692 2586 3877
4440 3374 6356 6356 263 3509 2826
163 163
163 163 163
4125
2947
4136
4132
1716 2970
1853 534 1738 676
3885 2368 3885 2645 1743
4126 2241 3509 3300
4127
2925 6394 1695 6969 2924 2146 2906 2899
163
4126
2906 2146
4126
4126
6971 2565
2946
1796
1533 4126
692 2778 611 1615
4274 4087
2363
4112 6534 4126 4126
2466 2631 3878
163
4130 5531 4112
2911 1162 431
163
4126
163
1394 1394 431
4074
1709 1533 6140 385
4128
1703 1785 263 5606 2797
1533
4125 6533
4126 6182
1532 6698
674 709 607
6969 5531
4104 4125
1617 6320 6668 263 263 6398 6668 6842 6346 4439 263 6392 5925 2442 3540 263
1862
1531 4125
6012 3898 2231 3881 3753 2367
4136
4126
2797 3463 5531 1825 5606 2634 6014 2461 5634
6500 4126
1622 5976 3882 5975 3509 1547 5976 2832
4125 3829 2146 2898 1728 2899
163
2134 4075 2949
1776 1707 5839 4914 4803
163
4125 4125
295 1529 335
4127
6293 2631
1531
1547 2832 2853 263 2833
5532 1382
163
4126
4074
2503 2224 2496 1801 163
2946 4074
5521 2635
699 460 472 503 632
4112
4126 4125
2946
4418 1547 263 2764 2835 263 4439 5925 263 5827 2764 4374 4439 263 263 2224 4439 1801
6538 4125
5928 3876 5925 1986 3912 4758 1986 5765 263 263 1986 2643 4425 5742 3637 2727 263 2214 5772 1547 5925 2643 263 2216 2633 1547 1986 4439 263 3009 6236 1986 263 3509 3540 2216 6668 2203 263 2755 6986
4126
4112
4126
1728 5928
2024 5840 2769
4125
2369
602
6279
2220 1703 263 5468 6972 263 6398 263 5468 6012 6398 6972 263 6398 263 6972
5625
163
163 163
4126
2947
4125
4101
4126
3647 4440 3640 2723 2446 2744 2337 1547 2723 1547 2446 3652 3716 2729 2446 263 3194
2946
4074
163
3809 1707 1743 4126
4125
4126
163 163 163
5845 1738
5925 3334 263 3338 3731 2369 263 3261 2781 6985 263
2946
1622 1738 3510
6823 3320 6855 3268
4126
163
163 163
4136
2911 2693 2695 4126
2140 324
4103
4063 4132
2946 4074
4125 5466 5625
4118
1531
6313 5801 5623 6971 5623 263 6971 263 6313
4129
263 4222 3267 263 3933 3307 5925
4126
4125
4254 5218 6374 6216 4529 4076 3494 4126 3494 4076
263 3720 263 3306 3933
4440 1705 263
2970
4127
2643 4214 163 163
3638 5634 4440 3881
4125
163
6668
4139
163
