4112 4104
4125
1855
600 6004 1531 2775 5619
3510 2872
4125 4112
2971
4099
4125
1531
3651 2820 3261 2262 3923
4125
2906 2899 6701
1680
163
2139
4074
2440 277 1757 5531 6947 277
2970
163
4112
4101
344
6666 2139 2899 4126
4128
4074 2321
2779 3752 5801 3271
163
4112
4104
6008 2946
163 163
4112
6374
5450 5450
4125
2946 3836
4125
315 3510
2369 3546 3537
163 1622
4112
2832
163
6162 2946 4126
667 5829 1885 6320 611
163 2947
2946 6178
4125
4112
163
2968
163 163
1671
2946
3869
4125
4112
6365 3294
4126
4112
4126
163 163 163 163 163
2899
4074
6484 2946
3851
1045
4074 2970
6380
6459 2947
4132 4132 4131
163 4061 163
344
188 188
5925 6722 4731 5610 5925 4136 5925
4074
851 772 826 800
4112
4125
4112
4125
721
163
4112
2971 6536
2946 4632 2967 4074
1846 4074
5117 4125
4126 4126
4125
4126
4125 2945
203
2968
163 163
4136
1531 5542 3912 2239 2369 1547 6851 6348 3952 5796 5335
2946 6185
6 26
4128
2851 2024 5339 608 2245
4112
4125
4125
163
4125
6336 2855 5763
57
2369
4112
4126
2946
1382 3275 5977 2853 3222
4112 2947
2956 3668 2528 2528 4112
4125
324
4125
4126
1069 1119 871 1389
1547 5607 3907 3268 3881
4112
163 163 1826 390 163
4280 385 1709
4126
2968
4126
2946 6487
2631 3873 3881 5844 3264
4125
3611
4386 4281 2538 4439 3265
4128
2946
4127 4115
1602 1597 1595 1862
4126 4125
4126
4126
2968 5623 4529 1668 5625
4125
1120 962 1046 971
4125
4126 4112
2946 6482
171
2946
204 57
4126
4125
4125
163
4125
2946
1944
2947 6394
4125
4125
4112
4112
4125
4125
4125
1699
1825
2970
4127
2156 2899 2155
2899 2924
4127
5844 5633
1208 431 1224 1186 1167 1186 2797 1208 1862 1167 2374
4112
4112
4112
2945
4112
4127
2631 2362 3894 3875
4112
4126
1
5468 282 1988 5929 2139 3881 2971 6722 1378 1109 1135 431 3881 431 1378 1109 1135
4126 2946 2946
4131
4125
4125 2968
163
4112 2946 5560 6482
2900 2146
5844 2369 2833
4125
4125
4125
4218 2440 3165 1249 507 1853 681 2946 6128
2968
4125
2827 3881 6341 2369 3877 3045
2946
4125
163
2946
4125
4126
4074
610 684 1858 1701
3258 3274
4136
2540 1686
4126
1615 602 688
4551
4126
6970 1777 5328 1617 5506 2022 5772 4437 5328 5505 6970 2778 1760
4126
720 691 608 500 610 1738 677 674 688 1615
3273 5941
721 1669 2369
2958 2906
4125 4112
4127
4218 6972 1547 4525 3438 1813 3882 3165 2682 5431 3436 2440 3266
6691 2944 6696 6907 6921
4125 4125
2968
4060
4112
2769 3165 2390 5929 5840 5172 2275 2958 2945
4125
2139
4112
4125 4099
721 6723 6236 1855 503 690 1738 1738 6723 1669 1531 5995
4074 4074
4136
2946
3509 6722
163
4126
2947 6447 2176
2369 6410 6340 1813 6250
4074
1670
2947 6458
2946
163
2947
4125
4131
4125
4125
4074
2952 1703
4081
4112
1929
1532 4303 6887 4306
2031 1862 534 632
4112
4125
4125
4112
4112
228
4125
163 163
2914
4125 4112
4112 4112 4112 4112
170 4126
4125
1533 5994
2968
4127
4125 4125 4125 4112
4125
2968
4988
204
4132 4132
163
4125
2436
4099 1738
4126
4126
1532
2968
4104 4112
1622 2583 1862 1622 1862 2583
4125
4126
2134 2134
2947
2968
3274 3273 6666 1791
2946
4112
4074
2971
4129
4126 2146 2906
4125
2900 4128 2899
2906
2321 2282 2806 3960 4264 3877 1680
4438 2644
2899 2146
2946 163
4112
1531 4806
2946 6064
2945
4112
890 1394 1120
4112
4126
4125
4125
4128 4112
4274 4112
4112 4112
2947
3900 3908 6236
4112
4112
4126
4125
4069 1691 3309 2368 3201
2317 6252
4112
4112
4127
4136
2946 2946
4112
4112 3073 3274 6361 6990 3275
1622 1864 1738
4131
4126 2946
2369 6012
4074 4074
4131
861
4126
4127
4125
4126 4098
2369 2245 3875 2459 2240 1986 4425 3882 1751 1547 4898 1779 2633 5826 6346 2231 2827 3275 2229 2375
4112 4112 4112
64
1824 6936 1824
4632
4125 4126
527 611 1848 688
4074
4129
2769 6723 3882
2946
4125
5632 5640 5324 5977 3886 1547 6013
4126
6295 4101 6013
4074
4125
2899 2924
4112 4119
4104
2946 5994
2968
2968
4125
6410 1704 2851 5845
4126
4125
4126
1622 1862 2181 1868 607 534 1672
4126
4112
3259 4663 1855 5610 2777 5282 3477 2764 3756 3892 5925
4126
3668
2946
4125
2946
2899
4112
4112
4112
4126
4112
4126
4112
4126
4125 4074
4125
2912 1533
4112
1846 1846 4112 4125
3877 3273 3275 5827 1532 3510
4126
431
6250 2457
4126
163 1531
165 171
6972 6977 6972 6977 6977
163 163 163
4125
2899 2913 2911 2912 6705
4126 4112
4136 2946 5694
392 3463
2971 2968
4125
1853
163
4132
2968
4112
4126
2899 2906
4551
163
4126 4112
2947 6503
6792 1531
204
5515 6333 4087 4129
4112 4112 4112
4104
4112
163
4126
2946 4136
2949
2368 2946
2971
4107
3611
163
2968
4136
5607 6313 3320
4125
840 845
57
4125
5560 2946
4125
4112
1855 1615 688
4126
4126
1547 3640 2366 3884 3334 2213
20
4759 4663 2239 5826
2586 3510
4125 4112
1
4125
4632 4103
4112
4126
4112
4112
4074 431 1378
4126
163
4128
163
2899 2910
163 163
1547 2362 3877 6734 1776 5330 2754
4112
2183 2947 6486 2183 4112
163 163
4127
4112
4103
4112
280
208
883 431
4074
4136
3
2968
2139
1669 721 1532 1871 1669
6894 5556
4112 2947
4125
163 163
4126
2947
2946
4125
4112
64 64
3976 3401
5531 431
4126
4131 4132 4126 4112
6710 4125 6711
163
4112
163 1668 2926 163
5584 5624 3927 1547 2769
2956
5941
4112 4112 4112 4112
4125
4087
2946 4085
2971
4074
4112 1533
2368 2775 2578 6723 4303 5633 2366 4303 2827
4112
2946
4112 4125
4112
3078
5844 3376
4112
2452
228 228 64 64 78 64
2968
4126
4125
2971
4126
2968
3598
3869 3509 801 824 1813 3517 781
61
1121 1388 1040 1120
4125
4112
4104 4104
4125 4125 4125
4028
2899 2946 6069
4136
4126
4099 4099 4099
4074
2968 4112 4112
1401 1408 1237 1241 1239
4125
2968
4125
4112
4130 4099
163
4126
2968
4129
4112 6666 5496
4126
2946
4074
5848 2368 3386
2899
1846
4112 4112 4112 859 1796 861 864
2362
4125
4126
4274
5941 1707
150
1532
2946
1394 1120 6569 1532 4112
2146 2906
4125
1862 2363 2807
4098
4126
1119 1043 1387
163
4125
4112
4112 4104
163
2946
6968 3463 5925 4126 5975 2806 5045 6986 1797 3463 392 3463 3640 6969 3201 392
4112
4125
4112
4422 5829 2946
163 7338
721
4112
4112
3877 5842 6012 4434 6855 2210
1531
4125
2769 5301 2362 3899
4112
4126 4126
2968 4112 4127
4125
4104 4104
163
2593
2947 5108 2139 3520
2956
4074 4074
4112 4112 4112 4112
163
4112
4125
2968
2851 3509 3332 2806 5475
1297 394 1264 1363 2946
2968
4125
7
2946
3881 5625 3640 5607 1547 2229
1466 1480 1523 1515 1474
2946
4126 233
5701 4274
2756 2203 2586 5925 3546 5614 2797 2391
1759 1759 1759
3609
163 163
3668
4125 2968 4112 2946
4125
1738
4126
4112
4125
4112 6107 5632 2368 1532
5631 1785
4125
1772
2956
688 1855 524
2968 4112 4112 4112 4112
4126
4112 4112
6251 5450 3517 4112 3625 6258
2362 6349 5845 5607 4125
4112
171
4065
4126
2968
528 699 4112 611 688 666 528 2947
1043 957 1388
4125
4129
4125
4131 4112
1738 1669 1864 1622 4112 1533
4125
2369
163 163 163 163
5632 3298 5607
4126 4112
6744 2946 2946 6894
4112
2946
4112
4131 4130
285
4126
2146 2146
4112 4112
4125
4112
4125
4632
2946
1 1
4074
5839
4101
4125
4126
6757 277
4112
2968
2344 2368 5610 2320 2775
2949
3761 3876 3338 6082 1533
4125
4125
4126
163 163 163 163
4112
4112
4112
4136
4126
691 608 1885
2146 2946
4127
3877 2362
4125
2971
4112
6365 2851 604 1855 678 1615
2946 6562 6834 4433 4437
4274
4126
4136 2954 3814 4136
163
6971 2249 2769 1388 1069 1131
4125
4112
228
6895 5631 2946
1531
4128
2956
2946
4125
4126
4126
2946
4098
4126
285
2946 76
1533
4112
6257
163
204 4130
1734 1720
2367 3882 5764 3912
4112
163
4125 4099
2971
4529 3509 3509 3509
4112
2946 4064
1987 3292
4074
4070 2971
2956 2946
4112 1980 6263
4126
4125 4112
2031 2725 3306
4125
2946
4126
1738
4125
4126
4126
4112
4112
2414 2414
163 163
2853 6289
3668
1846
2139
4112 2968
1720
3
4112
4125
2947
2431 1686
6356 2781 1547 3298 4425 3921
4126
4101
4104
534 674 720 666 1825 1695 389
163
5532 2369 2956 5532 4797
4126 4112 4112
163 163
6013 2369 3880 5765 6013 3952
4074
24 24
4125
1278 1300 1882 1367 373 2368 2237 3327
163
4126
6011 2502 1531
4126
5929 2232 3651 3267 3924 6433 1531 5929 682 1604 600
4136
4126 4074
6258 1665 2947
4125 2968
4126
2971
4126
4112
5607 2220 632 6855
1703 3639 3269 3268 720 699 1853
4112
3898 3899 6972
4126 4112
4112
1980
207
4125
4129
6179 2971
4112 4112
4128
163 163
1785 4663 263 5875
163
2529 2518 2501 2514 2505 2469 2478 1526 2470
4
163
163 4125 4112
4125 4112 4112
4126
2947
4112
2511 2492 2509 2500
4126
2956
4112
4136 2899
4125
3307 607 1853 1868 524 4112
5631 1785 5625 1703 6969 1785 6969
2946
2971 2139
4103
163
4126 4112
4126 4112
163 163
2946
163
163
4112
4112
2946 6192
4129
4127 4099
2946 4112
4129
4112
1785 3753 1757 3952 5844
163 163 163
2906 2914
4112 2634
4125
2921 2898 3814 2922
2496 2899
4126
4126 2968 4112 4112
4120
4112
2971 6186 2946
3889 5530 2631
419
2945 4126
2971
163 163 163
3668
1988 4525 3275 4525 3880 1983
1738 1622
4112
228
4074
2899
5750 2362 5328 3880 6343 1547 2628
4074
4127
4136
2968 3827
2945
4125
4129 2946
4112 4112
2946 6066
4125
4112
4126
5945
3611 2910
6405 4663 3510 2275
4126
4125
4128
3
4125
4112
4125
4099
163
1
1531
2946 2970 1699 1699 4126 2946
4126
4126 2946
4777
4074
2946
2971
4126
4125
4129
4126
1262 394 2947 6486 1882 6940 394 2408
4087
81 29 39 32
163
4126
3509 2946 2827
2947 4112
4126
2968
1594 1602 5772 5792
4125
2947
163
2947
4112
4115
2911
961 1394
4127 4099
4112
6182 2971
4125
4125
4112 2970
163
3875
2362 2853
1988 3643 263 6392
4112
4112
4132
4087
2930 1531 2183
2946
1698
4112
4127
2183
4219 5372 2624 1547 5847
4126
3275 2946 5752 6486 3881 1704 4440 1547
4112
2183 6333
3509 798
4112 4112 4112
2968
1943
1750
5723 2191
4112
4112
4126
4112
4126
2946
1944
3987 6855
4125
4126
4126
2754 6855 6855 2754 3408 6855 4982 3510 2754 6855 6855 4139 5929 4982 2754
4125
4112 2934
163
2899 2906
1724 1724 5634 1716 2946
2946 4112 4274
4112
4126 2968
4126
1529 335 295
1707 2146 2906
4112 4112
4126
285
4126
2231 1547 6012 3265 3264 3639 2833 5246 2727 4218 2375 3715 2575 2067
1846
163 163 163
3275 3274 3273 3418
4074
163 163 163
2947
4125
5994 1531
2296 2946
1853 1885 674
4126
163
3085 4112
163
2906 2900
2956
4104 4104 4112 4112
5801 6969
5977
4112
4112 3141 2440 3067 3160 3147 5607 4022 6961 6960
4126 4125
4125 2968
163 163 163 163 163
2369
3264 1547 3334 3265
163 163
163
4126
3195 2130 263 1547 3165 1547 2130 4439 2321 4898
5702 3260 3898 5941 1685 2177 2911 4112 6365 1685 3509 4101 3273 2368 3275
4112
4125
2968
4104
2946
4112
2906 2899
2968
2645
5844 6722 5875 3336 6355
4112
352
57
4074 2968
2947
4125
4125
2764 2375 4304 2440 4218 2362
1785
3086 5302 5344 6410 6318
4125
4126
6069 2946
2968 2906 2146
5531 5607
4126 4074
1785
6340 2899
2797 1547 1704 6855 3884
2907 4638 4112 4126
4125 4112
6665 6012 6012
6336 1757 1743 2946
4112
1379 1399 431
4125
6486 2946
2968
4126
4125
5847 4599 1779 4663 4837 5267
4126
4126 2906
4112
4112
94
6855 1393 4663 2628
4104 4112
1738 1622 5687 5688 5995 2946
431
4136 4126
4125 6261 4125
4112
6952 4631 1379 3637 2899 2906 4052 1827 4797
2912 4136 4112 2922
2968
4126
5684
4127
1816 1816 4112
4074 4074
4128
4112
163
1685 3517 1685 3517 6243
2946
2461 3510
4129
4125 4112
4126 2899
2947 6454
4126
3758 5970 3912
4125
2946 6179
2946
2826
2946
2899
6372 2368
4126
1531
4112
4112 4112 4112 4112
4125
2945
4132
4125
4112
163
2970
163 1531 163 163
4125
2971 4129
163 163 163 163 163
2971
4126
1531 1622
55
4125
1737 1738 4112 4126 4112
2956
4063
2182 4136
3298 2650 1533 3912 2369 3260 4069 4263
6850 2481 2645 263 2502
2858 2503 1785 5625
4136
4112
163 163 163 1622 1772
163 2632 2754 3268
2624 1387 6369 3640 1039 4663
4126
4136
4127 4112
4112 4136
4112
1533 6569
163
2956 2946
3274 3643 6014 6014 3327 5941 3637
2139
2971
5801
2367 5747 263
4112
2458
4132
4136 2947
2640 6369 263 1547 3404
4125
4126
1685
4126
2947
4101
4126
5929 4388 4387 4126 2777 2773 5929
4125
4125 2968 4112
4136 4632
4129
6457 2947
4104
4112
4112
4125
4126
4074
4099
4112
4112
4125 4125
4074
4112
1531
4112
4125
2946
4127
4112
4112
4112
4126 4112
4126
4074 4112
2906
4125
4125
1738 238 1738
2968
4125
4125
4125 2152 2911 2132 2910
4125
3668 2946
4125
1686
4125
4125 4112
4112 4125
4126
163
4112
4126
163 163 163
4126
4125
4126
170 4136
1
3567
163
4126 4126
4126 4125
600 699 610 500 238
163 1531 4070 163
4696
2911 4126
4074
4125
2946
2968
5532 1715 2374 6971 1547 4304 1704 2231 4303 3338
4125
6238
5712 6691
163
4128
4126
163 5941
2946
163 163
2947
4125
6054 2946
4074 2947
4551
4127
2947
334
2946 4126
2483 2464 5940 4389 5794 4112 4387
3297
4125
3294 1853 1855
4125
2946 3840
350 2250 5828 7357
4112
2968
4125
4112
4125
4112
4074
4075
1944
4112
2946
1853
2899 2900
163
4125
2968 5625
4112
4112 2910
2225 3347 3517 1547 2369 1531
4129 4115
4112
4112
4125
3485 3443 2712 6346
4112
4062 2970
57
163 163 163
4126 4126
4126
2211 1738 6969 3875 3030
4112
5828 3873 3874 2369 6970
2971
3958
4125
4126
4125 4126
2146
10
6376
4125
4112
4126
1791 2134
4126 2174
1726 263 3510 6977 1748 718 1738 721
295 335 4775
2139 2969
4112 4112
4125
4112
4127 4112
4062 4112 4112
10
4112
4112
4125
2946 4112
4129 170
4125
4112
507 5806
4112
4126
4112
2548
2502
3510
4074
2946 2911
4112
4136
3404 2583 263 2203 3404 2213 2820
163
4112
6712 2900 4112
1531 4112
263 2369 5633 2369 263 263 5633
2947
4843
6396 5939 3404 3420 2274 2275 1821
4112
163
2968
2484
2946
4126 4112
1699
4125
4125
4127 4112
6356
4129 2946 2910
4126
163 163
2946
4112
4132 4131
4112 4074
3880 1547 3924 3890 1715 2362 3888 3923 3876
2825 3321 2333 2826 5339
4112
2946
4074 4126
4125 4130
4125
4125
163
4074
4112 4112
4112 4112
1796 1795 2766
2971
4112
2946
4112
4129
6896
5625
5994 1533
4631 2797
2947 5752 3320
2956 4087 2369
4112
4126
4136 4112 2910 2918 2906
2144
4126
4403 3273 2632
4125
4112
4126 4126
6894
3273 5606 3662
2956
4126 2946 2946
1532
2968
2970
431 264
2185 4125
4112
4126
2635 263 2764 3933
4101 4101
4125
6320
231 231 231 231
4126
4664 263 5792 5840
171 4126 4112
4126 2971
163
4126
6755 6755 6755 6755
2946
7053
2756 3306 2797
4127
3829
1797
2968
4130 4132 4112
4115
4129
1390 1043 431 1069 1130 1113 1389 1047
4112
3268 3877 3623 2797 3275
4128
2139 4112
4125
4126
163 6711
4125
5625
4112
2146 2947 3611
4125 4112
4126 6330
4914 5634
2146
3668
163
601 524 696 1167 721 601
4112
4112
3278 2213 1547 5283 6662 2779 3650
2932 2934 2267
2461
4126 4125
4125
2899 2947 2146 4126
4125 2968
4126
4125
2914 2902 4126
163
4125
4125
1378 1390 1111 1047
2970
2369 5844 4663 3881 5765 4112
2321 6013
2900 2146
104 104
4125 4112
1532
4104
2971 4065
4125
4125 4112 4112 4112 4112 4112
4125
4125 4112
4076
4112
2971
4127
2968
2906 2899 4112
4126
3438 5468 3438
2910 2906
2968 4112 4129
4126 2971
6014
4112
4112 4126
4137
4125 4099
2762 721
2947
4074
2368 1547
4112 4125
4125
2586 2587 2600 263
3292
3264
3260
2968 4112
163
4073
2374 2374 2374
1394 1381
2899
4112
6995 3890
2968
5839 5625 5623 1707 5544
1297 1353 373 394 1882 1352 1738 1357
2968
4125
4126 4125
4129
4125
2911 2947
4112
4112
4125
4049 4126
4127 4127 4112
4126
163 2899
4971 5623 5623
4129
688 667 1853 699 460 502 1672 1701 720 500 502 699 688 460 682 1701 720 500 688 699 460 1701 502 1672
163 163
4136
4125
4291 4291 4291 4291 1533 4136
1760 2362
1401 2855 1239 1407 1234 1237 1402
4126 4112
6707 3814 4112 4126
4112
163
63 63 63 63
4127
4136
2971
5808 2369 3935 5808 4304
2946
169
2956
4137 4112 4112 4112 4112
4125
4125
1855 5607
2946 4127
4125 4125
4136
4112
163
6850 1720 1743
4112
3404 5806 6359 5770 263 3391 5925 6359 2590 5801 2249 263
2198
163
4281
4074
4125
4074
1716 1716
2949
4126
2946 4126
2971 2484
2899 4125
2971
4125
2947
2483 6666 6666 2461 2946 6669
2906 2146 2946 2139
5214 2368
1871 1862 1669 1737
4126
2971 4132 2136 2946 2947
163
2146
2719
4074
2956
4125
4074 4125 4074
4104 4126
4125
4126
1685 684 607 511 1737 373 1279 1269 1368 1322 1737 446 1304 394 1360 373 1294
263 4319
4112 4112
4125
4764 2990 1531 6569
4126
163 163
5875 5281
4112
4112
163 163 163 163 1531
3268 3894 163
163
5544 6261
4104
2779 1531 6575 2899
4125 4112
4126
4126 4125
6705
2946
2947
4126 4112
2899 2146
163 163
4126
4125
2540 4029 1703
4126
4127
4126
5846
2899 5728
163 163 163
431 1248
4112
4125
2859 6994
4126
2831
1423 1436 1417 1447
163 163
4125
4112
2946
4112
2971
4125
163 163 163
2946 2911
3643 6723 2329 263 2635 6800 263 1547 2851 2825 5941 3049 6670 5629 1512 1393 1378 1126 870 1547 2851 2459 2249 6851 3309 3539 3261 3278 3309 6289 263 6985 2827 3049 263 1547 2827 6369 6289 5941 3309 4423 6851 4420
2583 5624 6369 263
4125
2906 2146
1452
4136 5994
4112
4125
1703
1532 4112 5795 3891 4222
1177 263 1216 425 1220 1771 1177 263
4136 4112
4049 2946
5826 4632 5552 6894 2945 5551 4112 4112 4112 4136 4632 2942 1807 5752 4136 4632
2971
4126
163 4112
5640 5640 5640
1915 1915
4112
228
4127
2146
1532
2946 2948
2968
4112
4125
2949 2986 4506
4125
2873 6969 3324 6985 5920
4126
4126
4125
3952
1760
4126
4274 3609
3705
2139
4131
751 426 781
5828 2723 2729 3374 3725 2410 1547 3784
4126
1703 2548 2249
163
2956
4115 4099
4125
6503 1378 2946 1400 717
3877 2769 2773 2362
1738 1622
4126
4537
4103
4125
4127
4126
2946
63
4074
4126
163
4126
4126
4125
4131
4112 4112 4112
163
4126
2946 4127
2899
4125 1605
1846 1846
5754
2912
4126
2947 2946 6952
6971 6013 263
117
6711
4136
4112
1740 693 1669
4125
4126
4130 4131
4126
2946
4112
4112
4125 4099
2968
2968
5470
2947 4126 2946
4126
3756 4422 3961 3405 2237
4126
1707
4125
3852 2563 6320 2213 3419 6014 2565
4074
2968
2899 2146 2906 2925
2797 3298 3299
2968
4126 4125
6279 4125
4126
1759 2527 263 5829
2946
3717 2744 5839
2997 1742 5531 1820
5328 263 5945 2369 2211 1547 2207 263 5945 263 1547 2211 2825 3391 263 1547 2211 263 5945 2207 2641 2363 2211 263 5945 2640 5875 2207 263 2825 2641 263 2249 263 4582 4584
4126 2146
163
2968
4074
2906 2910 4112
163 163 163 163
4074 4074
4126 4126
1779 2466 5629 2321 2321 1234 5629
5214
4136
4112 4125 4125
163 163 163 163
4112
5109 5108
2947
2970
263 3540 1547
4112
349 5736 5895
163 163 163 163 163
3622 263 2643 2643 5610 263 263 3622 2643 6398 263 2834 1547 263 6355 263 2997 2834 263 263 2643 263 3622 263 6995
163
2565 95 2565
4125
2139
2946
4112
24 4112
4065
2968 4112 2957 4632
4125
4127
4126
2149 2909
4112
3355 2911 2912 3898 5601 3614 5599 2911 1547 6969
1662
511 614 676 699 2807 263 6410
4125
4137 2317
4125 2906
163
4074
4112 6936 4112
4112
4135
2946
4112 4112 4126
4136 4112
4112
5929 2023
4125
4125
4128
4126
1785 3754 3751 5827 1547 2769 2633
4062
4074 1846 1846
4274
2946
4112
3517
4103
2970
4126
163
2946 4127
2970
4129
4127
1063 1043
2946
2971 1541 6185 4075 2971
163
4694
4112
2947
4125 4099 2910
5628
4074
3922 3874 3875 5329
2321 2946 6586
1846
5610 1785
2146 2925 6710
4126
2778 5847 6410 4719 1868 1858 2024 4718 630
6
2947
2946 4112
4076
4126
188
2797
4125
282 3855 3853
4101
4125
610 163
4131
2146 2906 6330
4112
683 602 500
1388 1400 980 1379 1135
1531
2947 4136
4112 4112 2833 2369
4136 4136
263 3307 3648
1068 6850
4074
4112 3875 5624 3509 3899
1862 721
5826 3278 5920 3692 2800 263 2727 2440 3426 6341 3694 263 2759 2759 3426 2778 5826 263 5920 2727 2440 3405
4112
2899 4112
2946
4126
163 163 163 163
4125
4061
4126
4126
2946 4126
4112 4125 4099 4112
2023 5288 3265 2367 7289 7287
163
1931 1931 1931 1931
4132
4125
4125
3049 2682
1531
1777 2368 1738 5845 1547 5339 3907 2827 2369
2945
4125
5328 2480
4126 4099
4126 4112
3001 4126
2023 4631
6012 263 3923 3298 3927 3898
4136
263 3405 3420 6346 263 3438 5328 5773 263 3518 5770 263 2997
4112
4127
4125 2971
4125
4131
6895
608 610
4126
4112
4136
5941 4503 2756 1685 1547 4215 3376
1703 1703
4132
2369 3265 1579
4126
4126
163
3030 2440
4125
4075
4125
4074 1855 1669 1868
4128
2910 2906
4112
4125
4125
2935
344 4126
1703
2362 3278 5481 5980 6965 3269
2910 2906
6014
163
4127
3933 3932 6972
11
3059 3312 3509
4112
2971
4112
4087
163
4125
4125
5772 4663 4849 3334 4218 5845 5925
4126
4112 2968 4112
4125
4112 607 682 637
4112
1531 5994
6666 1748
4136
1531 396 5550 396 5550
2946
4112 4112 4112
5623
4112
1846
2968
5326 3334
4075 5837
2946
2755 2584
2946
2956
4126
4125 2906 2899
4129
2968
4126 4112
6109 1533
1944 4126
4074
4112
4126
4126 2899
4126
4126 4125
4127
1532 2853
4112 4112
4125
4125
2956
861 864 865 859 2946
1718 1718
1825 1738 389
4126
2947
3422 3287 3326 1760 6284 3421 3276 2754 6969
4112
4126
163 674 534 612 2759
5823 5823
4131 4131 4131 4131 4131 4131
4126
5607
4112
6343 3298 1547 5625 3509 3275
163
2946
2956
2946
4126
3668
1785 6355 3509 263 718 1622 1738 263 6355 3510 6355 6662 3510 2649 263
4112
3611 6014 2947
2945
4112
4074
163
2968
263 3391 5581 3650 4731 263 3391 6722 2899 2146 6410 3391 263 2249 5925 6410 263 3649 3650 6410 5925 6410 5925 6398 263 4731 5925 4631 2249 263 5925 3647 3391 2249 3391 5581 3423 263 6365 5925 1533 2643 4631 263 3647 4631 263 2643 3647 2643 3647 3423 263
2945 4125
1409 1165 1234 1231 1231 1246
4125
4112
163
4131
2914 4126
2971
891 431
4112
4131
1531
6261
2139
2146 2906
4125
4112
5633 2146 2946 5607 5994
207 1
2934
2956 1699
4125
4112
2945 4126
1738 1615 607 699
2946
4125
1531
2465 2602 1547 6855 3259 2797
163
2076
4112
163
4126
431 2946
2934
4125
4125
2946
2953
2369 3651 602 2646 1669
263 3297
5752 5765
5844 5845 1533
5344 6392 1840
4126
4125
2946
4126
2946
4126
4112 2948 3497
2968
5330
721 1622 1738
4126
4129 4125
3977 3376
2368
2954 2947
4112
4126
163
2899 4136 6936 6936
6971 2911 2185
2870 3952
4074
4112
4132
2947 2906
4112 4112
4126
2483 3267 1547 2756 2376 2590 1718
3510
4112 4112
1615 676 472 666
1532 4125
4074 4074 4074 4074
1715
171
4112
163
2947
4136
2968
163 163 163 1622 721 163
4126 4112
4808 3510 6361 6335 3111
4128
5708
2807 5840 2362 5845 5840
610 679 611 534 676 1615
4112
4074 4112
4126
2263 6722 3877 263 263 2263 6722 3877 1388 970 1394 264 1119 882 1041 955 1479 1119 264 970 1394 1041 2833 3911 263
6850
4125
2216 2275 263 5839 2216 5841 263 2590 2590 5829 5839 1547 2216 263 1547 2216 2224 4439 263 2216 263 5941 4420 2216 263 2224
228
4127
4
4420 2224 263
4074
4126
2914
4125
4126
4126
4112 4112
4773 2649
4125
4126
2362 5941 5941 2362 263 5614 2369 5941 5614 5941 2369 5941 2362 5941 2362 2362 5941 5941 1547 263 2362 264 2362 5941 5941 2362 1547
795 799 2317 5607 2603 793 3509 5828
2914 2906 2946 2922
2899
4112
4126
3740 5531
3873 3874 5607 3273
4131 4131 4130 4130 4131 4112 4112
4112 4112
3461 1234 391 2906 2924
2952 2952
704 1219 713 498 707 1223 263 263 5925 2643 2391
4112
3765 3774 2590 263 3765 1547 2590 1547 5257 3765 3845 3261 1547 3765 3845
3509 3754 5606 2869
163
2946
4112
2947
4126 2946
4070 5941 2797
4125
3869
2362 3376
4126
163
2224 2176 6895 6985 2183
3510 5899 263 1685 163 5801 2250 3716 2240 269 3716 2835 2249 1547 3716 2250 2230 263 2643 5845 1547 3477 3737
4129
2936
5802
2946 4074
4126 1532
335 295
4104
5530
163
285
5278 263 5740 2459 6342
793 761 817
6990 4426 263 6990 263 5344 6986 3437 3719 3752
2946
4112
4125
2954 4112
263 3737 2723 3259 1547 3261 5925 263 2214 3637 3510 3717 1547 2723 3261 3737 2363 3651 3716 2250 6969 3717 3647 3338 3639
4129
4126
4126
6700 2911 5270
4125
4112
4125
2983
375
1826
2956 2956
878 890 263
1532
4374 263 2262 6990 2224 263 263 1547 2211 3404 6811 4631 263 2777 2211 5875 263 6792 2764 4401 3404 263 2586
3642 3165 1533 2729 2034
3649 3647 263 4439 2643 5925 3391 263
2971
163
6678
4112
2968
1691
6486 2947
2912 2918
121 121
2539
1529 335 295
4125 4125
6670 263 5629 5829 2211 6990 263 6320 6792 4731 1547 2528 6990 4584 263 1547 2224 263 3873
5610 6969
3588 1547 5246 4440 263 3932 263 2643
163
4125
2971 4112
2968
4129
1716 1716
4127
163
4112
2946
4126
6977
4125
2970
4137
681 635 612 720
6744 2946 4074
2947 6534
5468
3293 5607 3079
4126
1622 2362
1743 6850
6012 5829 5496 604 605 611 608
4126
4074
3147 2241 3509 2542 3327 4726
163 163 163
163
4126
4136
4126
4074
1743 6013
4074
2956
3154 2528 4129
4074
2971
2459 2797 6355 263
5624 263 1170 1216 1771 1169 6932 263 4684 4439 263 2368 263 2832 5848 2369 2832 263 1547 263 2344 2220 263 4420 263 4439 2754
2946
1532
4125 4125 4125
3509 6008 2946 611
4126
6178 2946
607 674 709
4806
6792 3650 263 6392 263 2207 6398 2275 6792 263 5875 2275 6398 263 1617 263 5925 6792 5829 6398 1617 263 2440 3647 2825 263
163
163
4274 4074
1829
163
2971
4126
4126
3438
5531 1825 5925 5634 6014 3463 2461 2634 2797 6014 5606 5634 1825 5531
2946 5630
4127
4126
385 3510 1709 2835
3637 3639 1776 5625 2485
611 678 1615
163
163
4126
2946 4125
6320 263 2275 1547 5846 1547 4439 2651 263
431 1374 2901
200
4126
2971
263 1547 2826 2832
4112
1853 3265
2946
2982
263 3509 1741 2635 2835 4582 263 6398 1743 3510 5742 263 2835 263 6969 2461 2202 1547 2590 3509 5844 4425 5845 1820 263 1726 2333 263 3623
163
2946
6012 5213
2945
2946 2946
4112
6969 1381
721 1840
4126
163
344 344
4125
1986 4759 1547 1983 263 4420 2216 1986 2369 263 3391 1986 263 5925 3638 263 1986 3405 4439 1986 263 3309 2635 2214 263 2216 1986 3876 2641 4439 3623 2776 263 1547
2110 1689 2113 2112
1844
3668
6990
2971
2947
4125
228
4125
2756 3275 2146 1825
1450 1417 1446 1436 371 1422 1444
4126
263 5839 6972 6398 6972 263 6398 263 6972
2971
163
1622 1871
5610
4125
3260 3924 3343 3924 3924 263 1547 2337 2871 1698 3266 1547 3651 3343
2946 2984
4126
1821 1821
5628 2194 6850 4632 4164
2947
2946
2797 6012 1801 1785
163
1531
163 4112 1531 163 163 163 163
5607 1738
2946
3510 5626
2946
4074
7052 163 163 5877
163
6569 1532 5631 2949
4130 4135
2174
