6689 6691
6236 2726
131 67 58
285
4126
4694 4694
2968
431 789
5085
6538 4125
2968
2968
4132 6961
4125 2968
5865 5865 5865 3509
4203
163
1533 5995 2080 5481 3323 5607 3692 2362
2956
2968 4119
4112
4112 4126 4125
4125
4112
2968
3268 3373 2811 6912 2754 5929 1538 1538 1538 6969 3386 3379 4291 3275 3373 3408 3380 4281 2645 6979 4982 3265 2627 6299 6727 3381 6978 3063 2780 6727 6969 1538 3386 3379 6839 3380 6978 3379 3386 4281 5929 2329 6727 2366 6299 3164 3373 3276 2265 2646 6978 5734 5531 6722 3373 1836 3373 3380 3379 3269 6978
4126
4632 4136
10
4125
5035
4273 4126
163
1
4125
4132
5324 1547 5749 3345 3882 3259 6012 3341 2762 5335 2367
1699 4125
4125 4112
285
4126
4128
4125
1533
1538 1381 1394
5691 5691 1703
2944
4136
4074
2366 3320 3321 2362
2968
4125
5
3543 1531 2650 1750 2230
4136
4131 4131
10
4112 1532
4125
2968
4
4129 6185
10
4112
4085
4126
4126
2956
4125
4112
5808
2968
1531
6410 1533 2972
2944
2024 6398 2762 3878
2764 2756 3878 3275 2362 5475 1785 3643 1547 2320 5540 2817 2480 2362 2432 2804 2466 5607
4126
4126
49
2911
4125
2972
500 608 2326 699 2326 699 642 509 620 525 5952 699
3548 5749 2263
4126 4112
1916
2968
2362 7141 7247 3881 2390 5793 4511 3893
6850 2807 5625 6242
4126
4125
2873 5941 6977 5123
4126
2968 1538
4125
4125
2603 3692 3420 6723 2646 6922
3899
4126
4126
4112
4112
2968 4112
6711 2673 2906
6723 3509
2968
4125 4125
4125
4127
4132
4065
5625
1077 952 717 1115 1110
2968
4112
2972 4126
3545 3344 3510 1531 6115
4126
2968
1749
4128
2547 5466
2956 4126
4125
6691 6689 2968
2968
2972
2934 2984
4132
4129 4112
4125
1538
4125
2972
5844 1622 3696 1772 6284 610 1871 3696 5941 3696 5634 1871
2972
4074 4273
2968
4125
4074
4126
1532
1699
4126
2227 2249 5826 5875 263
1840
1855
5952 2565 5951 5952 2565 5951
4125 4125
2968
4112 4112 4112
4112 5940 5941 6936 4112 4112
2968 4112
4125
221
4125
4112
4112
2944 2944
4112
2317 7152
2968
4099
4112
2853 4217 2605 5793 641
4125
6458 4136
4125 4112
2944 4112 4136 6175
2220 1759 6919 3436
4126
4112
1671 1670 419
4125
4125
2944
2968
2968
2538
2968 1531
4125 2968 4125
4127
2968
2755 1801 2847 3638
4126
4126
163 4074
2968
2220
1801 3405 2999
4112
6969
4112
2968
156 2968
4112 4112
2965
4126
1538 2968
2972
4126
4112
4112
1825
2968
4112
4112
4125
6513 4126
4126
4125
4126 4132
4131 4112 2797 1759
1701 1737 701 504
4074
3694 3408
4112 4112
2972
2968
4132
61
263 2284 3671
6241 6242 263 6236
62 4112
2369 2645 2362 2645
2325 3343 5792
4126 2968 4112
2943
163
6182 4125
4126
1862 6231 2605
4112
4126 4131 4131 4126
2944 4126
4112 4125
6895
2944
4112 4112
3297 3780 2646 3543 3888 5607
4127
2775 5470 1785
169
2972 1533 2972
4112
5
4126
2968
4126
4112
1538
2968
4112
5951
6178 4125 4112
4126
163
4112
4273
4112 1538
4112
5372 5373 5387 2362 2777 3374
4125
2326
4112 2968
4125 4130
1820
2414
2944
4112
4112
2968
4126
6178 4126
4126
4125
290 4125
1891 1853 163 1847 1865
2968
2968
2249
2948 2806
2362 6247 6238 6243
2487
4125
4112
4126 6178 4126 6180
4126 2972
4125 4099
4112 6176 4136
1615 2367
2968 2972
431
4136
2362
4063
2968
263 5793 6723 5792 6247 5795
4125
2972
4068 2950
4126 4112 4112
1668 2550
4125 4112
6039 1532
2956
2968 4112
4827 3881
4125
4112 2956
2972 4112
4125
2754 3882
1531
2363
285
4126
2968 4112
1622 610 1622 1622 604 610
5628
4075
2911 4126 2944 6423
3836 3443
4136 4112
4126
4126 4126 4112
1538
4125
4125
4125 4125
2325 2317
2968
2968
4126
4112
2817 2835 264 721 693 1740 686 1622 507
4112
4126
4126 4126
4273
4126
2383
5607 2538
150
2933
4137
7240
4126
4125
3881 3882
4125
2342 4440
4112
2972
4112
4136
6796
4126
2944
1538
5941 2656
4137
2968
4112 2968 4112
2968 4112
4087
4126 3494
1777 2459
6907 3875 4692 4692 3875 6907
5631
4125
1531
2972
2968
2797 5514 5607 2797
4126
6383 5941
4136
610 5941 721 600 1772 5941 6318 5941 4131 5941 3371
4125
2643
163
2899 2901
2972 4126 6014 1836
4276
163
2944
2968
4803 389 1825 4136
2968
1705
7043 7029 5550 396 2369 2202
4125
1669 1871 721 1622 3336 3274
2530 2943
2940
1538
6936
4125 5271 2965
6176 4125
1531
4126
4126
608 1669 602 610 5941
6690 6696 2764
3922 263 4898 5531 6293
4101
5995 1531
167 169 4125
4125
1915
1
1795
1987
3835
