674 608 1848
4112
2968
4136
2968
2968
4112
4613 4845 4606 4847
4126
6796
2968
4063
5631 2495
4112
4112
4136
1915
6855 2229 3253 2363 4112
4098 4126
163 1046 1120
10 4694
4130 4099
1772
3386 6969 3265 3380 3379 2634 3268 6969 2211 5464 3276 2642 3379 2627 3274 3380 6969 3373 3386 3380 6969 3510 3373 3062 3373 6727 2634 3697 2440 3147 3276 3255
5530
4126
6392 3514
2968
6987
4125
2968
4126
285
2968
4112
4125
2968
2968
2968
4074
6
4132
4112 2968
4127
2946
4126 4112
4125
4126
2968 163
3509
4100
4112
163
2940
4126
1776
2968 4125 4125
4126
4112
4112 2968
5625 2468
4125 2968
2968
163
6463 4129
3878 3268
2968
4112
4125
4694
666 699 1164 720 679 1615
2968
3463
5332 4303
4126
4132
2968
2968
1697 2773 3869
2968
4126
6509 4125
1514 1474 1467 1523 1485 2480
2946 2946 2180
1478 1474 1162 1525 1517 1476 1470 1471
2968
4112
4126
4125
1772 607 610 7301 607 452 6284 610 452 452 6284
4126
2968
4126
2968
4125
4125
2968
2521 10
2968
2968
2946
2968
1352 1337 394 373 1370 1269 1300 1304 1301 4126 6180
2968
4128 2968
2968
4125
6184 4136 2946
2946
4081
2968
4112
2968 285
57
2968
4074
4112
2968
2968
2968
392 3463 5508 5510
2436
4112
5325 2210 3881 5339 3877
4061
2968
1615 2968
4112
4112
73 5531 75
4126
4125
1738
4112
2946
4112
4125
4112
4127
2362
4126
4112
2947
4125
4126 2947
4112 2968
2968
2968
4132
4112
2968
4130 4131 4130
2968
2968
2968
4126
2968
2968 4112
2968
163 163
6850
4126
4112 4125
4074
4126
2229 2665 3944
4126 6179
4112
4112 2968
4291 2946
4126
4126
5
2968
2968
2968
10
3869
4112
4112 2968
163
163 163
4112
2968
2968
2968
2946
3
4125
4136 4136
2968 4112
4125
2968
4112
2968
4074
2968
4126 6462
4112
5623 6015
344
2968
2968
4126
6241
2947
4125 2968
4443 3405
4125
4085
2968
4125 6156 4125
110
4125
6212
1538
4125
2946 4112
4112
4125
4125
2368
4125
4126
5750 3558 263 6377 264 5744 6377 5826
2946
4126
5483 4125
4112
4112
2983
2480
2843 5573 3882 5607 2754 4112
2945 4126
2968 4112
3408
4112
1772 3037 4218 4216 610 4216 3309
610 1772 5839
4128
2968
4125
4112
2968
4129
4611 1278 1862 1259
4126 2968
1531
4126 344
4127
4099
163 163
4125
4126 4087
4112
2968
4125
3388
4136
2968
4125
4126 2946
630 1868 1538
4126 4126
2968 4125
2968
281
4136
4125
2968
1538
4126 2092
2968
4125
4112
2946 4126 610 720 700
2968
4126
3268 3269 4112
3082 5532 1622 721 2002 1622 5829 5640 1622 4032 5829 605 1853 1622 5829 1835 4420 1622 2207 2207 453 452
2968
6936
4125
6178 4125
4126
4112
4136
2968
2968
2968 4030 2226 3102 6365 3008 2343 2828 2578 2459 3102 2226 2483 4030 6365 2839 3372
692 264 721 650 562 692 264 1853 561
4127
4112
6179 4126
2368 5483
2466 2428 5471
1538 1538 1538 1538 1538 1538 1536
3382
163
4129
228
4129
4125
4132
6855 3309
6178 4125
4127
6294
163
