4112
1538 1538
2968 4919
4132
2968
4104 4104
4112
4125
4126
5996 1531 3391 3307
4136 2946
2944
4126
4125 6057
163
5630
4074
2946
4125 4125 4112 4125
4126 2968
2968
4126
4217 6969 2601 2367 5169
163
4126 6502
4112
4126
2797 406 4263 3899
4112 2182 4112
4137 4112
4136
2956
163 163 1538 163
2968
2944 2965
4125
4126
4112
4125
6266 6261
5450 5451
602 686 1615 500 642
1538 1538 1538
2972
2940
6
4099
3372 2369 2211 5326 3756
2943
4128 3510 4112
682 1853 552 4126 682 642 709 709 682 642 5471 709 682 607 6536 4126
4112
163 163 163
1615 699 475 608 1738
4112 4112
4112
4136 2901
1738 7173 282 7180 1622
4126
4125
163 1538 1538 163 1538 1538 163 1538 1538
4112
4112 2459 5584
2968
2956
2944
4112 4125
4128
6494 4125
2645 3509
4112
4126
2968
4126
4131
3962 3275 5840
163 1538 1538 163 1538
2968
4112
2968
4112
4112
4126
4112
6689 6924
3877 2374 6346
4101
163
2646 2646
4112
4126
4112
4247 4251 1547
4126 6600 2973 2974 4112
431
4125
1697 1738 1622 4444 1697
163 163 163
4074 3882 5951 6924 2797 3694 5532
4112 4112 4112 4126
4087 4112
2946
4126
2946 5829 4880 1756
1846
2968
4131
2968
4126 4126 4112 4136
2968
2968
4128
4112
6293
2956
4125
4128
203
4125
4125
5994 1532
6002 4125
4126
4126
4126
4126
3880 3269
4129
4132
2972 4126
2972
163
2956
4126 2968
2317
4074
4136 2968 4074
2968
4126
2483 2483
4125
4112
4125 6536
4126
4125
4136
1699
4126
4126 6528
163
1538
163 163 1538 163 1538 163 163
4126
4126
4129
2428
4127 2911 3653 2229 3881
4074 2946
2944
163
1479 4718 3890 2755 2832 4434 1391 3906 4132
4112 2944
4112
4112 4112
4074 4074 1538
4125
24 4127
2968 4112 4112
5995 4125
163
3273 2262 6372
167
2932 2946
6457 4126
4125
6459 4125
2968
2851 2645
6549 4125
4112
4125
4112 6990 2369 1547 2723 6947 3752 6985 2851 3270
1855
4136
57 188
1670 5668 3203
4125
4112
4125
4126
4126 4112
4112
7
4126
4137
1812 6709 1797
4125
6179 4126
4104
4125
1538
4125 2968
4112
4112
4125
4112
4125
4126
4126 6184
4126
4125
2224 1178 1196 1224
4125 4130
163
4112
4125
4112
6988 3509 2634
163
4126
4128
2642 5953 2640
4101
4112
4112 4126
390 1826 4663 1547 2225 3008 4440 2483
4131 4099
2972 4112
4112
4112
1846 4112
2968 4112
4112 4129
4074
4126 2972 4112
4112
6441 4137
163
2968
4112 1538
4074
2368 2797 1547
1538
2396 5643 6851 3274 2755 2369 3265 4215
2968
4136
4126
4125
4112
4112
4112
4126
2968
2369 6922 1547 3736 3772 6341
2946
4136 891 1399 1394 1776 2374 2777 4692
4125
4131
4126
2773 3297 6722 3269 5772 6722 5772 5752 2224 3213 5532 2459 4112
4136 2968
4137
2968
2839 6970 4732 4692 5763 6355 5764 6981 6970 6981 2368 6970 2362 3354 5975 6970 2369 1836 5975 1836 2369 6732 3882 2634 5764 5328 1836 5398 2369
2946
4126
4112
4081
500 688 608
1703 2317 3278 2317 3273 1703 3274 3643 2317
2968
2968
2146 2185 1532 2973
2946 4131
4125
3875 3298
3436 3165 3259 3153 1547 3881 3558 4223 2802 4525 3347 2682 6972 3560
2369 2766 6990 2306 2368 1776 2369
6536 4126
163
4112 4074 4112
4125
4126
5929 5796 5172 2224 2440 2862 3275 5796 5929 2862 2275 2624 5531 3510 2968 5796 2862 2275 5929 5172 3298 2275 2862 2224 5796 5840 3270 5929
4125
2853 2329 543
4112 2319
4112 350
4126
643 699 5846 3510 1713
4112 4125 4099
1825 1795 5951 389
4074
3317 3298 5607 3881
163
163 163
4126
4126 2968
4125
2968
2968
4126
4112
4101 4112 4112 4112
4112 4112
4125
1670 1670 1670 4112
4125
2944 4112 4081 2944 4112
4126
1547 2440 3960 3338 5744 5249
3833
4273
4112 1930
1128 920 1077
2954 4067
4074
2968 4112
4125
2968
3379
3952 2325
4125 4130
4125 4074
4126
1738
4136
1991 6815 2366
163 1538 163 1538 1538 163 1538 1538
2968
1670 2968
4126 4112
4112
2972
4061
4127
4125 4125
6243
2956 4126
1916 1915
4126
163
4131 2827 4131 4131 4131 4131 4131 4131
4243
163
4125 2968
4112
4087
4112
3520
4126 20
4126
4112
4126
4126
4126
4126
4126
1853 2968 4112
4126 4112 1532 4112 2946
4175 4174 3545 6722 3546 3894
4125 6179
4127
2968
4126 2972
4126
4126
2944 2164
4125
4112
2968
4126
4125
6705 6259
4126
2968
4212 1757 6013 5796 608
4126
4074
4126
4125
5624 2853 3343 1382 2326
6706 4126
163 1538 5629 5844 269 7209
163 6554 4126
4112
4126
4126
4126
2856
4126
3309 3642 1801
4125
4126
4112
4125
263 6976 3751 1837 6142
4126
4128
1784
4074
4112
4112 4112 4112 2320 1827
2968
2968
4112
163 163
6
4112
2968
1670 4112
2369 1133 878 1072 1388 1047 1394 4112
2968
2968
350
2797
4125
4125
4127
4126
4112 4126
5115
163
4125
4126
4131
2968 277 3153 2727 2863 2362
2968
4125
4112
2968
2956
5640
4125
5845 5929 5629
163
64
4112
4125
4112
1846 1846
2944
4112
5326 891 3030 1379 890 1378
4131 4099
4074 1
6227 4126
4112
4125 6536
4112 4129 6536
2968
6005 1532
2649 2650 3278 3960
4126
6722 2833 4439 2832
4126
4074 4112 5105 4112 4804
2968
4104
4125
4694
408
13
2366 1531 4714 3914 1547 1386 2325 4899
4125
4125
1759 5634 6014 2322
2968
4632
4273 4125
1846
4899 5607 3875 3509 3921
4126
4112
4112
2968
4136
4126
4103 4103
4112 4126
3120 3637 3275
4074 4074
4128
2901
4112
431 1129 1388 1073
1
1538 1538
163 1538
4129
4132
4130 4125
5451
3374 2723 3030 5339 2538 1698 5796 3545 1547
4112
4126
4112
6554 4136
4112 2968
3546 2628 5339 5483 4673
4126
4112 4125
4126
2968
4126 4126 6449 6454 4126 6447 4126
2634 5630
4126
3509 4137 4112
2983
2021 2021 2021 2021 2020 2021
4126
4112
5607 4074
2968
204
4112
1850 6979 6972 6972 1850 6979 6979 6972
4126 4112
163 1538 163 1538 1538 163 1538
5522 6706 4632 2911 2912 4126 4112
1701 700 525
2968
4126
385 1709
4112
2968
2202
3509 3642 6341 6320 3881
2953 3898 2362 5744
553 383 1272 1278
4101 4101
1538
3914 4663 3877 6722 6894 373 394 1330 1369 1271
1707
4126 4112
4078 2948 2948
163 163 163
4136 6442 2968 4112
4125 6457 4112
163 163
4126
4112
2968
4112
2968
2944
4112
429
4081 4081
4126
4126
4126
5840 3755
4128 2946
4126
163
4126
1751
4125
4103
3740 3719
4112
5471 6013 263 5632
2807 2804
2968 4126
163
2946
5827 2755
163 163
1670 4112
4075
2458 3878 3269
4132
3503
23 16
2956 4112
4112
3307 2773
4426 1698 4714 2368 3655 3899
2968
7091
2249 5844 5844 3404 3343 3338
23
6353
851 2775
163 163 163 163 163
2944
4126
4081 4125
4125
4125
2968
64 64
2249 3414 5633 4126
4125
4131 4131 4131 4132 4131 4131
163
4112
4126
163 1538 163 1538
163 163
2968
4125
4126
4125
5839 1756 2631 1760 2644 5918 2645
4126
4125
2944
2972 4125
4099
4112
4131
4136 6179 2968
4126 4112
4112 2968
1692 2968 4669 4672
163
4125 4074
228 228 64 228
4126
163
431 1378 998
3461 3509 391 1072
6242
4112
4125
2203
4104
4136
4112
4126 4125 4112
5581 2643 2857 2497 4555
4112
4126
4099 4126 163 4099 4099
4125
4126 6176
4125
4125 4099
4137
4125 6093
4126
641 2855 1164 1716 1757 688 5633
4074
4125
4112
4126
4126
2329 1821 2202 6236 2968
4112
4112
4126
4125
4074
5848 1748 1697 6374
6333 6713
163 163
4126
4126
4125
2968
3894 5468 5607 1788
6701
2944
4112
4125
4112
4074
2946
4112
163 1538 163 4466
3810
688 1853 500
4126
2944 2944
4125
4132
4125
5740 3334 2835 2369 3623 4112
2972
1538 1538
163 163
3509
2930 2968
4125
2946 4126
4126 4126
4125
4074
6468 1532
3228 5304 3510
4126
6184 4125
4103 4533 5214 5643 2362 2546 5644 5469 5645
2912 4112
2968
4112
6782 6781 4446 2362 2892 4814 2369
2918 2899 2906 4125
2225 4898 2369 3881 3644
2944
2968
2968 373 1882 394 1363 1367 691 709 641 600 542 677
5607 1743 4714 1547 3881 3653
4125
2968 4694
2968
3299 1759 5622 2857 3875 3642 4218 5772 3510 3404 3877 2224 3647 3637
4126 4112
2396 2756 5925 2461 1697 1697 2756 1986 5925 2754 2631
4126 6184 1759 1759 1759
6236 5952 2368 6239 6241 460 4896 502 689
1991 6242
1531 408 1820
4126
4112
1538
4074 4126
1077 952 1120
4127
4126
2968
4112
4112
3510
1855 720 686 524 1853 688 699 524 1855
6723 6606 1532
4074
2950
4112
6241 5450 3517 2134 3517 5544 3625 3517
4112 4112
4125
4125
4126
4112
4074 344
4112 4112 4126 6969
2968 4125
4125
4112
4125 4112
1760 4264 5747 5631 4731 1547
4112 4112 1615 1853 700
163
163 1669 163 1538 163 1538 163 1538 163 1538
4217 4304 263
4112 4112
2972
2968 4112
4112
2968 6259
4126
2899
4076
6013 3320 2369
4125
1862
2968
2956
4125
4126
4125
4074 2972
4129
2944
4112
2944
2972
1532 6770 1825 389
1855 510 4060
4125 6459
4125
4112 2968
4126
4126 4112
4074
5867
4126
4087
4126
2632
3307 5980 4112
1538 1538
4112 4112 4125 2968
691 1853 1848 691 608 1848
2968
4112
4125
163
2968
4126
4112
4112 4112
4126
2972
1538
4112
4126
4136 4136
3259 3878 2968 2623 2853
4112
4125
6176 4125 4112
2956
62 228
4074
4074
4129 1785
4128 5579
4112 4126 6179
4125
5486 2956
4112
686 608
6259
163
4129
4126
6705
4128
4074
431 755 794 817 828
2968
4112
4126
63
1531 6005 4112 2229 3944 2857 1751
6701 4136 6705
6454 4126
4274 163 3933 2968
4126
2968
4126
6176 4125 4099
4112 2944 4112
5952 2317 2645 4136 2317
2968
4126
6969
4112
2949
163
4125
4074
4126
721
4112
4125
2968 4112
4136
4101
2968
2968 4112
5325 3338 3961 3340
1935
4074
4137
4112
4112
2414 2414 2414 2415
2968
163
6457 4136 4112
1848 682 620
5628 5335 2237 2368 2650 3922 5752 6674 4908 1547
4112
1622 693 1862
4125
4126 4112
163
6067 1532
4126
4126 4112
24 24 24
773 732 766 826 824 827 748 757
4126 4130 4131
4126
4112
2968 4126
4112
2968
4127
2944
4126
6258 6259 2909 4126
4126 4112 4132
3273 3022 3298 3890
4126 4074
263 5839 5629 1704
2972
2968
4129 4127
4112
2956
2968
2968 4074
4101
3206 5770 2363
2944
163
2469 2617 2535 10 2495 1526
20 5606
4125
2968 4127
3297 1703
163 4126
6221
2956
5482
4126 6179
2944
6698 2944
4125 4112
2601 1840 5630 2773 5631 2214 3882 2578 2797 3881 2640 2756 5941 2459 1547 2214 5828 2641
4104
2407
4112
3814
4074
163 163 1538 163 1538 1538
2653 2627 4112
4125
4125
2946 2968 4126
4126
3877 1760 3873 3307 3334 3260 3334 5607 3307
2509
4104 2968
3876 6855 6293 5929 163
1538 4112
4273 2956
2946
4126 163
4125
1533 4632
4125
4129
163 163
163
163
4125
4129 4129
163 163
4112
4125
4125
4126
4126 4112
2968
4129
2944 4126
75
4112
2946
4127
1547 5625 6723 2755 5826 3275
4112
5750 5749 263 5747 264 717
2968
163 163 163 163
2911 1759
1164 6346 2368 5297 2817 2261 2263
4126
4797 4112 1538
4126
228
4074 4074
4125
4112 2944 4126 2944
2974 4126
4126
2369 620
3922 2369 1072
163
2972 2956 2956
4074 2968
4112
4126
1378 2584 431 2628
4127
4125 2968 4112
163
4132
4112 6422
4137
4125
6482 4136 4112 2968
4112
4125 6179
2968
5945
2769 3268 4380
4112
4638
4074 4074
2944 4074 4074 4074 2946
6458 4126
163 1538 4074 4074
2940
4126
4125 4112 4112
4112 4112
2944 2956
4126
2367 3898
4126
4125 2944
1738 600 1280 1258
2972
163
2968
163
3298 5607 4663 3893 6289
2968 4112
4075
2972
2946
2366 3510 602 534 5844
4076
4112
891 1394 264
4099
2968
2944
4127
2968
4081
163 163 1538 163 163 1538 163 1538 163 1538
4815 6585 4126 6013
2944 2362
4112
4087
4074
5827
4112
2968
4125
4112
4112 4112 2633
1215 1738 705 708 438 608 686 1848 547 721 1738
163
394 1882 6729
4112
4112 2968
4128 4112
1846
602 700 1848
4112 2968
4126
4126
2944 4125 6457
2948
4126
4074
4135
3336 3334 1532
4125
163
4112 4112
2911 4136 2968
1716 2968 2912 6423
4112
2797 3922 5623 3877 2754
4126 4126
285 285
4112
4074
6969
4126
1840 385 1709
4087
4126
2723 2369 3756
4101
2968 4136
4136 4126
2968 4112
1538 4126
163
2650 3293 3274
204
163 163
163
4125
4132
2643 2326 3437 1726 2968
4127
2968
4126
4127
5488 6990 3030 6335 2275 5826 6961 3260 5607 5772
7139
610
163 1538 163 163 163 1538
1538 1538
163 163 1538 163 1538 1538
4136
4125
1538
6012 3261 263
264 2729 4263
4126 2968 2972
3440 3562 2873
6922 4112
1788 1547 2367 5214 4525 4420
2968
4125
2956 4087 3906 2650
4136 1538
4074
4112
2968
4181 3294 2645
163 1538 163
4128 4112
57
4125
2950
163
4112 4112 4112
2968
4112
23
24
2944
4127
4112
4112
4136
4125 6485
2968
5980 3275 5840 4263 5752 3275 5975 6320 5752 2369 5335 3275 6014 2764
1622 1738
4127
3391 5918 6295 6012 4443
2968 4112
4074 4084
4125 6653
4126 4126
4099
4126
4126
4126
4126
1532 2968 4112
4125
4126
4218 3024 2483
4136
4126
6458 4125
1846 2968
1855 6722 3637 1853
5297 6970 1836
6179 4126
1538
1538
4126
2946
4112
2968
2309 5313 4179
1467 1469 1474 2633
5867
2650 6723 1003 6732 2650 3165 1474 431 3877 3414
6549 4136 4126 6549 4112 4126 6554
2944 4112
4126
2967
5
1785
2968 4112
1538
2185
6325 4112 1816 4087 2903 2899 2968
2956
4126 2968
4136
4126 4112 2946 4112
2968
163 1538 163 1538 163 1538 163 163 1538
4127
3517
2968
2968
4125
1686
1538 1538 1538 1538 1538 1538
2317
408
4074
264 1135 891 1400
4125
2943
2617
163
4126
2914 2944
4126
2374
3753 2769 5632 5607
2968
4126
4074
4112
6259
6179 4125
163
4074
163 163 163 163 4112
4125
1915 1915 1703 4937 429
163
4127
4126
4125 6176
4112
2968
4112
2944 4126
1862
4125
4112
6184 4125 2968
163 1538 163
163 163 163
2968
4136 4112
554 699 608
4126
4127 2968
4136
4126
4125
4125
4112
4074
3269 3875 2322 2828 2628 1848 1622
2956
6239 6241
4112
5806 5801 4126 4126
2968 4126
2776 3261 263
4125
2948
163
2367 3060 5846 5840 2367 3851 2275 1791
2920 2944 4632 4136 4126 6448 4136 6448 4632 2944 4112 6448 4136 4126 6454 4632
2968
163
2968
4125 2943
163
2640 6377 2461 3022 263 1547 2825 2538 891 431 1135
4112
4126
4125
2334 2767 2764 2763 666 838 2777 1164 688 4387 4392 4396 2643 2767 4397 4389 1756
4125
4125
4125
2968
688 475 502
4104 1846
2968
4126
4099 4099
2876 2918 2922 2920 2146
4112
4112
4125
4127
4125 4074
4112
4126
4112
4112
4112
6395
163
2968
2972
3509
4074 2968
4125
4112 4112 4112
4112 4126 4055
4136
1698 4905 6723 3921 4908
3060 6691 2643
6068 4126
2944 1672 608 676
4126
2968
163 1538 163 1538
2586 682 602
4125
167 4136 4112
4126
285 285
4125
163
6176 4126
2968 1531 163 163 163
4126
1868 1615 1855 1853
2968
408
4127
4125
1915
295
5623
5940
431 1378 1400 264 891 890
5564
2946
2797 3267
6979
4112
4126
4126
4112 4112 4112
4632
4074
4125
2944
1947
2944
4125
4126 6176
4125
4126
167
2968
4129
4125
4126
4136
2755
4125 4125
4126
4112
3852 5470 3852
2899 1532
4126
2974 5871 2973
163
4125
4115
4125 4112
4125
5929 3334 3327 2237 4112
4125
4126
6068 1531 4112
4112
4112
4125 4125
163 163
2949
4129 4112
4125 4126
2968
4112
4126
1076 264 891 1399 1394
2968
4112
4125
4127
4135 4112
5625
2968
2944
3309
4126
6179 4125
4136 4112
699 602 500
2968
2645 6231
4125
4126
4126 4112
2972
2968
2956 4126
6971
6295 5531 5631 263
4125
4112
2944
4112
2922 4112
4263 3878 2631 1703
2968 4131
431 817 809 772 431 264 870
6336 1703 263 6313
4112
4125
4112 4125
4126
5846 1987 1751 263 6014 263 1698 1547 6014 1987 1751
263 1704 4584 1707
4125
2968
4125
4112 4112
1509 1474 1469
4127
4112
431 892 263
1738 1294 1307 1280 263 1370 1306 1369
163
163 163 163
1846
1538 1538 2946 1538 1538 163 1538
4125
3408
4074
227 163
4126 6179
2944 2899 5228 2902 2968
163
4129 4112 2182
6978
163 1538
5994 1532 4807 4804
4112
4129
4112
4112
2912 1915
263 6319 5463 2797 1547
4126 4125
4444 509 5811 5398
4126
2769 1547 2631 6397 3881 1820 6014 2631 1820 1820 2631 6388 2461
6722 4218 3320 5752
4125
2968
4125
2968
2968
2905
2283 263 263 3967 6241 6242
4112 4112
4126 6454
4128
4112 4112 4112
6822 3577
4112
4129 4127
4125 6548
5826 4420 2826 263 4420 2826 263 4439 4439 2826 263 4420 4439 263 2826 4420 4439 2759 3405 263 263 4420 2832 4420 263 2826 4439 263 2826
4126 6177
6969 6355 6147
4125
4112 4112
2631 2202 5792
4126
4125
2968
4125
955 891 6969 5806 3298 3922 5806 4713 5951 3275 2754 4112 4112 4112 5801
5624 3510 3409
4112 2968
263 2547 2459 2480
4126
2968 4112
4126
2968 4125
4191
2956
4112
2946 6485 4125 4125
2968
4125 4125
3766 5607
2967
4069
163
3906 1760 3966 1547 2756 3933 2325 1785
721 1622
4126
4101
4074
1379 1389 431 1072 1120 4112
4112
3510
231
4126 1538
4087
4136 2944 4112
4125 4125 2956
693 721
1075 1119 1388 431
163
2968
4112
4112
2968
4136 4112 4074
4127
4126
4291 2325 1797 3380 3379 2325 1795 2325 1795 2325 4291 3379
264 891 431
4125
2968
57
2968
2956 4087 2369 2225
2968
4074 4128
4632
6176 4126 1743
4126
2968
4125
2 203
4126 4125
4112
4112
4112
5544
4126
163
4136
2968 4126 6175
163
4125
1135 264 1394 890
4126 4125
2363 602 2363 6356 1801 2853
4127
4112
163
4126 4125
2918 2943 2146 2899
4129 6527
4125
4126
4126 6179
4125
4125
163 263 4849 163 5640 1704 263
4112
2968 4112 2972 4112
4112
4112
6326
2968 1864 2249
104 104 104 4136
163
6710 4126
2936
4112
4104 1846
5639
4125
4136 4112
163
6179 4125 4125
1947
3622 1704 6855
2968
4126
4125 1538
2968 4112
4112 4112
4112
2908 2146
4125
4112
6382 5921
4126
4126
4125 4099
4112
6969
4112
4126 6633
2972
4433 4905 5607 6012 6388 1547 3255 3877 6969
2944 1818 2956
4129
6549 4125
6922
4149 5544
163
4112
4112
2956 2946
4112
4126
2378 3782 263 6969 5691
4112
4149 5544
4112
4112
4125 6179
2677
4112
4125
4126
4112
4112
5717 6823 3408
1538 1538
4112
4112
2968
6013 3148 5929 4731 3274
4125
4127 4127
4126
163
1855 688 475 1848 502 475 720 700 688 610 1164 502 1738 324
6659
2968
2367 6732 1533
4136
2968
4112
1846
4112
4112
4126 2968 4112
4126
3495
4125 6533
57 57 63 63 57
4100
5638 1820 3413 1682
716 1162 1119 1046
1538
4074 4137
4112 2968
1705 4112
4126
4074 1533
4136
6580 3509 1531
4112 4074
1393 264 1077 1399 1128 1479 890
4125
5607 2644
6978
4126
4125
4125
4126
2968
163
1533
6969 2317 2944
4125
2968
2968
4112
2972
2944
2458 1792 6666 4112 6666 6333 6723 2528 5607 2528 6666 5607
5994 1533
4112
3319 5668 4030 3324 4266 4030 4030 3510 4030 3510 4030 4266 6015 3510 3510 4030
2968
4125
1532
6457 4126
4060 2972
6369 6723 2797 6372 263 2797 6723 2797 6372 263 6723
5650 3509
2333 3655 3269 264
163
2225 2797 3656 263
2968 4273
2968
4112
4125
3372 2024 3269
2645
2956 4112
4125 4126
163
1846 1846
163 163
1164 607 1868 639 6320 5749 3765 5850 3787 2759
2317 1758 1703 3278
6969 6087
4112
4125
2944
2503 2595 1707
4126
2968
163 1538 1538 163 1538 163 1538
4127
6969 6978 6969 3509 6969 6978 6969
163 163 1538
4125
4126
4112 4126
2773 3899
4137
2944
4125
4126 4125
4112
4125 4112 4099
4126 4112
4125
188
4125
2968 2466 2465
163 1538 163 163 4112 4149 1538 163 1538 1538
4126
2633 1759 5113
163
4126 6533 4112 6528 4112 6528
6447 4126
3966 5623 1707 3297
4125
4132
163 163 163 1538
4126
4112
263 3345 5740 6410 2369 1547 2754 5741 263 263 5749 5740 4420 2635 263 6792 2825 2249 3647 263 2635 5740 5740 2756 1547 6392 2635 2369 263 5740 3049 2369 2333 2635 263 2583 2773 5740 263 2643 4420 5741 263 2773 2825 2369 402 2249 2643 3647 5741 6410 263 2249 6320 5749 2369 263 2635 5740 263 2249 6410 5749
61 4126
61
2943
3743 5584 2833
4125 6179
6176 4136
4112
4126
4112
2320 3653 3882 3437 2643
163 1538
2968
4125
2946
4126
5978 4125 4125
6369 6990 6986 6985 263
2602 1776 263 3649
5941 2363
4125
4112 2968 4112
6176 4126
4112
4136 4136 5752 6971 2565 4632 1750 1751 6809 6808
4126
163
6511 4126
1915
163
2934
4112
163 6971
4112
163
4112
4112
2807 5806
4125 6063 4125 6057
3510
5951 3321 6986 3319 2335
4273
2946
4125
4126
1738 542
4126
4126
4112 2968
1533 6024
6175 4136
6901 5925 3876
5 100
4125
4070
4081
2934
4125
4126
5328 2363 6668
4074
4136 6796
2459
5929
5801
5839 1606 1607 1613
3347 4264 4263
2633 2773
4131
4125
3910 3510
163 163
4126
163 163 163
216
4125
4126 4125
2182
1669 3003 3510 2214 4425 4525
4125
328 332
3938 3207 3878 1547 2317
3298 2331 3878 3270 2755 3510
1846 3431
1077 896 1121 1078
4126 6184 6184 4126
4136
2944
4137
4112
2968
4126
4125
4125
2645
4126 4126
4125
4127
2249 263 1547 6851 2832
1531
3510
292
1707
4617 4619 2374
3463 3911 5606 1531 392 5994
163 4074
6796
4136
4125
5885
4125
3866
4125
5557 2677
4126
2400 2216 277 3717 1547 2723 277 2400 6947 1547 2394 3771 3721 1738 1669 643 1672 1868 2729 2397 5247 2729 3721 5247 1669 1672 263 1853 1738 689 2394 2723 5247 2729 2394 3721
2968 3875 6972 263 1076 264 431
163
1734 3882 6361 2855
5470
4112
6250
4125
4125 4099
2968
1531 4126
1760 2317
4126 6175 2968
4126
4112
2965
4125
4125
1528 6974 6144
4112
4126
3488 4112 3510 6971 2461
163 163 1538 163 1538 163 1538 163 1538 163 1538 163 1538 163 1538
3643 263 4439 3922 2755 3922 2643 1986 1547 263 4439 3643 263 3338 2776 263 2776 6990 6985 2643 2776 263 4439
5430 4112
163 163 163
1703 2565
4074
6650 4125
3196 2855 2241 6971 263
2946
6346 1547 3049 263 6365
163
4112
1622 1855
4125
2944 6969 6211 6979 6974 6850 6974 6979
2946
163
4136
6179 4126
6990 2366
4126 6176
6080 1532 3437 2644
4125
2797 2538 2368 2797 6723
4136
2
4125
3334 3974 2775 1547 3915 3546 3545 3298
4125
4126
4126
2965 2944
3876 263 3924
163
4126
3012 6336
2363 2369
1538 1538 5839 3876
1846
1669 1622 3638
1531
4074 4074
4132
1533
4125
4125
6706
4112
2968
5325 3909 6969 3875
3509
1547 6341 6365 1776 2216
4852 263
2631 2503
4125
674 554 602
4112
6711
2968
4694 10
4125
5409 1533
2968
4112
5980 4303 6722 5749 5326 4303 5977 2440 1547 5929 2368 6723 2325
1622 721 3642 838
285
4126
2968
4127 4130 4135 2956
3910 3338 3973 2777
1538 1538
1538
4126
4125
2542
4126
4125
63 204
4921 2968 4920
883 2440 5978 3153 3269
4112
4126 6179
4125
1468 1517 1478 1474
4131
4126
4125
3316
36
4112 4492 4499 641 4454 5212 1738
2968 4129
4112 25
4112
163
4126
264 431 891 6398 6410 263
3922 3877 2635 5634 6320 3649 263
4112
4125
4112 4074
3376 3647 2130 3647 2130 3376 2440 3376 3153 2440 2130 3878 6723 6855 5623
4126
890 1394 1378
4125
4126
4126
2968
2968
699 510 607 648 688 608
4126
163
3503
4129
2972 4126
5584 2827
4126
4125 4112 4099
6711 4129 6236 2956 6714
1684 1931 1931 5801 5801
4125 4112 2968
4112
263 5415 5531
6723 263 263 6723 6410 263 2855
2968
4112 2946
3275 1988 135
4126
5763 6985 1835 2130 3391 5913 1547 263 3437 3436 3510 3423 1547 2997 263 3391 5913 2382
4127
4127
2956
878 5929 2640 1082 3510 1078 895 3510 2778
163 163
2944
4126
4125
4121
4112
4126 4112
3994 3998 2968 610
4112
4112
4136 6447
4103 4103
4126
2968
1853 692 1885
4126
2369 2362 2362 3877 3334
4126 4125
4126
4125
4112 4074
4919
4112
1538
2968
4112
4126
4125
4112
6173 4126
4130 4135
4125
2369
163
4112
4129
5607 2853 4304
2134 2134 4694 6850
4103
163
4179 2337 4179 2322 5180 1547 5174
4112
4126
163 163
1538
4126
4112 22
6736 6970 5844 3404
4112
4125
1813 3559 2225 2578 2326 2326 3962 3559 3962 3559
4112
4127
4273
3899 1760 6722
4126
1748
6978
1871 1738
4126
163
1967
4112 4112
4075
5326 3338
4126 6183
5806 2643 310 3494
2634
4126 6454
6580 1531
2944
5344 1547 2643
4125
22 25 26 2368 6013 2368
4112
2968
4112
4126
2968
4112
1047 1084 1004 1130 431
4126
62
163
607 607 1669 1855
4
4126
4125
408
4112
4126 4125
4125 4135 4130 4112
983 431 1120 1076
163 3510 6985 1751 2225 5214 1742
4132
4126 4126
57
5607
1776 5339 1547 6979 5496 6976 3299
2968
4125
2968
163
3307 263 2331
163 1538 163 163 1538 1538
6168 4136
4126
5823 5823
4125
887 886 2363 3944
4137
4129
4132 2968 4131 4131
2968 4112
4126
2956 4112 4112 4112 4112 4101 4112
2165
4063 4051
2968
4125
2956
5624 5607 1692 5470 5827 3960 6313 2458 2762
4125
6061 4126
4049
4125
4125 2968 4112
4632 2972 4126 4112
1400 1124 1073 264 997 891
264 1076 1399 870 1394
4112 2968
4126
2203 2300
4125 2943
1538 1538 1538
2503
3275 5339 2832 1547 2851 2946 4816 3274
2949 4069
6346 5951
4125
431 891 888
4125 6485 4126 6485
5544 6263
4126 6176
4126
6526 4126 2913 2132 2944 2877 4632
2210 5496 5607 2797
890 431 4074
4112
2968
2968 4125
5951 6974 5624
163
4126
1709 385
4126 4126
4125
5607 5531
4125
4112
2946
4127
5631 1703
2956 4112
4112 4112
63
6969
2631 2754 4263 3880
4126
163
54
2968
2968
4076
2948
4126
4125
163
2972 163
4126
3887 3886 2325 5795
2968
2968
4112 2968 4125
4129
1823
3509 5623
4126
4129 4112
4112
2944
2540 5846 1776 1801 263 1776 4533 263 1003 1144 1389
4126
2968
6326 6364 6382 5514 6382 6388 2363
285
4112
2797 3404 3637 600 1547 2631 3922 3756 2225
4132
4126
163
5941 3324
2972
4126
2944 4136
4125 4128
4132
645 1868 1738 544
4074 4074 4074
6194 4126
4112
2644 2930
4126
6442 4136
4126
2326 2210 3299 2769
163 163 1538 163 163
4119
4126
4132
4112 6233 4126
4112
4131
4126
1718 2369 1074 2481 1547 5772 6986 5852
1394 1135 1378 1397
4112
2968
4136
263 5846 2263 3269 3270 2263 2261 263 431 1075 1119 1388 991 2261 3269 2263 263 264 1388 1119 1080 970 1394 2263 263 2261 3269 264 1391 1119 970 1075 431 2263 3270 263
4126
4125 2944
2946
3770 2024
4126 4132
4126
3510 3327 2241 4127
2044 1533
4126
4126
4126
2968
2968
4125
4125
263 6969 2547 263 6722 3165 297 2440 1627 263 1633 6969 2374 263 2547
163
2944 4112 1653
4112
163
4112
4112
1622 1862
2968
4130 4132 4130 4103 2901 4132 4130 4130 4103
4112
2968
4112
394 1294 1262
2776 3876 3877 6723
4112
6772 1532
1531
4125
1533 2961 6823
6012
4126
4126
6855 4264 3876 431 2797 1695
1726 1381 1400 890 2249 5606 3510
4126 6445
4074 4112
4126
5625 2832 6344
1987 3409 3334
5632
1742 6668 2211 5929
2968
163
4129
4125
431
2538 3677 1047 1131
2905 2968
5530
4126
4264 5740 3643 2220 263 5750 1547 2369 263 6969 2832 5929 1547 2227 263 5740 2363
5941 2640 263 2640 5941 163 5940 5941 2640 1547 2236 5941 263 2640
6796
2754 3275 5940
4112
1756 25
4112 3487
1737 620 1868 1669 1615 3716 2261 6392 1547 2817 1547 5607 3334 1622 1855 1738 682 1672 5607 3334 263 6969
4074
3510 2899
4128
4112 4112
61
4112
4112
4112
4137
4125
6247
6179 4126
4132
375
4112
4112
4125 4115
263 5749 2764 3309 3350 2546 3889 263
263 5740 5741 2369 2797 2369 3255 263
4112
2946 163
2968
4730 5948 2275 3276
4131 2974 4112
3343 6432 263 6969 6971 3899 263
263 3959 2643 3921 263 1988 1987 2440 263 4439 3165 2643 263 2362 3960 263 2362 3921
163 163
2956 2968
4125 4099
4136
5906 25 4112 5908 2
6969 4125
4112
1533 2949
3509 6906 6914
4127
4126
2944 6971 6711
4126
1532 1759 5827
1707 6986
4074
5607 2461
2968
4112
2944
3509 3334 3035 4386
2968
4126 2968 1538 4131
4125
1400 890
4127
2968 4126
4112
2944
3261 2644 263 263 4717 3944 5741
891 1379 1145
709 1900 1894 1855
4104 4125
282 7196 6299 283
5925 263 1986 3297 3637 263 4439 6392 2797 263 2392 1986 5740 2797 3269 5624 263 263 3899 6971
2944
3943 2643 5326 263 3541 263 3391 3656 2216 2643 263 3876
2944
2756
2968
3320 3322 5772 3404
2946 2972
4126 6061
3889 3952 263
163
6970 2645
5633 6397
163
4125
3906 5384 3881
4129 6350
4074
4126 4074 4126 4640
525 6985 324 642
4074 4112
4112
5801
163 163 163
4125 4099
2623 3196 263 3944 263 3944 2362
4420 3062 2643 263 2754 2727 3037 2997 263 263 4439 4525 6398 2754 263 5770 1547
2797
2317 5631 3873
1760
2265 6242
4125 5468
263 4439
4074
344 4136
2930
5070 5059
2635
4112
4126 3371 6912
4126
4112
4103
4112
5531 6850
4126
2968
4112 6295 1743
2968
2968
2968
4898 6985 3278 263 3509 6969 6023 2624 2817 3037 3049 263 263 3548 2390 6990 2863 6851 263 5807 263 3915 3873 3049 6990 2329 3338 263 3944 3196 5628 263 6990 4265 3037 2817 263 6986 2624 6990 263 1547
2944
2945 2918 2921 4632 2827
2764 2381
2968
2968 4074
4125 4099
1538 602 163
4129
163
163
4081
4126 6179
4129
4112
3499 4126 4099 2912
4112
4126
4126
163 163
2333 1605
291
4125
4099
6689 2651 3318
4126
1077 1390 1153
5829
4074
4112
4125
1915
4065 4632 2698 5485 1689 5483 5481 2608 4663 4218
4126
2968
2797
5977 608
2851
2972
3719 2775 3753 5929
4126
4112
600 608
4189 3230 5307
2968
4125
168
2968
4112
2968
163 163
2325 2326 5623 2325 20 2325 20 2325 20
2968
2968
602 1672 692 521 2832 2220 1547
163
1538
2968 1532
4125
57
1538
2797 4663 3910
4112 4112 543 600 682
4061
4136
4112 2968
2362 5941
4126 6536 4125
2956
1124 1388 1394 1077 1150 1394 1379 1399
4126
4126
2819
2180
4126 6533
163 1538 163 163 1538 1538
4129 4127
163 4467
3543 3915 3541 3887 263
4129
2465
2944
6167 4125
4125
163 5741 2317 3914
4074
4112
6014
2944 4074
163 163
6485 4127
6259
6705
4136 6176
4126 4135
6986
2968
4126 2968 3273 3325 4380 2363 3275
5749 431 2375 2369 2
163 163
1836 6980
163
4125
4125
2968
5806 6325 3882 263 5419
4126
3153 4280 2631 163
667 525 641 667 509 1855 608 667 525 1855 667 720 641 667 720 641
2968
4074 163 163 163 163
4126 2899 2924 2901
1703
6242
6792 3637 2833
4128
163 4125
2944 4112 6709 2944
4273 2968
1120 1076
2236 357
2249 263 1988 2764
2968
4074 4074
4137
163
4126
4126
163
5623
2797 263 1728 3261
4126 2968
6895 6969
6176 4125
5752 4663 2797 2797 1853
2797
1531
1074 1389 1073 1119 1728 1720 6901 3558 5297
4125
6969 3274
4130 4101 5920
6969
6355 6410 5844 4125 6050
4126
2946 2968
4136 6459
4126
163
1726 263 1767 1705 1742 1724 6432 6969 263 1836 3510 6346 263 3309 6969 2773
1760
2480 5845 2623 2458 6391 263 5844 2633 891 2797 2631 2643 6668 263 5846 1388 891 1394 1615 1737 645 1868 5844 1547 3467 6856 163 3467 6856 6857
263 4440 5827 2643 3981 2797 1758 263 1821 4437
163
3306 5801 4303 5632 5801 5645 4304
2944
6760 4074
2956 2956
4422 3558 2756 5633 5631 1760 6382 5940 5633
4125
4131
4074
6709
3320 6792 5945 3320
5929
4125
5640 5750 263 5749
2956
5631 2382
163
2905 3829
4444 263 3548 2650 263 2602 4444
2949 4125 6459
608 720 688
4632 1533 4632 2146
163 1538 163 1538 163 163 1538
4813 5012 5105 6823 5747
163
2911 2912
1531 6969 6078
295 5035
6723 5630
1538 1538 1538 163 163 1538 163 295 1538 163 1538 163 1538
4125
163
1836 6610
4125 2586 6974 2851 6976 6033 1837 2585
163 1538 163 1538 163 1538 163
4074
163 1538 163
4126
163 163 163
4125
163 1538 163 1538 163 1538
163
1178 437 1214 1180
4074 4074
207 207
3509 3898 3374 4617 3899 3910 5496
163 163 1538 163
5617 4440 1710
4119 4695
4112
163
4091 4091
2643 3307 2776 6800 1547 5918 3906 2216 3952 6336
2956
2944
3510 6969 6132
2302 3869 1622 700 1885 620 4444 4218 263 1622 263 701 1164 4215 6307 263 2651 701 263 1164 4217 4304 264 4215 263 4304 4222 2369 2651 4218 4304 4444 4663
2956
2645 5839
2797 4265 263 6855 3878 2832 4175 2833 4175 2832 2833 4074 1547 2832 2825 263 4174
5823
4126
4126
4126
4074
1872 1873 3510
4537
4129 6447
4103 1734 4103 6970
1120 1076 6972 954
2363 2326 2326 2363 6042 1533
163 163
4129
4125
6926 1801 2643 5747 1801 2633
163
163
163
1760
1076 264 1394
2140 2855 3268 5607 3643 282 2764 6723 3343 1871
3510 3334
1937
6969 5752 3915 1785 2369 3275
4126
163
1622
4126
6659
2631 4125 4125 285
163
2944
1532 6067
5582
4125
5605
163 163 163 163 163 163
6894
2634 6313 5463 2459 6313 6313 263 6284
163
4149 163
1915
4074
1538 1538
163 1538
4074
4099
