3297 3509 2756 3274 3269 1737 1622 5844 890 1400 3274
1533 2882
10
1776 6839
4125
4135 2952
6320 2214
2968
1166 1737 1615
4112
4126
5865
4112
1533
4694 10
2945
2968
3265 3380 6969 3379 3377 6971 2100 6969 2100 6969 3380 3386 3377 6727 3380 3386 3379 3377 3373 3377 3380 3377 3386 3380 6969 3380 3379 1751 3377 2754 6969 3380 5929 3697 3381 3274 6969 5929 3253
4632 6722 2975
5819 5598
4064
4125
2368
4125
2968
2335 4112 2633
2968
4126 2968
4130 285
4125
4125 4126
1699 4125
285
2968
4126
2968
3
4127
1853
4112
4112 5207 2540 3986
4074 5531 1720 5532 4074
2459 1797 6792 6336 1813 5875 5645 1795 2225 1547 2806
1531
6950 4112
4125
2975
2139
10
4125
4112 4112
4112
2139 2918
4126 163
1533
2139
4112
4075 2975 23
4112
7256 7313 4112
4112
2362 1696 385 2210 2643 2776 2769
3 186 8 1751
4112
4126 2946
163 1532
4126 2945
2975
4112
4112 4112
1776
4126
4539
4126
2975
4112
4112
5623 1752
4112
2368 2968
5867
4126
2968 4129
2934
2975 4126 4112
954 1091 1115 1135 1117 1387 1077 1005
4125
4112 4126
4126
4221 4112
4274
4125
1533 3261
350 4112
2180
4126 2180 2946
6796 1915
2968
1705
4112
4126
4125
3696 452 452 5572 6017 2762 630 1776 5573 2202
163 163
3857
6184 4125
4126 2946
4125 6178 6175 4125 6175 4126
1738
2946 4125
1533
2968
4112
4125
2968 2899 2915
1538
2908 221
2968 2827
2958
4126
6376
3421
2946
1751 3408 2826
4074
2853 699 610 563 2853 5634 650 688 720
2968 608
4125
4112 4136 6175
1531
4126
5607 4125 3126 3853
2968
1740 1702 1738 1615
1670
4125
4112
1
2975
6701 1915
2968
4126 4112 1538
1532
2968
5854 2362 2418 2615
4533 2586
4125 4130
4127
4112 4112 4126
2968
228
4074 1538 163
3650 4667 2682 2817 3558 3882 4215 1547 6972 3260 3560 5230 392 3463 3205 6231 3196 3518 1548 3195 2817 4212 3558 4282 2374 2863 3647 1763 3260 4218 5752 2326 2682 3881 6971 3560 5372 2262 6969 3264 392 3558 3463 3195 4439 1547 4218 3882 4525 3518 2729
4125
4112
2368
2956
4127 2363
4128
4112
2368
4127
1533 4136 6969 6969 6969 2930
4112
2363
4126
2440
2777 3874 6666 2214 3510
4126
1707
4112
5623
2968
2634
4112
2968
62
5464 1707 1801
2946
4127 1532 5212
4631
2968
3269 2649 5952 2483 3380
4126
4125
2968 4112
4126 4112
2968
4137
1706 2811
1707
4126 4112 5530 1703
2368
2968
163 1533 163
2975 1703 2139 5928 6014 1703 3276
1622 1862
1776
4112
4112
4125
4074
4125 6179
2968
1532 2883 2369 2237 2863
4112 4112
4125
4112 4126
1533
4126
4112
4126
4694
2968
1776 2585
3869
2968
163 163
5646 2833 2225
1931 1931
4126
4081
4112
381 649 2882 701 1531 1615
6796 3201
4112
4125 2363 2899
6722
4125 4130
2975
2975 2976 2968
4112
4126
6887
2956
4125
2578 4112
4125
4126
1997 6210
4125
2945
4125
2459 5938
2968
5634 5531
2368
4125 4112 4125 2363
1533 2882 6089
6822
4125
2946 2911
2968
1
4074 4112
5623 5625 1743 1707
4578 2756 2754 3881
2651 5640
5839 1855 1622 5765 3275
4126 2943
4125
4125
1784
4126 4112
4126
1967
2481 1868 1864
5625
4112
4125
2968
4126
4126 1532 3637 1704
1532
2689
1707 3509
4075
2968
4136
2968
4136
4125
4112 2968
3412
4065 4112
4125
2968
3869 5544
2946
4112
1829 3275 2369 1547 3902 5844 2777 5644 3877 2362 2646 3944 5644 3275 1548 3875 3899 2769 1821 5633 3320 5752 4216 1758 5765 2646 1829 2633
2968
4125
4136
4112
6268
4112
4126 4125 6260 4112
4126 4132
4126
2578 1712
2946
2968 4112
4129 4112
4126
4126
2846 3267 2224 3269
5827 2922 2904 5829 4126 1785 4992
2946
721 607 3404 1622 721 1622 2207 721 1622 5994 1533
1
1915
2968
4112
4112
4125
2946
4126 1715 2765 3106
2366
2946 4126 4112
1533 2882 1738
2975
4126
6320
4125
551 692 1853
4126
4125 6262
4126
1776
6375
1785
4125 4130
2968
4074
1538 1538 5787 1538 1538 1538
3532 4264 1531 6723 2754 3510 3877
2635
2139 2975
6894
5994 381 1533
5792 3546
4126
4128
1533 2882
4132
5431
4128
