452 2634 1871 2797 4433
4137
67 59 78
285
408 4694
2369
4125
3267 4444 3287
4099
3510 2947
4112
5865 5865 5 5865
23
4126
1622 1738
6392 3463 1862 392
4128
2984
1707
4126
3386 3379 6969 6971 3380 5763 6723 2627 6850 6976 6969 2627 2100 6727 3268 2627 5929 4264 3164 6969 6971 3379 2754 3379 6969 3380 3255 3377 3379 6969 3380
2039
2968 2368 2853
4126
1532 6639
2378 4217 2756 5875
4125
4274
163
3 2968
6014
4125 2968
4132
285
2972
4130 4112
4112 4112
1
4126
2946
4074 4074
4112
4136 1298 360 1271 1315 394 1253 373 1363 1361
285
2944 6722 5739 3558
4130 4132
1076 1072
4112 4112
285
649 1738 1669
4112 2956
4112
4112 4112
4125
2956
2968
3881 3510 3297
4074
1850 608 605 509 1738 4899 688 5929 5820 1278 6922 1280 1272 3414 394 1294 693 6926 686 2968 6485 5632
4126
4126
4112
4128
2946
4087
2968 1915
4112
4125
4112
4125
4129
4126
4126 2968 4112 4074
4126
3881 2755 5622 3898 1047 1836 5772
4112
4112
2946
2968
4136
4125
4126
4125
479 676 2263
2909 2918 1538 2946 2968
4112
4074
2414
952 717 1081 1119 3869 1697 2590 1119 1479 1077 3869 1697 1776
4126
5370 5371
4126 6095
408 4694
2946
1533
5443
2956 4126
2968
4125
4112
2968
4112 4129
4125
610 5941 5573 5573 5572 1772 1772 610
2968
6179 4126
4136
4125
4125
4112
4112 1538
5909 4125
4112
2947
221 221
6709 6424
1715
5844
4274
2945 6279 2547 2948
4129 4112
4112
2968
4130
4126
6907 2853 2590
2797 5624 4112
4125
2968 4125
4126 4131 4130
2946
4125 2946
1980 2911
2946
2595 3409
4112
4126
1
285
2968 4112 4126
4126
4125
4127
2901
4126
1538 1164 701 602 1538
392 4780 3463 1548 5620 4663 2862 2863 2374 2326 4664 2325
4112
2968
4126
3878 5325 3275
1615
3420
1785
4126
163
2956
4200 4199
4103
4112
4126
1707 2968
6108 1533
2968
2946 4128
2968
2945 2947
4127
2777 4631
4125
2968
4125
4694
2968
4126 4132
4112
408
4136 2943 4090
263 2284 3669
4125
4126
2968
4074
6723 163
2856 3280 6258 6287 2911 2912
13
4132
6454 4126
4129
2948
4112 4125
2944
4074
5522 5521
4065
4125
6395 6012
4087 2944
4112
4696
1533 2946
2968 4112
2946 4125
2968 6549 4126
2956 2946
5640 4265 3655 1697
2968
2968 4990
4126
4127
4126 6184
4125 6179
4074
163
4112
6855 5531 5755 4126
4126
4112
701 394 505 1262 373
4125
4125
3640 6792 4112 5640
4125
2946 4112
2773 3414 3269 3309
4125
2968
4112
5772 5531 3877 3900
3275 2862 2723 6410 2777 6971 1547 4882 4280
4126
20
4136
2968
2954
4112
1538
4112 4129
4126
2947 4136
2968
2968
4125 2965
3625 4112
6178 4126
2934
693 2362
4125
4125
6242 2806 3509 263 5750 6377 6247 263 5750 263 6377 6251 5750
4129
4126
2968
2956
4112 4126
1707
4115 4125
2946
5111 4125
2631 2754
4112
610
4443 2594 6335
2911
2968
4131
4112
2901 4112
4127
2968
4126 6179 4126 163 6176 4126 6175 4126 6175 4126 6175 4126 4126 6175 4126 6178 163
2946
4126
4125
2946
2968
1697 5988 5630
6440 5278 1531
1683
4125
3510 5463
4125
6723 2020
3379 4291 3388
4125
4126 4112
2968
4112
4126 2911
4125 6484
4125
2538 2466
4126 4125
4126 5753
2968
4126
163
3709
3827
2363 1533 6595 3960
2968
4664 1791 2603 3900 2665
4074
4126
2949
4126 2972
6969
163 3417 3397 3509 2617
2968
4126
4112 4112
2968
2912 3269
6175 4125
4126
2968
4125
2968
4125 6176
4125
5823 2439
4126
4125
4126
4136
4126
2369 720
4135 3833
263 2996 4663 2817 5246 3510 263 3307 2262 1148 1399 891 551 692 650
2578
4127
1394 264 1391 1076 1124
6796
4191 1538 1538 1538 1538 1538 1538
1801 1785 2024 5602 5952 5013
2956 4074
285
4128
6583 1533
4103
4125
4125
2033
4074
2946
1527 6722 5032 1689 5893 3510
