2968
67
4694
4125
2968
4125
4919
4142
4919 4112
4125
1915
4126
3589 2557 5918 5852 2565
1533
4921
4921
1855 5764 2362
4126
4136
6549 4126
4127
5485
3386 3379 4291 6969 5920 6978 3380 3379 2366 6969 3380 6971 3380 6969 3379 4291 6855 3317 1533 3164 6921 2366 5468 3408 5929 6340 3408 2366 5820 3379 3373 3268 3380 6969 3408 3195 3380 5929 4281 3697 6727 2366 3270 1767 2366 3276 4982 6727 6855 6969 3408
4919 4920
4136 4112
4921
5819
4919
2568 5607 3875 5840 3267
2968
2968 4125
2432
4131
4921 3651 3320 5749 2764 3275
163 1538
4919
3509
4921
4126
4125
3338 5746 1987 2367 2754 5793 5335 4670 5743 3906 2853 3345 3882 5746 5796 5743 3265 3344
4125 4132
2236 5350 3881 2216 2665 3651 3694
4125 4125 2956
285
4142
2968
4142
4142 4694
2968
4126 5521 5839
4142
2643
4921
4112
607 688 548 686 509
4135
4131 4131 4920
2968
4919
4920
3341 3344
2180
4126
1622 1825 389
4919
2968
4920
2995
2968
163
4920
4142
4125 4112
4136
4920
4126 6448 943 1120 1047 1474 1517 997 1466 1481 1390 1119 699 6985 1533 2362 3338 6691 431 6922 1474 1471 1144 1119 970 717 1987 431 943 1119 1533 2362 3338 3307 2634 6922 3898 2641 3309
4099 2368
2968
4142
10
891 1378 4814
186 1750 3410 1844 1751
2911
6069 1533
699 1615 2319 475 642 525 699 688
4919
5663
3656 2381
4125
4880
4126
4126
4125
2968
4921
2210 1533 1529
2968
3510 2968
2968
4125
6690 1820
4126
4125
4126
431
2968 4112
4126
2944 4074
4074
2899
5875 5925
4126
4132
4112
2968
1538
4126
7257
2968 3
4081
5451
2934
4525 3650 3341 3906 6398 5827 5852 6295 2665 2229 3694 4671 1758 3906
2968 1772 6382 1772
2461 2665 5488 2229 3882 2320 2764
604 1855
169
4920
4919
4125 4099
4142
1533
4920
2565 3415 5951 3412 5948
4125 4112
4126
2968 4137
4125
4125
3510 2220 3889
4919
4126
4070
2968 4126
861 865
3747 2369 1547 5796 4217 3782 3640
4136
392 3270 3269 3463 5469 2369 4142
4126
6970 6385
4919 4125
2968
4126
2946
2968
4074
4125
2956
4129
4074
1695 6972 6668 3881 3307
4142
4112 4112
1836
2944
2368 6242 6969 2368
4074
4919
4919 2382 3269 5330 1737 2382 1737 5330 3269
605 2797
4921
6178 4125
4125
4142
4125
4920
2968
2209 2754 2968
5929 5344
2968
4125
292
4142 3857 1533 6569
4121
4920
4112 2943 2972 5867
4125
10
4263 1547 2801 2284 4264 402 3545 5827 7395 5481 5828
4126
1710 4126
4126 4921 4112
2851 1531
4126
4112
2968
1533
71 5607
2968
4132
4112
163
4112
1698 3669 263 263 1698 3669
2968 4919
4126
4112
163
4126
4132
4125
3494 1158
2968
4921
4126 4132
3510 5941 2640 6686
4125 4142
2972
2797
4126
6548 4125
4125 1836
4112
4112
4112
4142
4112
4919
4112 4142
2968
6908 6906 6689
61
4125
163
228
2948 4112
4921
2968
4142
2968 4126 4128
4126
4142
4125
4112
3944 3910
4921
5560
2968
4112
4125 2968 4099
4921 2944
543 448 1738
3374 1378 3694 2440 5633 3165
4919
4125
4126
4125
3274 2776 3268 5752 2641 3278 2754 3298 2634
1776 5631 1818 3959
2968
4126
1915 4112
20
2317 3643 1855 1738 691 642 3275 509
4920 2968
4126
3275 3510 3338 2554
1738 475 1848 1885 686 460 610 699 680 502 510 691
4125 4125
1956
1111 1088 1120 1074 1390 1113 1387 431 1076 1391 5183 5402 4921 3898
4921
1935 4921 1947
4619 4142 4563 4125 4099
6855 3876 2317 3278 2754 1703 4265 2797
4274
4142
5607 5344 1821 1979 7014 2586 4921
3893 4218 6855 4908 2645 3875
2968
4921
4112
4125
4112
4919
431 1773 3292
2968
4920
4130
3882 2245 3298 2362 1547
6902
6723 5793 5750 6360 5795 263 5744 6723 3207 263 6360 6247 263 5750 6723 2849 263 6377 5795 5750 5793
4126
4126
6666
4921
4126
4919
6413 2943
2968
4921
4920
4112 4112
4142
2968 3408 1681 384
3309 2968 1622 3309
2968
4920
1759 1820 3409 2459
2968
4864 4920 3419 4369
3520 2806 4112
4921
2968
610
2968
4142
4125
4126
4087
4126
646 693 1848 667 605 1853 4997 2018 2015 4191 5345 5735 4573
4126 3341 3299 2759 5951 6723
4920
4920
4126 4125 2337 2640 3374 2651 1738 1622 507 721
4125
6691 6671 7193
24 4131
4919
25 2634 23 4112
717 925 474 680 1864 709
4921 4919 4920 6850 5839 5581 6359 2465 5913 1739
4112 3
3 8
1531
4126
4112
4125
6969
2944 4112
1532
2325 2317 2968 2325 4126
1533
4905 263 3944
1538
4076
2968
4920
4112
4125 4099
4143 5634 2825
3100 2859 3131 4142
1757 1783 26 6804
4126
4125
3001
2968 1538
4919
4126 4112
2968
4112
1531
2968
4136
2855 2633 3692 3744 3694 3767
2366 1144 2764
4919
4126 4112
4920
1155 717 6396
4126
285 285
2297 2363 349 2075 6695
3557
4919 2968
228
2968
4112
2968 3604 5885 5431 2333 1862 1532
1443 1451 368 1426 1414 2281 3869
4070
6012 3334 2322 3881 3640 2237 4218 2756 5326 3908 3372 2633 3891
6969 4060 4060
5663
4143 5639 5941
2634 6284 5941
610 688 1848
4126 2972
163
2382 2317
408
2956
2797 4103
4920 4920 4112
5754
2968
3408
283 7367
3282 3336 2762 3336 1669 721 1871 1669 1622 721 1622 607
4921 4125
2968
2644 2538 263 2461
4126
3510 4426 5848
6914 6686 6910
2968
4125
4126
2635 3881 3922 263
4136
4921
4101
167 4112
4125 4919
4126
5929 2249 2369
3878 1073 2756 1119 1391 2650 3694 1111 5846 997 1784 1077 1389
3320 3201
2807 2827 2215 3510 4993 3102 2226 3423
386 277 1710
3781 3559 1547 2369 3795 3915 263 3914 3510
1774 3900 3894 282 5531
4127
3273 3309 3874 2633 4425 5741 5169 5752
2972
6969 3509
6178 4126
2943 2906
4126
4143 4920 4142 4919 1533 1538 1538 1538
