4142 2968
4129
4920 4919 4112
6690 6906
4104
2968
4126
3274 2628
163
4142 4126
4112
2934
4125
2764 3880 1547 3898
2968
1615 610 1868
4921
4919
4126
4919
5
4101
1699 4125
4126 4112 6666
4143 5865
4126
3510 3276
4074
4132 4143
4112
4087
4104
163 163
4125
4112
4125
2920 3814 2381 2368
5450
1538
2968
1538 1538
4921
4920
6
4132
163
642 682 1164
2968 4112
4137 2913 2911
4112
4112
4074
1738 721 686 1615 475 699 1738 602
4129 4129 4112
893 1153 868 1117 870
4112 4126
2857 2754 3274 3643 5623 1704 2317 3876 3001 2631 3340
163 1538 1538
5865 5865
1670 2754 4380
4099
4136 4112
4291 1531
4142
4125
1
5801 5807
2968
4127
2943 4136
2363 5840 3886 2128 4920 1738
4921
163 1538
4125
4126
1076 1081 1072 6355
4129 4920
4920 4112
6330 1796 2949 4132
4101 2968
721 1737
4112
4125
4074
4921
1757
2968 4142 4112
4112
4126
6969 2797
2968
2374 3001 3338
3298 3269 3756 4222 3270 3751 2777
6454 4136
6907 4920 721 6307 1622 694 1697 1622 1871 1738 1370 1315 1264 394 373 5952
163 2968
4125
4920
4136 2944 3839 2913 3839
4112
4920
5839 6689
4136 4136 4112 4126 4136 4126 4136 4126 4136 4136
4126
4142
4135
4126
2755 3509 6346 3321
6696 1577 2362
203
163
2972 4920
4125
4125
4126
4128
4112 4112 4112
4126 4126
4112
4919 3510 3275 2851 3875 4112 5607 3269 6691 1703 2317
4125
4125 6178
163 163
2968 2956
236 4921
5242 1533
4126 4112
1533
2369
4126 2944 4112
4919
4126
2968
4919 4112
3275 3296 3334 3341
63
4126 4125 4112
4125
2968
4920 4112
3510 6012
4126
2944
2968
163
2754 6855 3877 3274 3278 3323
2968
2968
4074 4112
4126 4921
4126
2968
4129
4919
4112 4090
2972
4074
4127 4115
4126
4125
2624 2773 3647 3545 2440
4921
163
4126
4126 6461
4125 4921
163
4920
4112
2375 3298
1531
5634 1378 891 431 1088 5630 1074
4125
2181
4919
4921
6981 6969 3887 6907
3643 5749 3882 5747 4899 3269 3651 3770 4112
2968
57 188
4112
4920 2968
4919 4126
1280 1270 394 373 1306 1341 1361 1363 1314 1297 4921 5238 3402 4143 6319 4920 5379 4142 4661 3407 5233 6815 6392 5827 6816 2317 5398 3692 5765 2368 4221 1548 4218 2325 3882 5332 2801 2644 3972 2776 4664 4217 3407 4905 2252
4125
2968
4112
4125
4125
4920
2943 2899
4128 4112
4136
4142 1538 1538
6713 6711 1812 1813 1797
4126
4112
4126
4112
4074
2326 5952
6910 6696 6689 721 720 721 1871
2968
4125
1538
2956 2956
4074 2944 3509 4433 6792 2578 3880 2997 3922 6969 4074 4112
4919
2363 6387 3873 6734 3268
4081
2224 3651 3267 4142 2650
4125
4125
4920
6325 6326 1695
3259 3343
6926 6921 1788 6907
6180 4125
4921
4125
4125
4074
2944
3372 2645
4112
2968
4125
4112
4303 2645 2483 6012 3882 5827 4631 3275 2645 1124 1072 955 386 1710 3509 3008 2723 2458
4126 4112 4112
4129
4126
2826 1531 2363
5607 6971 5917 3869 6970 5929 2458 4511 3376 4905 4303
4112
2968
4132
4142
4112
4125
4074
4115 4115
2968
4920 2968
2968
6185 4125
4125
3280 2366 3275
3510
2972
163
4112
2968
5808 3959
4125
4125
5344
3260 2240
431 1378
4218 4731 1001 1121 1073 1381
4126 2906 4632
2944 2946 4125
4132
4125
4136
4142
4126
2956 4131
4920 2968
4126
5772
3767 3022 5630 3889
4137
682 543 1855 4921
4920 4112
4112 4112
4920
6484 4125
2968
2968
1533 2968
2968
4129 4129
5978 6970 2333 6668 4444 2378 5975 3941 2839 2020 4443 6981 6970 5328 5975
4126
3892 3260 3900 1088
4899
6178 2968 4125
4126
4112
4126
4125 4125 4112
5607
4920
5607 3510 6012 2968 4434
6
4074 4112
2968 1622
4920 4112
2949
4129
4142
1533
4128
4125
4112
4112
4112 4126
4745 1715 5925
608 610 1853
5845
4112
4125 4908 2855 5630
4143
4129
4920
4921
3828
4125
4126 4919
163
3875 3273 2797 2769
2224
4632 4126
4112 4112
4125
61
2375 2367
4112
2968
4074
4074 4919
4136 4632 2920
2972
4074
4125
2949 4129
4921
3899 2968 2374 3876
4142
4125
4920
4136 26 22
4217 4666 3297 3271 2777 3509 6313 1707 1533
6713
4130 4125
163
4126
4919
4074 4112
4919
4126
2329 4223 3273
4129
3898 2367 5634
163 1538 6063 1531 163 1538 721 1669 1538
285
4694
4074
3881 6284 2336
4126
4142 4112 1538
2968
4127
4125
4142
4920
2972
1533
4142
4131 4131 4131
4085
2944 4126
3696 2381 6308 3721 1547 3932 2397 3696 3933 2381 5325 1547
3867 5384 4617 2322 402
4103 1738 1738
4921
3558 1801 269 4919
4126
4126
4311 4175 4142
4126
1538
4143
2968 4104
2583 1622 1862
163
5929
1862 721
4126
2164 2164 2944
4112
1538
6068 4126
4129
3180 5466 5607
4126
4112 4126
4112
1538 163 1538
4112 6574 1533 5640 5925
2905 5564 4126
6855 3268 6855 3268
1777 1698
4061
4919
4125
6898 6889
4112
4919
4125
4126
2968
4125
4920
4112 4112
4125
4128 4112
2944
4074 4129
460 701 502 4112 3426 1988 3334
163 1533 163 163
5845 5405 4836 2384 6929 6085 4347 4017 4919 4608 3740 5415 4604
2968
2968
4126
3875 2797 2968 5326 3877
4125
4126 2968
3932 2634
6607 1533
4112
4126 4112
2968 4920
285
4126
4126 4112 4126
4125
4126
4126
4126
4125 4112
4142
4112
2458
3510
4131
2366
4127
4119 2902
4125
4125
1704 2603
163
4919
4920
4142 4125
1824 1824 6936 1538 1824 1824
1846
4126
4899 3944 3334 2665 3653 3877 3338 2284 2764
4920
5310
4129
2368 3899 4218 2777 3318 3875 3874 3622
1878 1853
5975 3922 3881 3268 5975 6690 2646 6907
4126
1538 4142
4126
4921
4125
6004 2956 4125
2944 3503
2968
2968 4112
4125 4142
6970 1718
4070
2631 2754 4265 3891 3898
4125
4128 2944
4104
3559 4126 4074
4142
2968
163
4919
277 5471 2855 5247 6723 2968 1704 2855 2729 277 4215 2865 5373 3347
4919
4919
2968
4142
2968
4115 4115
4920
4126 2968
4126
4126
4126
2968
4919
4126 4920
168
4921
2968
4125
4132
4101
3509
709
3405
773 746 732 817 431 768 748 722 1532 746 431 782 817 732 775 739
4101
2968 6178 4126
3
5336 3899 5607 5606 269 3876 6012 3881 3877 5765
2943 2417 5441
4920 4125
4126 6447 4126 6448 5591
4920
4126
228
4143
1855 2374 1738 693 1622
2021 2020 4112 2021
4921
2968
2968
4125
1533 4142
2969
3881 3269 3267 6359 5481 3022 3887
63
3509 1695 6326 3650 3941 2946
2972 4073
5339 4898 3914
1850 6972 6979 6972
3994 3932 2369 3899 6855
4126
2944
2152
389 1825 6926 6922 1280 1297 2369 2968 383 2769 6926 6922
2643
4125
2417
4126
2968
2965 2967
2968
2968
204
4142
3293
2968
4112 4126
4112
163
4126
4112
163
4136
4920
4067
4126
4125
1533 5994
4136
4919
2570 429
1531
4126
4126
4919
4112
4126
2943 4128
4125
4919
4142
2968 2956
2634 2461
4074
1531 4112
4142 1531
4128
4125
4112
163
3510 3379 1622
4126
2968 4126
163
4919
4274 4136
4125
4142
4074 4112
4112
5339 5324 3346 1547 2367 1987 3343 2381 3974 3545
2968 43
2956
891 1394
4112
4125
3906 5339 1698 2368 4425
186 6 3
3275
4919
721 3338 1532 3334
1531
2366 6005 1532
2968
163 163 163 163
893 998 1394
4112 2968
4126
5054 350 282
1988 6722 6979 3292
163
4125
63
1533 6481
4131
4126
4112
1988 2263 3878 4806
163 163
4142 4112
2944
4074
4921
5326 3297 3914 3922 5336 3970 1547 6723 5373
4126 862 1756 2650 2797 2649 1760 3390 5921
2968
4125
4126 4142
4125
4919
4074 4112
4919
228 228
163
4125
2944
4112
709 682 1853 682 1615 1853 5839 1813 1774 676 1701 709
163
4112
4125
4920 4125
4112
2968
4104
3273 4905 1718 2651 5852
4112
4126 4125 4112
4919
6936
4920
4263 3878 3881 2754 3910 6723 3269 2631 6855 6012
4136 4920
4074
4099 4099 163 4099 163 4099 163 4099
4126
1
4125
2946 4125
4919 4112 4112 4112
4126
2968
4074 2972
4130
4126
3273 2968
4136
1538 1532
4136
4126
4074
4074
4125
4129
2956
5497 1699 6713 4129
1538
4126 163
4920
6549 4126
2968 4126
4126
1779 5951
2944
2912 4632 2912 2913 6280
4920
1531
163 1538
3509 5339
4921
4921 2968
2369 3298 3297
4920
4131
4142 4060
2944 2946 2944
4074
891 431 264 5607 3510 263 3938
1846
5281 2651 5772 3463 1547 5925 2645 392 4660 6968 4646 4816 1548 3201 4664 2806 3463 6723 3874 6901 392 6969 3463 5979 392
6549 4125
5929 5606 6907 4142 4218 6902 6690
4920
1538 1538 1538
3875 4437
4112
4112
4112
5054
4126
2944
4126 4126
4112 4112 4112 4112 4112 4112
4125 2968
4444 1533 1532
2968
4112
4921 3878 3906
4112 2944
4125
4127
4920
2968
1533
4920 4125
2944
4112
4125
4919 2968
60 2968 4919
4920
3204 4439 1853 608 679 602
1759 2944 2968 1759 5599
1680 1758 2827
1533
4112
4921
1538
5847 2320 3944 2229
4126
4142 6251 2465
4112
4119
2375 3510
4074
1615 699 1855 1855 1615 688 524 699 1855
4126
4112
5451 1915 3517 4057
4125 4130
4125
4142
4068 2944
4126
4112
2968
4126
2968
4142
4142
2362 1538
4074
4125
4074
4136
4131
4112
4074
3509 4142
163 1538
4921
4920
4126
3347 5326 3334 5495 4921 2635 4830 4265 2649 2343 3898 3875 2381
4132
4131
2944 4126
2968
4125
3900 3894 2333 3787 2329 2649 3307
4112
4126
4125
5524 2317 6855 3878 3880 5523 4264 1538 1531
4126
4074
4126
4126
4112
2968
4112 2968 4112
2946
1538
4101
2944 4126
1813 2362 2769
3062 1757 5634
2972 4131
4125
688 1855 1672
1868 507 608 3509
1704 1767 2368 1738 5918 2368 4420 5630 2225 2236 4511 1767
4074 4074
62
4746 4920
4126 4112
2968
4126 6178
4126 2956
6573 7100 4143 1532
4126 4125
4126 4112
4125
2944 4126
4127
1774 6346
163
3889 5918 2773
4126
2968
4126
4112
2968
2956
4125
4919
4125 4920
2968
228
2905 4129
732 831 431 748
5530
3642 4222 5134 3264 4899 4716 2561 2569 1547 1988 3893 6855 2754
4136
4136
4063
4112
4127
2146 2919 2906 5729
4920
4280 2968 3379 1533
2968
4128
4731 4458 1547 6398 4919
4074
2899
6261
4920
4126 4112
2944
4125
4920
4125
2968
4920
721 1738 3324 3319
6178 4125 4099
4112
2968
5929 1533
4126
4101
163
4125
4126 6971 4126
2243 3878 3874 3882 2779 3273 2665 2777 1548 3307
4112
4125
4112 4149
3510 3899
4125
4919
4112
5969 5977
4101 4112
4101 2968 4099
4125
163
60
2943
1935
5867 4112
4921
163
6839 1707 5530
1538 2459
6926 6922 6688
4921
2645 5912 2214 2461 2363 5776 5951 2857
4127
5844 2833 2224 2832 2337
2414 2415 2617 2414 2414
163 163
4129
2851
4919
3877 5623 3881 5624 1818 6723 6855
4074 4064 2968
5844 263 5844 5845
4112
4125
4126
1547 6668 2968 6957 5765 2650 4908 1698
4126
4112
6176 4126 4112
4074
4125 4919
4136
2586 2461 6336 5663
163 1538 163 1538 163 163 1538
4920
163
4112
4142
4127 4112
408
4919
4126
4125
4921
163
4126 6512
4126
4125 4919 5211 4112
1243 1231 1408
4919
460 699 502
4126
4112
4074
766 791 820 431 263
4063
4125
4126 6175
4126
4919
3200 6965 5920
1855 1728 2755 1615 1868
4074
2514 5625 2479 2469
1378 1144 890
4142
4112
163
4126
2956
2367 5952 5607
6178 4126
4632 4127 4127
4126
4112
1846 4104
2509 2656
4126
163
4920
4125
4919
3882 6012 3340 1703 5978 3344 2754 5623 2229 2317 2665 3877 4264 3273
4112 4112
2367 1532 6398 3320 2237
2968
6971 5941
2968
3379 163
2930
2912 4112
2944
2374 5521
2023 2634 4443
2633 5607
163 163 163
2968
2968
163
4920
4081
163 163 163
4125
4112 4112
2968 3405 3372 4112
4112 1533
4112
1772 709 602 674
4125
4921
1531 6108
4115 4099 4115 4115
4444 2458
5907 4075
4112
163
6908 4880
285
4142
6365 2646
4126 6540
6969 3881 3892 3268
2946
4112 2944 1738
4142 4132
2965
163
2968 1615 1164 6690
4112
4112
4112
228
4074
2944
4143
4920 1776
4920
4126
3298
2956 5827
4920
4919
5398 6855 3772 3762 2362 1757 3792
163
4112 4125
163
4920
1532
4921 2944 1813
4127
4112
4112
2968 5945 5945
2968
4919
4127
4074
4074
2972
4274
4074
4125
2368 6970 5625 4920
62
1547 2396 3974 2723 5276 3275 3964
2968
4074
4920
4142 2968
4126
6223
2968
4129 2968
4125
4126
4127
6722
4125 2944 6176
4129
4126 6535
163
1533
4126
2944
4112
4142
2968 4125 1538
4125
2369 1743 1707 4919
6850
431 264 886 1399 891
2944
2968
4142 4112 4112
4143 4112 4125
2857 4401 3877 3894 5749 1697
5463
2972
163
163
4921
2362
2628
7109 4006 3892 7127 3622
4920 4112
4112 2968
1738 721
4125
2944
2375
2968
2968
4125
4112
2968
1533
2362 4014 3898 3638 3910
4125
4136
4142
1532
4142
4919
4112
4125
2968
4126
5623 2368
2972
4919
2968 4112
1212 1226 705 439 414 1224
4746 3893
5929 2754 5929 5929
2910
163 163 163
4112
2944 4126
4112
2968
4125
4112
4112
263 1738 721 1738 533 3877 263 2631 5623 6855 264 1389 1073 1119
2415 2968
4919
1862
4126
4126
1538
4920
4142
4920
4101
163
204
4142
4125
4125
2164
4136 4632 4112
2968
163
4074 2911
4142 4125
4126 4112
3877 1853 6855 2631 4263 641
5977 5977
2944 6180 4136 6346 2646 1987 3265 6990 2317 6961 5752 5607 5514 5488 6325 4112 5752 3265 6961 5607 2646 6990 6346 3030 4223
4143
4919
2968
6176 4126 6259 6712 6266 2968 2209 6326
4125
163 1538
163 1538
163 163 1538 1538
4112
2968
4126
4919
4125
4128
3890 3297 5629 2797
3622 3994 7154 2968
4444 3316 3900
2944 4112
4921
4125 4126
2754 5952
2968
6004 4126
2164 4136
2968
5839 5625 2366 6012
163
4128
5844 3510 3341 1382
5765 3275 2325
4128
4126 4112
4126
7030
2944 4126
4136
4112 1538
4103
4126
4919
4112 4273 4126
4125 4099
163
2956 4127 2956
6012 4101
4919
4126
4920
4920
2956
4126
163
4919
4126 6069 6057 4126 1532
4132
3408 6732 431 2855 3269 1826 390 5952
4136 4126 4126 6549
4126
3261 3309
2968
2968
2944 4136 2949 4921
6688 6922 4136 2946 2497
4142 5839
4112
1538 1538
4128
63
4087 4074 4920 4112 4136
4127
6325 5522
5530 5634
163
4127
4112 3517 1685
4112 4112 2337 5969 2381 5969 6364
4112
2968 4125
1538 1533 5607 2773 4223 5344 1538 1538
3878 3436 3437
6161 4125
5941 2968 4131
2911 2132
4125
4920
4112
4112
4142
4125
2899 3510
4098
2972
4921 1785 6970
4126
1738
3153 2322 5763 3374 2729 4774 2216 3509 2497 2213 402
4125
1533
1538
4142
4919 5844 3623
4125
4142
4142
2369 2202 3877 5629 2769 5607
163
1615 676 602 600
4127
4125
4112
6747 4136 2944
5575 3334 4440 4303
4074
163 163 163
6261
2968 4137
4919 4112
4074
4112
163 163
1776 5978 2362 3877
5867
2968
4125
4125 4921
4919
2362 5606 1820 5532 2853 2633 2968
2943
4125
4136
4125
4129
163
4127
2646 2368 1533
2944 4074 4074
2968 4055 2982
4136
2369 1748
4142
4127 2633 26
4919
2968
2369 3877 5339 3269 3639 2210
1738
4125
1538 2968
2565
6251 6247
2968
2631 3876 2776 6855 2458 5496 3877 5623
2944
4125
2972
5806
4126
2968
1533
4136
4129
4920
4142
2968
4125
4129 6136
4074
4394 4395 4396 5929 4387 4388 2334
4125 4112 2911
5826 5772 2333 5523 3692 2367 2363 3338 5826 5827 1547
4125 4921
4104 4104
2968
4126
5
4126
4126
2968
1533 602 5995 1853
4126
4074
6185 4125
4126
4125
3265 2603 3374 2651
4126 4142 2968
4074 4074
6796
1772
4920
4126
4142
4074
2944
4125 4112
2972
4125
4919
4125
4125 4112
4142
6671
4125 4112
4125 4112
103
4126
2944
4112
2946 6457 4126
4126
1533
6691
4126
163
1538
4126
4920
1533 4920
4920
6699
4142
4126
285 285
3509 5810
2362 5531 2369 5531
163 163
3340 6855 3964
4125 2968 4112
1531 163
4919
4112 4920 2968
4112 2968
4125
193
2972
4126 2968 4126
1759 3390 4692 2363
4921
2968 4074
2944 4136
295
4919
6969 1703 4857 4533 2317 3275
4067
163 4919
163
2972
4920
4920
4921
4126
4919
3892 4716 6732 1547 4899 2382
4112 4112
3510
4112
4127
4112 2968
2968
4125
2968
4137
6711 6713
2944
2297
3486
6241 6251 431
1
2968 4112
2968
4126
5827 4437
2642 2797 2797
3510
4126
3852
163
2956
4112
2369 5952
4129
2968
2944 4112
4126 6176
263 4440 2224
4128 4115
4125
863
2322 5640 2252 854 2777
5929 2237 3334 3327
2968
3266
163 163
4128
4126 4126
4919
4142
2968
4919
4125
4074
6723 2851
1532 1871
2934
4127 4142
4125
4129
5845 1862
4126
4125 4125
4104
4126
2968
4125
4142 4126
4126 4919
4112
4921
2943 4125
4920
4126
4099
2523 10
4125
4112
4125
4125 6176
4921
4125
4919
4125
4074
4125 4142
2944 4126
4126
4126
4125
6800 5408 269
2284 263
263 5634 6013 5470 5531 6295 1743 5531 6013 5634
4125 2911
163
5752 2769
2972 4126 2949 1531
5471 4883 263
4142 2968
4125
4112
4919
4131
431 717 891 264
4125
4919 4126 2968
1538
1987 3341 263 3341 1987
4920
4136
1394 264 890 1622 264 1862 263 2369 2203 1547 2631 1254 2834 5214 2369 1615 5640 6906 6906 1738
8
5532 2538 2968
4112
6346 263 3260 4438 2497
1533 6729 6308
6549 4125
4273
431 264 1155
1538
63
163 163
3275 3881 6723 2245 2261 2773 2665 3893 2382
2944
1738 688 1615 1855
4131
23
2968
4074
4920 4112
4112 4112
6448 4136
4126 4065
4112 4112
1738 1737 718 693 448
4919
4126 4074
5325 3881 6346
4142
4125 4130
4125
163 1538
2968
2956
4920 6690 3607
4136
431
2968
3510
3320 3275 3952
4112
163
263 3309 2825 2851 263 2759 1685 3622 4420 2759 2759 2826 4439 2968 263 2826 4420 2759 263
1774 4919 2797
4921
6176 4136
2944
4112
4125
2918 2906 4126 4112
2968
4920
4112
4104
4112
2906 4126 4112
4920
4126
2968 4125
6969 3394 3320 1547
263 2297 2547 4885
6299 6850 2631 3264
4125
4920
163
2968
4136 6484
4125 4125
3766 1760 263
4125
4112
2968 4112
4125 4125
4126 2972
4920
6969 1084 1077 1120 1088 1148 1131 1146
4101
4920
4112
1538 3274 3276
2968
231
2968
4137
1547 263 5532 2649 5747
2968
4125
4126 176
4112
4125
1538
6178 4125
6710
4920 4074
3639 3638 3914 5619 3334 2241 3273 4920
4126
1855 2211 1615 1868
4136 4112
5625 6969
4142
3306 2754 2631
2326 1796 2956
2646
3270 3907 1759
6686 6691 6926
5840 1531 3414
5607 3269
4126
6299 3541 3320 2832 2764 1547 3344 5826
4112
6481 1532
4074
2906 4125 3379
4920
4126
4127
4129 2944
4126
4074
4112
4125
4074
1400 890 1152 431 891
2968
4112
5839 2284 1693 6367 263
1263 1360 1307 394 373
4112
2968
6006 1533 4142
4125
4125
163
4920 1821
4112
1113 1073 4143
104
4112
1532 4920
4104
4125
6178 4125
4125 4112
4919
63
2903 2899 3819 2918 4920
2968
4112
4142
4112
5929 6299 6292 2644 4126
4920
2906 1538 4112
2650 5938 4745
4126
4921
4126
4125 4099
4919
2968
2797 263 3889 5581 2207 263 3622 3510 3622 2797 5581
4074 6263
4920
2968
4920
6268
2367 5336
4074
1531
4125
4125
4126 4921 4112
4919
2968
2968
163
4112 4125
4112 4112
3408 5608 2769 2756 2930 5752 3408
4125
163
4104
2797
608 675 500
509 475 688 6178 4136 5531
4920
6969 1533
4074 2944
1846
2024 5468 3558 263
4126
5650 3317 3316 4663 6014 1836 3317 5607
1855
63 57 57
4112
4112
4127 4130
4112
4112
4919
4126
2968 4112
4125
1533 4125
4919
4921
4905 2797 693 605 1861 263 5925 2202 3903
3391
4125
5994 4126 4112
4112
4125 4920
4920 3323
4125
4125 2968
4126
1538
6969
6259 4112
4126 4126
4125
2972 2755
4112
4125
4921
4126
5839 3911
2645 2365
4920
2968
2224
4143
4921 2968
4125
2968 4112
4143
4126
4126
5868 6666 2211 6666 5495 4218 2631 2333 3297 2458 3298 3320
6727 4174
3423 3423 2613 3423 2628 3510 2565 3178 3423 4160 3320 2565 5938 3423 3510 2565 3423 3510 3423 1532 5941 3510 3423 3510 3423 4266 3177
3653 4303 4908 3875 3880 2362 3372
4125 4125
4128
4125 6486
4074
4112
2972 4112 4112 4112 4112 4112 4112
2968
263 2797 6723 2797 6723 263 6372 263 2797 6372 6723
1848 3320 5624
4125 2899 4112
4112
2972 2946
4919
4112
4920 3374
4125 6051
2968
4126
4129
163
2317 1703 2628 4437 3273 263
4126 4125
6012 2853 3877 3881 4437 3882 3882 4437
5623 2754 3877 2997 2631
4125
4920
6021 1532
163 1538 163 1538
4126
6978 6969
3274 1987 6012 4223 4664 2481 4443 3340
1532
163 1538
4126
6210
2644 2857
2968
4125
4074
4112
4919
601 500 2635 500
4126
163
4126
4127
2968
1538
2944
2968
4125
4920
4142
163 163
6691 263 2229
6410 5826 6398 3345 263 2643 2216 263 6398 2825 263 3345 5740 2773 263 402 6410 2835 2369 4439 263 3647 503 502 1622 1738 721 1871 2635 6231 263 6792 3622 2827 3345 263 3003 263 3437 1547 2225 3345 263 5740 2369 1871 721 546 3437 1547 263 2754 2635 6355 2362 263 3541 3003 263 4401 5531 3437 263 5749 3647 2643 2249 6410 2773 263 6986 263 3345 6410 263 6398 2754
4125
4125
3165 2729 4919 3374 2769 3153
4921 5772 4631 3391 277 2968 341 5772 6336
5514 1745 6241
4126
4132
4126 4125
2968
163 163
2944 4112
4126 4920
4126 4125
5183 4619 4920 2375 6729 5752 1547 4617
4125
5008
6727 3424 6723 6800 1547 263 870 1110 891 1400 1379 3644 3261 6369 1821 263 1547 2642 263 1547 6369 3643 3371 1829 5826 1716 3643 3261 6369 263 4720 6723 3022 6369 6729 6727 2773 1128 891 1120 1379 870 1151
2797 2440 3309 3911
4919
2860
600 641
1388 1120 1162 1072
5920 2675
2944
4136 4632 1533 6969 1751 1750 4632 4797
2317 3309 3644 7122 3345 3278 3653 3881 2320 2797 5297
4112
2754 277 1708 5852 4898 3898 2375 5633 6396 3890 2024 2853 5606 1548 2729 3317
4132
1915
25
4919
4920
1084 2369 1120
163 163
4142 3893 5844 4905 4401
282 3911
4125 4130
4125
1759 5951 3319 2873 6722 3321 5951 3334 6668 3321 2643
4919 4125 4099
4921
4125
4103
57 3379 4291
4074 4142
1686 6371 2598 1833
4920
4126
5297 2756 3644 3320 3509
2224
4291 1668 3068
3640 3309 3510 3643 3899 3306 3651 3307
4125
4129
4126
4136
5050 6662 1827 2817
4921
4126
2159
1547 3772 5875 5978 5980 3736
163
4126
4920 2968
2944
4112
1467 1474 1509 1523 1477
2968
4112
2024 3869 5606 2363 6336 6013 6346 3546 5531 2605 4218 3852 2762 3320 4903 3273 4905 3321 1547 2540 1757 2481 6723 3875 3986 3876
6668 2220
2773 2769 5607 4227 3719
2968 4125 6176
4920
2968
4125
4217 6012 4770 3647 2762 4921
4125
163 163
163 1538
1532
4919
3678 3680
4125
4074
5530
2317 5640 2968 6723
4777 4921 1533 4919
4074
2203 5102
431
3299 2857 5247 6982 2853
4125
1533 1533 1533 1533
6313 5840 2968 3509
4921
4125
4125
5929 1382 6336 2762 2776 4663
2944 4112
4112 1531
4112
1532
4099
3391
2901
4920
2325 4126 3509 2337 6123
4074
4074
2956
4125
4126
1538
4135 5929
4274 4125
1538 3898
163
4125
4126
3501
4125
4125
3880 5623 3640 2317 3338 2754 320 3334
4069
6053 4126
163
1862 1622
5945 3890 2776 3911 2640
168 4126
263 3873 3274
5978 6252
4112
3875 1861 1862 1740
3716 1547 4523 277 2284 3717 3717 3737 3649
2972
4112 4112 4920 2968
1538
163
2968
163
4074
4137
6250 4125
4125
4112
5801
4081
2968
4745 2540
4921
4444 3986 4434
6907 5607 2944
2948
163
4136
4100
2932 2633 5606
3509 5951 3509
4125
1531 3510 4290 4289 2968 2362 1547 263 3986 6969
4112 4129
4125
163 163 1538
4921 4142
4142
2968
6258 1759 4112
5344 6688 6907
4920
1077 1001 263 1125 1121 431
263 1547 5827 5622 1547 5622 5827 263 2224 6398 263 1547
2968
2956
4112
285
4112 2326 5801
4921
4112
1538
4112
4921
3406 4425
4921
4112
5952 3276 3320 5532
3298 2565 2769 1547 1757 6014 6729
6320 5531 5944
4112
1988
5941 4218 6336
1532
4074
2362 2628
4125
4920 2965
4112
3211 1547
4126
3343 263 3639
4112 3559 4920
2185 4632 2911 3827 4126
2320 2797 3878 3882 2229 3877 2665 2440 3881 5623 2754 6723
4125
2390 6343 3647 2369 2378
5582 6972
163 1538 1538 1538
2968
1087 1001 1079 1046
1862 3510
2366 2367 6812 1757 269 6800
2146
4087
4074 4126
4126
1532 6079 4357
4112
2968
1703 2317 3275
1759
4919
10
4112
2968
4115
6851 6722 6990 4218
285
4131
4919
6855 2643 1855 475
3986 3906 3875
5344
4112 4919
4137
2968
6371 6367 3509
1738
2797 3280 2920 2546 2466
4126
4126
57
4125
4921 4920 4112 4919
4125
228
4131 4131
2968
4126 2968 4112
475 641
2968 4112
2368 6293 3273
4564
4919
4126
163 163
4126
77
263 1738 1702
4126
6360 263 6299 5344 1760
6456 4126
2754 4142 4263 3878 6723 3877 6723 4263 6855 4264 6855 3877 2317
4131
4920
163
4125 2968
2968
2968
4920 4112
4919
4125 2968
4126
2968
2944
4142
4125 4112 4112 2968 4099 4112
4126
4126
5389
2944 2918 4142 3827 2965
6711
4517 3526 2934
4125
4126
3307 6341 3882 4919 3889
263 5640 2211 5415 263
4112
2855 2855 263
4920 35
4125
878 891 1394 4074
4126
4921
4112
2922 2908 2185 4125 2922 2913 2909 2185 4126 3839
5623 1707 2325 6850
163
6012 4284
2643 2320 544 477 524 264 527 686 1166 5913 3372 5845 5844 6308 263 5845 6377 5623 263 477 533 1164 546 6377 263 2250 2997 263 2382 688 527 550 643 504 264 3559 263 3391 6365 6346 6729 6732 3644 5740 263 6727 5246 2382 2381 868 1375 1394 1398 892 1377
4920
2643 1547 2643 1547 2643 263 2968 2393 2249 5925 1547
4919 5795 3509 3696
4142 4112
4127
2797 6435 7312 4921 349 1531 2236 3881 3880 2754 4263 2320 6012 3882 2320 2229 3881 414 705 441 1167 3878
4191
2968 4112
163 163 163
6178 4126
4125
4125 4130
4136 2194 2944
4920
4126 4126 4126
3881 6969 3752
610 1772
4142
2331 2645 3962 2646
6448 4136
4921 2968
4125 4125 4125
3886 2369
4126 6486
4074
4112
4126
4143
4802
2944
4126
4112
163
163 163 4112 4112
4127
5752 3877 4221 3876 5752 2363 1382
4112
4125
4074 4126
1947
5941 3287
2968 4112
2968
4919 640 689 1855 1672 1853 4112
4920 6985
2654
4112
4112
1915
2207 709 1533 1533
682 610 607 709 3559 2225 3647 2326 5844 2578 2225 3962 3559 2326 2225 3559
4273 4128
4126
4074
4131 4131
2968
163
2873 1622 5994 4125 4919
4074
68
4125
2944
2899 4112
4125 4142
4112
4919
2968
2807 6691 2358 4720
4126
6711 4112 4920
4142
1547 2643 3510 263 3510 2643
3494
4126 6448
4127
2956
7018 2825 7346
4112 4125
4142
2851 2336
4126
4125 2968 4919
4920
2968
6691 4444 1855 1855 4920 1855
4125
4074
4142
4126 4125
4127 4130
4125
4142 4143 4921
2968
4112
4126
6969 2369
4125
4126
285
4920 4125 4099
6014
4919
2968
4125
2968
2797 2968 3898
4125
1757 721 4437
2968
4125
2968
5773 263 6972 263
4920 2968
6178 4126
163
4126
2972
5823
3510 4919 3269 4136
4131
440 414 1224 705 1210 710 1183 5531
3273 4218
4142
2968
4101
4920
4112
2972 4920 2945
4919
3637 2392 1697 3510 2723
4127
4919
4112
4126
5623 4920 6905 1759
4126
4142 4112
163
2968
2282 4919 2283 3944
4112
2546
5310
4125 2943 5867 4125
2181
4067
4125
163
4132 4130
4103 4112 4112
2968
4126 6178
3181 607
4920 5918
4112
5632 5607
4126
2329 2333
2972
2944
3338 263
3509
1533 4112 4112
4125
4125
163
4125
6595 1533 7307 7309 7305 7308
4142
5801 5623
477 693 1868 647 5034 4562
4112
4125
4920
6474 4126
4112
3509 431
3268 2466 5607 4919 5793 2362 2646 3878 4509 2601 3275 2773
4142 4125
4126
163 163
4112
4125
1531 718
4136 2944
2944
2968
4126 6175
4126
2968
4127
4126
4112
4142
4112
4112
2972 4142
4142
271 2972
6971
4919 2968
4130
4074
2320 4533 5663 2649 2650
4074
4126
3875 6979 5765
1532
4074 4074
4126
163
4126
4136 2946 6445
6727 3875 5749 3987
4920
163
4112
3891 5606 6295
4126
2968
4126
1756
2968
67
4273 2968
4920 4921 4919
264 1388 1075 1119 970 431 3270 263 2263 1391 988 264 1075 1119 1394 3270 2263 2261 263 1075 1394 988 1479 264 1119 3270 2263 263 2261 988 1394 1119 1391 1075 264 3643 3270 1986 263 1394 954 1119 264 1075 1391 2261 3270 263 264 1119 431 988 897 1075 2261 3269 263 2263 264 1075 970 1388 1394 1119 2261 263 3269 2263
4129
163
2968
2024 3468 263 3510 2024
4126 6178
4921
3408
4130 4135 2777
431 1378 1379 891 890
4920
4125
3408
4101
3510 5929 1547 2833 5913 1074
4126 4125
4921
64
2968
4112
4112
4919
4126
4274 3278
4696
4112
4921
297 6722 1234 2440 3030 1633 1627 6723
521 263 693 515 602 263 509 1868 515 263 1672 693
6978
5515 2946
6969 5624 3622
3273 3298 3639 3894 2203
163
163
1195 1175 1230 263
4126 6175
4920
4919
4921
61 2944 2968 4126 6178 6178 4126
4143
1648 1649 1647 1637 1620 1633 1623 1624 1628
3424 3423 263
3003 2762 1547 263 891 890 1156 6969 3345 1704 1547 6969 3003 263
5325 2390 5324 1547 3261 5324 263 2884 1547
4112
3195 3374 2382 3371 2862 2245 2363 2440
163
2968
4125 4099
3306
4125
4920
2968
2968
4919 6014
3510 2249 3510
1452
2968 4112
4126
4074 4112
1538
4132
4920
4142
5947
6326
269 3261 3716 1547 3261 269 3716 1622 1738 507 3345 4523 1547 1868 1615 1738 645
4142
2968 1820
3377 4290 2645 3297 5840
3751 5606
2944
2968
4112
1868 607 642 1167
2968
1846
4132 4130
6969
4175 1738 1622 263 721 1738 263 718 693
4920
4125
2825
4919
5801 4214 3084 3294
2393 1547 3639 3737 1547 5607 3334 720 1738 1622 4426 2545 3639 3781 6969 2797 3886 1669 605 1868 691 3137 5339 1547 3716 3639
1533 3273 4899 3914 3275
163
2944
163
2944
6195 1533 2590
2717
4125 4126
4126
3742 3750 4216
4919
1841 1878 1892 1857 1847 1873 1870 674 1822 1854 1821
4052 4143
375
4112
4136
2362 1547 5925 3391 263 2884 6792 6344
263 5339 5741 5740 2797 263 5740 1720 5339
1084
4112 2901
3510 3510
4126 4920 5806 1077 2651 1046
4127
2633 5820
693 721 1737
4099
1698 1697 3510
5925 4420 5913 263 5925 263 4426 3889 6971 263 402
163
2972 2972
263 2997 3165 2624 3263 4420 263 4420 263 5246 5746 263 2643 4420 1987 263 2362 1724 263 3266
163
4125 4099 4112
2968
4112
2968
2378 3510 5607 4142
2366 5820 2797
6969 5012 4533 5009
2944 4081
602 549 4920
5607 4898 2240
3275 4920
2968
4920
3893 4663
163
4125
4126
4074
4920 3892 2363 3894
4129
4112
5514
4129
4125 4125
4142
4125
4112
4273 4126
6969 2466
4125 6445
5496 3639
4126
4142
3510
4746
3510 1695 2833
4115 4115
4137
4919
6364 6293 5978
4919
4128 4127
163
4125
4074
4129
5625 5941 4539 6855 2756 3201
4125
6792 263 6727 263 5741 5740 6732 700 548 263 500 643 1871 4420 263
1533
4073 2944
6540 4125
4129 2911
2944
3306 6293 3509 5977 1668 3317 2379 5468
2968
4125
263 5740 3261 263 3209 5925 6346 1986 263 3345 6346 263 5875 5925 2797 263 3644 1986 5740 263 4718 3297 4720 6308 1758 263 3261 2220 3655 263 3261 263 5925
4125
5771 3196 4218
3921 3391 263 1547 3637 507 503 602 263 263 2369 2363 6985 2635 3391 6985 2832 6356 2319 263 1547
163
1797 2946 4819 4112
5918 3910 163 3744 3753 5845 3405 2828 3405 3404 3405
4919
2968
4112
6970
5633 6397 5633 6397
163
5944 3876
3509
4920 4921
4074
2972
4087
4125
163 2777 5633 3423
4112 4143
4099
2362 2853 263 3915
6012 3881 1400 890 6012 891 3275
4112
2968 4112 6263
3382 3381 1532
1726 6969 1825 5941 3201 389
4142 2944
6969 6242 2806 3318 285 3317
2968
4074
4920
4125 4112
431 781 822 753 795 795 781 431 789 3454 431 794 817 795 755 3448
5981 5981
4280
4143
2968 2972
2322 3882 5644 3296 1759 2230 3423 2320 3933
1532
4112
163 3900 263 1738 3656
4143
4920
4920
163
2461 4112
4919
5784 1547 2261 3716 3721 4523 1547 163 1547 3717 3716 3773 4523 3716 1547 2446 6990 3137 3874 1547 3721 3716 1547 3733 3509 3721 3915 3137 3721 3263 1547 3716 1547 3518 2446
2968
4125
2968
163
4112
4919
4126 6224 2628 2972 2754
4128
2851 2584
163 163 163
3503
2920
4126 4112
4142
4126
4126
163
4112 2968
4112 4112
1538 4126
4136
4126 2940
4878
163
5874 5034
4125
6924
4125
4125
4126
4142
2634 3906 2245 1785 3881
4920
6404
4142
4125
1531
2968 4101 1046 1119 1388 4112
4125 2646 4126 4065 5665 3805 4663 4921 6299 4136 4065 2855 4069 6723 4126 6987
4126 4132
5888 1829 5844
4027
4112
4142
4126
389 1825 6383
4142 4125
3898 3972 3338
6908 2252 6902 3510 5280
4128
3270 2644 2224 3298
3911 2797 263
2968
163
4126 6176
22 20 2325 2852 5623 2325 2325 20 2325 20
2968
2825 2851 2214 263 503 721 1738 1622 3437 263 5752 3637 263 6668 3640 3437 1547 263 3651 2832 6969 4439 2329 263 507 1669 1622 1861 1798 263 1547 2643 2624 2329 263 3637 263 2633 2643 4439
2325 4112
4142
1533
6690 3981 6926
4919
2797 6971
4128
1669 1669
4136
4130 4131
5650 263 5845
2362
2195
6969
1691 3386 3381
4126
3064 2834 3509 4291 3083 6986
3204 5850
6461 4127 2944 2899
163
3318 3880
2972 4921
4126
6914 6687
6969 2366
4920 2968
1738 1862
163 163 163 1538
163 163
163
4920
263 3541 3914 264 891 1155 870 1399
277 3987 3914 4215 4920 1547 3195
5641 5524
163 2797 263 2634 2643 5281 3372 5749 3372 3874
1829 1821 1820 5929
4921
4125
3510 2317 3278 3643
4128 4919
163 163
4126 4112 1533
4921
5213
4919
2956 4129 4127
4126
4126 4142
163
3882 1760 263 3914
525 1855 667 608 667 525
4126 4921
4126 4126 6969
2968
1531
4125
2643 2777 3647 263 3643 1988 2997 2764
4074
4112
163
2968
163 163
263 3275 1547
5623
4920
4125
4136 4136
2369 2943
2797
3404 1533
3778 5826 2369 3753 2646 2754 3878 2631 2754 5623 263 2631 2754 1720 3891 4264
4125
163 6969 5951 3287 6299
1771 1224 415 705 431 1227 444 1202 437 706 1187 414 549 5777
2180
3887 2326 2325 4136
3509 3655 2851 3350 5844 3656 3350 5844 4125 5844 3350 4735 2817 3262 3091 2393 3091 3473 2393
2634 5929
4075 4076
4125
4112 721 1622
3201
5475 6688 2884 3441 6686
4126
163
4128
263 5925 3877 2538 431 891 893 264 4433 1547 5913 3391 263 263 1547 2996 5844 2682 5531 5925 3391 263 5913 2643 263 1547 891 890 431 1737 1853 692 1615 5844 5246 3728 1547 3320 2585 5925 263 5844 5913 163 2643 1547 1868 1622 1615 602 264 5339 3775 3338 2362 1547 5344 2362 3338 5344 5339 3775 3261 5750 1547 2590 3653 3649
6693
4112
3889 2634 263 2333 2643 5770 263
2181 4125
1726
6284 5629
3819
2140 3806 2912
2946
6259
163
3910
1532
4125
2944
4125
1785
4130
4125 1 10
3320 3197 3275 3433 3320 3275 3433
4125
2369 263 3876 2756 3437 263 6356 263 4434 2225 2756
163
4126 4128
3509
3778 2331 3343
3510
163 1538
4125
2972
4126
2872 2797 5852
4125
1672 1868 1853 163 163
163 163 163 163
4136 4273
4126 4126
4919
4074 4074 4074 4074 2956
4143 163 1538
6970 5994 1533
2262 2650 4899 4898
4921 163 1538 2317 3643 3274
163
5441
4061
6729
4125
4074
207 207
163
3889 2797 263
163 163 1538
1532 1622 721
2972
4218 3898 5808
5806 5823
6969
5522
5001 5000 5259 5002 2552 1547 2633 6972 2224 2797 2777
4125
4136
3878
2224 5746 1547 5344 3338 2834 3338 3771 1547 5324 5746 3788 3771 5324 3788 5325 5324 1547 5326 5326 5325 5324 1547 263 5324 6926 263 6969
163
4130 4131
163
1538
1737
6979
2968
4132
4126
