4126 4112
4112
4104
4126
4112
720 1862 1698
1973 6970 1774
4126
4126
1615 1738 688 601
4074
4126
2368 5607 2775 3509 3270 3902
4125 4112
3546 1707 2634 3644 6593
5631 5625
3876 2754 6723 2240
5616
3650 2410 2440 3334 2410 3923 6031 1532 3924 1698 3546
4126 2944
4112
4101
338 4126
4101
3320
4663 2944
163 163
4112
163
4087
4112 5607 2458
4125
4112
2968
5057
4129
163 163 163 5842 6855 3877 2797 163 163
5925
2146 1715
5450
1042 1148
3376 1853 5925 2873 5925 5925 5941 163
4112
6
2968
4126
4126
1689 2213 2372 2373
5453
1672 608 682 338 4126 682 1672 608 4081 642 709 682 709 682 642
604 2363 611 709 686 641 604 5640 2363
2968
2956
163
4126
2946
163 4074
4128
6346 5607
4126
4126
163 5842 6855 2797 3876
5865 5865
4112
3869
2944 4125
2968
2241 2754 6723 3877
4125
3334 2237 5326 1738 2367
4112 4112 4112
2968
608
4112 4112 2147
163 163 2968
2998 3273 5287 2820 6723 5336
4126
4136
2797 2461
4126
4126 4112 4132 4101 4101 4101 4101 4101
163
3341 5344 2287 5743 3644 3851 4847
2944
2968
5863
2797
3637 3952 1987
4112 4112 4112 4112
4126 337 6454
5941 3889
2968 325 327
4125
4126 5664
4125
61 61
4074 4632 4136 4632 2146
6325 2528
4112
4126
1846
5623 5631
2944
2968
4126 4126 2968 4126 4126 4126
4074
4129 163
4112 6346
2755 3123 3097 277
4125
163 4280 4533
4074
4111 5631
163 163 163 163 163 163 2797 5842 6855 3876 163
6295 2754 3882
2968
4125
4126 337 6174
4126
6469 1547 3922 3952 1827 5625
4129
5584 2317
4128
502 1701 509 688
4129
2968
6174 5625 1750 6236
2944
4132
2968
2968 4112
4112 162
4126
2369 2369
4126
4112
4126 4112
4126
4129
3374 4663 2776
4125
4126
4136
4126
1699
2968 6869
4129
163 1710 386
4126
4129 338
5631 5623 1743
4126
4126
2797 6346
4125
3186
6336 1082 1836 1394
4112
4129
6128 4126
3874 3875 3902 2755
3878 2241 2754 2631
3853 4533
4125
2968 228
6976 2458
2506 2540
2968 4074
4127 4115
6394
4125 5530 5847 6969
4126
4126
4131
4126
5793 5827 3268
4126
2968
4129
4125
4125 4112
4125 4112
4112
4126 4112 4112
4125
4126
1855 688 4112 600 503
6484 4125
4099
4137
4136 4112 4112
4126 6855 2458 4125
4112
4126 4638 2906 5117 5111
1533 3881 3900 5984 5631 2369
4125
4112
2373 2872 3937 5338 5744
163 163
2225 5607 4074 4125
4126 4126
4126
2872 2807 2369 4126 4112
3414 3881
4112
2968 4074
6014 3273
4112 5945 2458
4125
4125
4112 4112 4112 4112 4112 4112 4112 4112 4112 4112 4112 4112 4112 4112 4112 4112 2968
6326
6319
1853
4112
6084 1532
4104
4125 4125
2946 4126
4125
1738 373 1304 394 342 1262 1278 1269 1370
5710
4125
4125
4112
4125
2972
600 4126
3961 2862 2723 2362 4074
4126
4126
5826 3338 2375 2261 2646 2375 3338 2262 5826 431 732 824 729 775 5640 3404 2631 4087 3338 2375
4126
4126 4126
4126
163 163
5329 3882 3745 5795
1547 6519 5623 2833 6855 2362 3278 1707 5631 1172 1169 714 432 431 1215
5607 5929 5607
5531 1951
4126
2968 4112 4112
4125
3881
4126 2944
4129
4126
4126
4074 4112
2797 2754 5842 3877
5765 3408
3740 2797 1707 2044 5522
4112 2952 2797 4112
4074 2946
4136
2968
4112
4126
5625
4112 4112
2968
4125
4125
2469 5625
4074 4087
3510
4126
4663 3890
163
4065
2365 5925
4136
4126
4112
4126
4112
4128
4126 4112 4112 4112
4125
4125
4126 338 2968
4131
4112
5772 5772
1737
2946
1533
4112
3274 2317 3275
548 688 602
4128
2968
2754 2820 5842 3880 2631
2230 3889 1760 5793 2828 2372 5795 5795 2968 1760 1777 1760 2906 2239 3882 2372 6970 1707 6011 6970
2968
2284 4898 3923 2797
4126
4112 4125
5606 2225 6969 5929
4304 4280
4126
1704
2968
3439 890
4112 4112
2968
2368 2944
4126
5172 5796 3510 2862 3875 5840 5929 2862 5170 3510 5796 2224 5929
2968
5623 5625
3898 6668
2180
2968
4112
2966
6374 3305 3874 5925 3914 2968
2968 1821
4127
389 1825 1738 6723 1531 1738 6723
4074 4074
4125
1698 2287 6335 6723 3324 3274
2944 6953 4126
5324 2362 3265 2369 5326 3266 5325 3261 3260 3903
4126 4112
4126
1716 2317 2807
4127
163
4112
2368 6346
4136
4087 2954
4137
4126
1533
4128 2181
4125
2968
4126 2797 2466
6894
4126
4632 2944 6969
4125
4126
1532 6971
2733 2571
4125 2968
4126
4126
4112
4112 2968
4126
2968
1738 2210
4136 2368
1077 1135 1388 716 1075
163 2968 163
4112
285 2968
795
2944 4126
2944
2968
4127
4125
4074
1915 1916
4125
4131 4131 4131
1532 6068 1532 2458 2497
4129
3728 2640 3776 3787 2775 1547 5943
1862 1738
3894 4303 6722 5335 781 431
4137
4126
2968
4126 4126
1699
4125
4126
6855 2797 3877 2241
2855
2916 4112 2944 3528
4104
2633 1738 2583
4125
4126
4126
4112
4126
4126 4112
2944 2944
4126
4126
4126
6705 4119
2968 4112 4112
4126
4099
4126
4074
2538 6346
6179 4126
4126
2368 6346
4128
4112 4126
4112 6395 500 1669 5827 2645 3960 1871 2833 3386 3380 4289 2362 2645 1622
4126
6230 4112
4126 338
4128 4126 4126 4112
1622 1738
6371 2856
3509
2968
1757
4137
4136
4126
4126
4125
3881 2649 3909 3299 3876 4898 2650 3642 5752 6985 3923 3943 5324 1547
2968
4125
4129
6613 6850 5631 5625 5623 5344
4127
2968
2944
4112
1703
1531 1533 163
4112
4112
4104
4129 337
2944
1760 2797 3509 5046
163
4126 4126
4126 6121
4112
6792 2362
2797 6359
4112
3275 4692 3298
4126
1046 971 1119
4099
4125
4074
4112
3833 4136
4126
4112
4126
4112
5623 2500
337 4126
2538 1750
163 163
4131
2968 4112 4125
4112
4125
2968 4126
611 238 1672 1868 802 822 772
3275 5468 4663 6231 3273 2366
4126
4125
4125
3274 3933 5875
2968
57
4125
6936 1824
2966 5228 4126
4126
688 1615 1855 527
2944
6346 5625 5997
3309
4074
4126
4137
2968 1
4112
2943 6050 4126 337
2797
3334
4126
4126
6014
4074
4103
3877 6855 2797 5842
4125
4125
2946
2540 5607
4112 2506
2968
4136
4126 338 6185
2946
4104
163 2754 3878 2797 5842
4126
4508 3877 2263
5616 4112 1653
2368 2797
1855 2369
5623 5625
4125
3494
3959 2651
5949 2755
2968
4112
4112
2970
4125 2968 4126
4111 2968 5631
2946
6346 2216
4126
4126
204
4126
4126
4126
1622 1862
4126
4126 4112
4101
4125 6179
2968
4065
4125
2968
4126
4125
4126
4126
4126
4074
2549 2946 6711 2906
4126
5625 1707 5631 5623
2968
4074
338 4126
4132
826 820
4126
2968
4126
4112
3509
2944
6961 5628 3327 3263 4264 6361 2480 2502
3910 3935
2943 5441 5441
824 735 749 773 825
4112
4125 6185 2797
1533 6433
6447 4126 6454 4126
2182
4126
732 822 755 741 5625
4104 4126
4112
4137 4112
3510 1532 5994
4099 4112
4129
2797 5607
163
4125 4112
4132
408 2968
2949
4099
4125
4112
4073
3878 6977 6972 2754 5842 6723 6979 6972 6972 1837 6981 6979 6972
2968
163
4125
4112
2946
2633 1547 3298 5772 5246 3640
3297 5744
3833
4126
4112
2944 4112
1703
5339 3911 2362
1295 6484 1295 1707 5631 500 6484 5631 1295 5952 545 460 2547
4112 1084
2417
3502
2968 5623 2523
4126
2968
188
2968 4126
4126
4112
4126
3268 1547 3727 3726 2777 4439 2946 1547 5373 3727 2777 4439 3738 3907 1547 4439 5373 3757 3759 2775 3727
4126 2968 4112
3165 2283 3374 1547 2369 2624
204
5521
5625 5623
163
2968
3881 3880 3510 6855 3900 5842 2320 1757 3653 3887
891 1479
4125 4112 4125
4126 2944 5563
163 163
4112
4081
2296
4125
4087
2833 2802 2820 1531 3269 3298
4135
1733
4126
4136
4125 4085
4126
5607
2968 4112
4126
4125
2924 4126
24
4136 338 6449
6722 2374 3952
431 431
1077 1046
2968
4126
2363 2224
6346 2461
4126
2968
4126 6178 337
6912 6905 2363 6922 6969 6924 6691 6690 6907 2369 1840 3855 6926 6690 2632 2368
2968 163
1547 5827 2631 3909 6723 3278 2775 6922 1988 3892 3321
2968
4112 4074 4112
4074 163 163
3875 2635 389 1825
4125
2968
2968
890 4280 1251 1234 297 1084 1128
2946
4126
1738 2968 4112 4112
1532 2652 4692 3649
1750 1797 3814
2797 2540
5607 5607 3881 6346 3881 721 2368 3882 5607
163 163 163
5752 3877 2368
3877 3647 2628 4692
4112 4112
3045 3275 2245 1757 2466 2665 2220
4126 4112
4074 2797 3880 6972 6723 6855 2237
4126
4129
4125
5740 5792 389 1825 4898 1776 2368
4112 4112
605 709 1369 610 1858 689
64 1707
3053 2918
4112 2968
1707 2181 3601
4131 4132
3873 2366
4126
163 163 163 163
4074
4129 163
6259
1820
163
4125
4129 4112 4112
4125 4125
3932 3744 3405
2968 4125
2968 4126
4135 4112
2944
4126 5623 4112 2225
4125
2968
6012 891 1378 890
4125
6178 4136 338
2369
4125
4125
2968 6990 6985
2944 2906 5945 5929
2968
1757
228 64 64 228 228
4137
4126
3509 500 1701 5839
3576
5844 6990 6316 1797 6957 5643 5969
4129 6185
4112
4112
4112
4125
4104
2797 1707
4112
4126 2944
4074
4126
4125 4125
4126
4099 163 4099 4099
4112
4125 4112
4136
4126
4129
2968
4125
2968 4112
4125
5632 2797 2366 2214 263
4126
4125
4129
3510 6506 5623 2777 3009 3423 3875
4112 4112 4112 4112
4125
4125
2225 5625
4126
4126 6121
4112
4074
4126
4126 4126
1388 1077 1123
4074 4126
163
4074
2164 4074
1846
1695
4125
163
10 2475 2509 5623
4731 2802 2839
4112 4126 337 6068
2968
6722 2855
3307 2797 2773 2634
4132
4126
4126
4125
4126
4129
5631 4797 6372 4632 3822
2363 2807 1862 2857 2283 2252
2275 1738 5980 6330
4112
163
4126
4127
4112
2956
4126 4126
2540 6969
2908 4136
838 1862 2946
2968
4647
4125
4126
4126
4125 4112
4126 6179 4112
4125
4112
2968
338 4126 6162 1757
2968
5808 2362 2825 2769 3910 2249 4216
4273 4126
6236 6372
4126
4112 4112 4112
4125
4126
4104 4104
163
1119 6289 1076 996 1123 898 3345 1081
4125 6176
4112
2968
4136 156 4112
2538
4112
4126
2946
5832 5328
4126
6985 533
2911 6266 5522 4125 6266 5514 2968
2968
4130
4112 2956 2754 5929
3566
2968
4126
4125 4125
699 641 608 507 709
3881 5607 1547 5997 3642 1743 2229
4126 4112
2968
4303 3720 2764 3744
4126
6855 2241 3878 6723
2968 4112
3922 3878 1547 6395 5929 5978 4525
4126 6176 1759 721 1622 1759
7085 5303
4126
1748 163
169
4074 163
4126
4126 4112
4125
4126 4126
2968
6447 4127 4112
4125
6178 5623 5631
688 1615 600 688 720 600 1615 686 1855
4074
2968 6176 4125
338 4126 5607
4112 2948
4125 4125 5537 4125 4125
1452
6261 2134 4057 5754 2296 6715 3869 4112 6251
4125 4130
4125
4126 2944 2982 2925 2906 2910 2946
4137
4132
4112
4112
4074
6850 2946 2550 2202
4126
6926 5941 2317 6061 2224 5625
4126
2946
4126 4126
5842 2368 3877 2241
4125
4126
6333 721 6371 1622 2586
4112
4131
1533 1167 1224 431 1209 1206 1208 4999 1533
163
4126
163 163 163 163
5632 3888 2853
4126 4101
4112 4112 4112
4125
4112
4125
4112 2968 2506 2538
4112 4617
4112
5631 263 2497 2048 2540
4112
4130 4131 4131
5610
2968 4112
5610 3509 285
338 4126 4112 4112 4112 4112
4125
344
4127
4126 4112
4125
4126
5640 3309 2773 2855 3744
4112
4126
1699
2968
2538
5925 2506
4112 4112
2944
2968 534 699 608 608 502 699
4125
3509
4125 5625 6459 5631
4126
4126
431 997 1077 1119 1082 1111
2458 6012
4129
4126 338
169
507 1757 721 608 686
2968
1767 1862 2317 5610 5610 612 2884 2775 5471
2281 2284 2366
2968
4074 4074
4126
4112
4126 2956
1741
338 6178 4126
4129
5495 3201
6401 2343
4126
1469 1480 1474 1510 431
4136
4132
2855 6313 3959 2769 3273
4126
2754 3880 1547 3137 5852 5839
2968 4112
4125
3714 2023 2633 2382
4273
4125 4112
2773 2797
3274 3275 6855
4126
4125
4126
4125
4125
1801
337 4126
4126
4127
337 338 4126
4126
2968
4126
292 4098
4128
4126
2968
431 890
2968 4112
4136
4129
4137
2968
4112
1941
4126
163
1363 608 1310
2968
17
4126
4130
4112
2968
4112
4125 2968 4099
4125
2968
4273
4112 338 4126 6176 2132
6454 4126 337
5619
4126
4126
4112
5607 6014 1533
2956
4112 4126 6069 338
4128
163 163
4112
4074
4125
2329 5975 1707 6005
163
4126
1533
2968
4125
4125
2946
4112 4112 4112 4112 4112 4112 4112 4112 4112 4112 4112 4112 4112 4112
4136
824 756 795 431
2944
6975 2968 5607
4132
3298 2326 5796 1547
163
4125
2857 1826 390 2645
4126
4129
2968 4126 338
4073
2968 4112
4127
607 1738 688 1615
2968 2797 5625 6181
4126
2414 2414 2494 5941 2414 2414
610 511 4112
163 163
4112 4112 4112
1378 264 1155 1155 264 1378
3001 3623 2363 3428 3890
4126
2949 4063 4136
4125 3643 3273 3509 3874 3941
350 7061 5673 5783 1548 7055 7056
5610
4125
4125
1120 1072 1390 1119 1389 431 954 1082
1547 4908 3944 5521 6668 5792 2650 4908 4425 2211 1547 4508 3318
4126 2912 2965
4126
4128
2968
2906
4125
3278 2634 5471
163
4112
4074
2956 4126
24 24 24 24 24 24
677 1672 611 3341 2241 3640 1986 3334 700 1615
4126
5610 5625
4127 4112 4112 2943 2968
4126
1135 890 1394
4136
4126
4126
337 1615 6178 4136
4125
4126
418
4125 4126
4126
1915
4126
338 4126
2968
2944
5211 2968
2968
4126
4112
4126
4112
4319 263 2250 1532 3405 2803 263
4126
3510
3269 5607 6398 3882 1548 5772 3874 5469 3914 3030 2643
4126
4125 6185
2968
4112
4064
163
4125
4132
4126
4125
163
4112 2968
2946 2965 4632 4126
4074 1846 4112
2530 2471 5941 2500 1526 2505 2523 2511 4112
4125 2968
4064
4125 163
2968
4112 4112
4125
4126 6185 337
4127 4127
2968
3404 2762 5925 2968
1846 4104 1846 4104
2523 2530
163
163 163 163 163
2368
4125
4126
3305 1531 3922 2853
6969 1785
171
4125
1862 2820 2306 3120
2968 3276 2229 2368
4103 4112
4125
4136
4129
6336 3885 3877 1547 5765 5623 4664 3298 6356 3758 1741 3986
163
2368
4125
4136
4112 4112 4112
4126 2368 5925 4130 4131
163
2968
4112
1738 1737 2224
4126
4112 2506
4112
4065 4074
4129 4137
4126
4112
4112
4126
4112 4112
2968
2182
4129
4115
6969 4112 4112 4112 4103 4126
2968
163 163
2968 4087
5750 5325 6792 6668 2230 1547 6474 2230 5623 6792 2245 5749 5325 2839
338 4126
4126 2944
1683
2968 4112
419 2368
2943 4126 6179 2943
163 163 163
4126
5842 6855 2317 3877
6690 6289 2363 1855 502 686
4126
5801 5631 6083 5806
5354 4112
4112
4125 4125
4125
2968 228
4126
4128
2968
4125
4112
3510 3391
163
1531 2944 1531
163
4125
5623 5625
2968
2968 5623 6597 5631
4129
2968
4136 2946
4125 5623 1757 6181
4126 338 5945 707 432 1224 493 713 713 1182 707 432 1221
2944
4074
1547 3933 2634 3952 2827
4129
4125
285 5625 5631
4126
2755 2369 1703 1840
4125
4112
4126
2968
4125 4112
709 1858 6484 5631 4112 4112
4126
3275 3877 2764
6574 3873 1532 3924
4112 4125 6185
2968
1669 1737
6178 4125
6855 2797 2241 3877
163
2946
163 163
4126
2186
4126 2944
4090 4112
3914
6178 338 4126
4129 2946
4074 4126 5634
163
1797
4099
2797
2140 5698 1796
2968
4127
4126
5995 1531
163 5625 5929 3024
163 1871
2362 2373 2362 3298
4129
5119 2944
338 4126 6178
4074 6744 5925 5625 5631 5625 6744 1707
4126 2944
4127
4126
163 2944
2968
4125
527 688 1853 1848
5844 2369 2239 5842 5336 2369 2466 3875 5850 1547
2968 2538 2506
226
4126 2225 2506
4126
4126 431 891
4126
2968 4112 1760
2956 4112
4126 2968
3952 5623 3267 6426 6969 4663 3907
4075
2943
740 829 731 238
2368 5610
2968
2968 4112
3001 2412
4112
5765 5920
4126
2483
2968
2966
1732 1715
5929 5941
2368 2458
6346
891 431 264 1381 1394 264 1474 1520 1477 1467
4126
4132
4103 2970 4103
2478 5941 285
6569 5623 5631 3271 4616 3269 5607
1997
2968
4126
6593 6855 5631 2240 3877 263 2797
1699 4125
4126
4136
4137
2968 674 1855 1615 610 720 691 720 1855 691 691 720 610
4126
2968
3510 1535
4125
4126 3408 1726
3882 5632 5607 2368
2946
4126
163 163
2368 5610
4125
6855 6346
4128 4112
4127
163
6951
1997
4129
163
2968
2458
4104
1
6990 3096 4112 5752 3265 6343 5607 6325 4663 2317 3259 5514 5515 5607 3160 5772 3141 2944
4128
5607
4126
4125
163 163 163 163
163 163
163 163 2968
5631 5610
2944 4112
954 264 1389 1123 1388
4112
4126 337 4125 4112
2833 3914 263 1547 2624 4439
2754 3275
4126
6722 1040
3146 3509 3509 4101 6180 1547 3898 3899
4125
4128
1532 6573 5829 2628 4112
4104
4074
2968
4125
3336 3903 5607 6346
337 4126
2142 4074
2944 4069
6284 5607 3890 3952 4443 3269 7389 5752 3911 1547
1390 1040 1130
1
2944
4126 4126
4126 2968 4112
2754 2797 5842 3877 4125
404 4112
2797 6346
4126
2968
4112
4125
4112
4125
4074 5302 2300
4128
67
1772 2797 6346
4126
4126
2965 6706 4126 4112 4112 4112 4112
2901 4112 2901
6283 6012 6012
2968
5749 1777 4303 3886 5750 5495 2461 6666 2506 6965
4112
4126 338
4112 4112
4125
4126
4126
1531
1707
4126 338 6174 2458 2368
6176 4126 2944 338
4074
4112
2584 2363 2300
163 163
2968 5610
4125
4112
2797 5624
4112
2775 2779
4104
2202 2459 2603 3517 2585
4112 2496 2466
4126 338
2968 5607 2458 4112
4137 4129
3309
2797 2375 3924 3736 5975 3744 3297 3923 6971 5827 2374
1615 691 607 238 6572 1533
4126
2944
4112
4126
4112
163
163
4129 2944
2944
4074 4125
1816 2921 4126 2967 1816 2966 2182 1816 5522
2944
4126 4112
4126 4081 4126
163 163 163 163
1686 4539 2296 2968 4539
4099
3413
1731
4125
4112
1855 3878 5623 6068 5842 2754 5607
4112 4136
4125
1701 686 511 688 238 1738 602 500 1713
4074
4112
5623 2494
4112
4125
4125 6341
4126
2944
408
1400 891 264 1135
4137
4125 4112
3510 5623 2509
163 2368 2458
1071 1391 1119 1070
7284 2502
5945 6343 2832
2946
2968
2968
4125
4126
4112 4112
4125 2369
4126
4125 6179
163
163 163 163 163
5828
4125 6179
4137
4112
4112
6110 1533
4137 4112 2225 2797
2968 4125 6185
163
2325
4112 2968
4126 338 6068 4126
2946
2968 1772
4125
2374
163 163
4112
6176 4125
2968
163 163 163 2797 5842 2754 3878
4129 6448
163 163
4125
4126
4074
4982
2797 5622
4127
4125
26 2633 4127
4126
2317
5625 3509 3273 3275 4112
3923 4716 5327 1547 2362 3340 3297 3922 2862 2284 1547 2633 2944 3419 3559
4128
4126 4112
2146 2944 4126
1704 2326 1738
5373 5047 3194 2445 1547 4409 2362
4132
5806 4126 4074 6971 5623 5806
4126 4126
2969
2363 263 5172 1547
2968
2968
1927 4112 5625 2797
338 4126 6454
4112
2831
3268 2369 5339 2624 3307
2968
4126
5839 4433
4126 338 4126 6447 6447 4126 338 4136 3416 337 6454 4074 3416 338 4126 6454
2968 4112 4112
4136
4125
2835 263 2640 4631 431 1135 891 264
2968
4125
4125
338 5929 2773 6068 321 4126 2779 2767 4394 2031 2028 2334 2767 5929 4384 4391
163
4126
4126
4104
4126
2968
2369
4125
602 4074 608 611 2944
4103
4074 4074
4099
2968
2968
323
4125
888 431 1394 2621 2458 6013 6346 6364
62
4127
5625 5610 4112
4125
4112
4136 4136
4127
2968
1738 1704 2366 2369
4126
4125
1
2968
4125
2968
4125
4074
4136
4126 4112 2968
2968
4112
163 5607 2458 163
4112
2761 6723 2755 3320
4112
4125
2
4125
4125 6176 4112
4125
4126 4112
2944
2797 4218 3275
2968
4273
163 2968 163
4125
5941 5623
2182 4136
4112
4136 2968 169
2968
4126
2968 2500 5625
4125
163
4112
163 1531 163 163 1531
4125 4112
2968
2265 6990 6336 6366 3391
3772 3793 3766
2968
4112
4125
4112
2363
3196 3341 6972 1547 4663 2374 2245 4303
4125
510
5941 3273 3274 1622
163 163
2968
4131
1670 2944 2948
4126 4112
2968
5925 3622 3910
4126 4112
4126
4125 2458 6346
4126
4112
1724 1715
4125
4125
1944
4126
4126
1785 6729
4112 4112
4129 2946 2956
2966 4103
4125
4125
4136 4112
2944
4112
4126
4136 2944
4125
2146
2968
2944
4126 4112 2899 4112 2191
163 163
2968
4112
4067
4112 4112 4112
4129 4112 4130
4125
4128 4115 4127 4115
4074
2983
4125
4125 4112
4126
2409 5628 2631 2956
4125
4126
2968
1
163 163
4084
4125
2368 4125
6449 4126
2540
4126
4127
3510 602
1119 263 920 1388 431
1531
4119
1531
4126
2946 4126
4074 6969
4103
4129 4112 6969
2325 2600
4125
4126
4126
2968
3278 5795 3529 3060
3830 6715
2951
2946
4126
269 3273 5246 3165 2245 3316 2440 5793 3962 2333 5795 2754 1547
608 699 720
5140 5622 5561 3060 5010 4126 2946 6722 5471
4126
4062
10 5941 2469
2503 2459 4112
2458
6990 1682 1759 1683
2968 5631
4125
2968
163
2968 2528 5607
4128
167
4126
4126
4125
4125
5631 1707 5623
4112 2968
4126
4126
4112
2797
2968
4127
6978
4125
2968
4126
2968
4125
2773 2797
4112 2968
4112
4126
5842 2754 3877 2631
6969 263 2202 3274 163 1871 1738 1669 264 163 263 1399 1155 890
264 890 431
2224 263 5941
163
4125
4137 2968
2540 6346
2764 3270
2944
1547 2369 263 718 1862
6179 4126
4136
1074 1130 716
2951 4422 4422
163
2249 4631 2250 3120 2839 3424 2250 263
4126
1699 4126
3268 3875 2646
6723 6398 263
4136 337 6454
2968
4074
4126
2940
23
4131 4131 4132 4132
4128
176 175 4126 167
1855 1757
4112
4126
6320 5328
4131
2968
4112
228 228
2853 263
6383
3545 263 3546 2329 1382 5625 4718 3278 3509 1382 263 3964 3510 3915 1547 263
3922 2797 4905 263
4126
1363 394 1310 1262 373
4126
4126
2944
163
4074
4125 4130
4112
4125
1825 1710 1825
4125
2239 2237 2241 263 263 2237 2241 1547 263 2240 2237 3963 263 3964 2282
4112 6346 4112
4126
2912 4126 2911
4126 4126
4074
431 1162
2947
4126
4112 4112
1532 2369 2043
2968 4112
4112 2538
4125
2368 5610
4126 6180
2930
4065
4112
2968
2968
149 150 151
4126
163
4617 4367 1547 4617 5801
3994
4136
4126
2650 3294 4125 4125
1738 3338 1855 607 620
4125
6179 4125
4126
3987 3637
3875 2806 3510
4125
2913
4125
4126 2944
6691 1547 4731 2773 3906 2797 2214 3900 3642
4126
4101
6459 5631 1707
4112
6295 6722 6318
4128 4128 4128
233 2968 2147 231 231
263 6990 5845 5844
4126
4126 4112 2968
3668
2944
4126
163
2968 4126
2968
6710
1868 1855 1615 2466
6936 6862
6178 4126 338
2946 2912 2911
1796 2325
2968
2968
4125
4112
2968
4115 4126
3408 2362 4129
4127
2368 5941 6346
4126
4112 4112
4136
4137
338 6178 4126 2968
4126
1119 985 1084 1084 1162 996 1120
4125
1738 1622
2797
4112 2968
3874 3643 2797
248
4137
2617 2509 2471
2944
344
6666
2284 263 6690 2367 5308 3986
4126
2968
4136 5607 2458
1615 600 691 531 601 1167 524 692 2833 6395 3560 4112
4126
4112 4112 4112
4126
1760
4126 4125
4126
4112 4112
1037 1391 1388 1076 1083 716
4126 6448
4136
4125 5995 4125
4125
2797
2968
2968
338 4129
4137
4125
4128 2918
4125
4125
163
4126
2797 2968 4112
503 602 504 689 677 1672 533 1885 500
4112 6182 337 4136 2458
6969 5941
104 104 104
2862
228
6761 6760 2755
4136
163
4112
4125
6176 4126 338
4125
3848 2832 3347 1547 2368
5940 2225
1128 1077
2834 2368
2368 2538
4112 4112 4112 4126
4126
4126
610 691 510
5929 6299 5929
4112
4126
4137
4125 4099
4126 6484
890 1394 891
4125 2970 4112
263 2527 6343 5925 5344 2590 263 3510 2797
4129
4112 4112
4136 6447
6523 4125
610 3259 7299 7284
2968
5544 6718 5625
4065 2946 4112
163
4125
4126 2944 4112 4112 4112 4112 4112 5929
4129 1533 2325 4112 4112 4112 4112
4126 2946
2968 4112 2797 6969 1916 1915
4112
4112
2820 4587 6320 263
4126
4125
4125 2968
4692 5607 3297 3877 5326 5339 4899
4112 4112 4126
4129
6978 6346
2968
3307 6778 5623 3309 5740 5741
4130 4132
2968 6718 1915
4136
4125
263 2225 2216 6346
4127 4112 4112 4112
4128
4126
4970
502 527 460 688 1701 1848 6176 1707 3356 699 460 502
163
2182 4136 4112
4136
2968 1846 2797
267
4126 4112
2968
4112
4126
4112
1166 1737 533 6668 263 2633 3509 3509 3404 3436 5929 263 533 1737 263 263 3509 3269 5929 1547
163
57 57 57
2968
3869
4125
4112 2225 2224
1077 1047
1855 1848 674
4125
2944 4126
2956
2650 2851 4663 3894 2649
1622 693 686 1871 1740 263
4126
2202
4125
6289 2853 2855
4127 4127
2968 4112 4112
4126
2968
4125
4112
5623
2968
1720
4125
4126
1997
4126
4125 4112
163 163
163 3876 2797 6855 5842 163
163 163
2775 321 4464 2968
4112
2968
334
4112 6969 2797
6346 2368
2944
2968 2325
721 1738
4112 4112
4475
4126
2946
6178 338 4126
1813 2458 2461 2528
4112 4126
2946 4112
2827 6355 1531 211 5625 3423 6691 6722 3423
4125 4112
5640
4112 4049 2950 2970
6320
4112 4136 2458
4338 263 263 6370 4357
418 419 4112 4112
4112
6258
4126
2968
4126
5607 6969 4112
263 512 500 1868 602 985 1077 1113
4112 4112 4112 4112 4112
4126
4126 2944
4125
4125 2968
2956 1797
4129
4125
163
163 163
2775 2797
4126
4315 263 2224 263
4128
4125
4126
4125
2968
2538
4112
4126
2908 3826 2900 2190 6837
163
2363 4112 6319 6402
163 2968 163
163
214
4112 4112
2968
2956
2968 4112
2944
2779 2776
4128
4129
4125
4074
4126 4125
4074
2458
163
2944
4125
2968 4126 4112
4125
4125 4112
163 2797 5842 3876 2754 163
4112
4126 4112
4126 337
4125
4125
163
682 1871 546 1164 642
163
2826 5750 2363 3758 3932 3845 3268 5750 1547 2871 2363 5752 6241 2249 3922 1748 1992 2321 3298 3264
4126 2968
2968 4112
163 163 163 163 163 163
4112 4112
4125
163
5875 6013
4125 2968 6176 2797
4055
4126 337 6178
2968 4731 263 2833 3278 263 3651 2825 3350
2601 6971
5875 3753 263 2586 263 2587 263 4217 1829 3910 2778 263
4126
2775 3271 263 2769 1757 1547 2779 2773
6409 263
163 163 163
163
4127
2944
4126
4125
4125
2968
3643 3309 1986 3644 5827 263 2634 2723 6369 4554 1829 6985 6990 263 2440 5829 5827 263 3049 3278 5827 2633 263 1547 2635 1767 6369 2633 5827 2827 263 3049 6985 6985 2635 1547 2633 1685 263 5827 5324 2723 3049 6990 5952 4434 263 6988
6670 3510 3649
6178 338 4128 2968 338 4126
4126
5629 263 1704
4125
4130 4131
4136
6693 5978 3881 3318 6907 2322 2650 4303 5207 6662 3622 1547 3541 3298 5332 4112
4125
4126
2968
707 432 704 413 1771 1223 263
5628 5752 4632 5752 4632 5826 4632
2968
1547 2363 1855 608 2368
2602 5632 263 6284
2968
4112 2797 2225
6969 2374
2326
1915 1915
5908
5622 263 5663
4125
2797
163
4126
2968
3268 4582 3269 3906 1547 3321 4367 6013 5828 5746
2972 2948 4085 6969 5625
4126
3309
1532 5832 5829 5297 5633 5607
1531
1533
5625 263 2230 6762 6722 1801 5631
6178 5623
6267 1703
3900 263 2832 263 5623 2832 3297
4125
4126
4074
4126
4126 4125
2968
4125
2968
2591 2594
2968
4126 338
203
2968
6082 5607 5631
4129
2944
4126 337 6176 4126
4125
4074 4074
1531
2956 4074
2633 3924 6850 5339 3260 3275 1757 3261 3651 3259 6723 3334 2031
4074
5297 1111 1082 952
4126
4126 2899 1531
4273
4126
1043 431 954 1128
4112
5623
4126
2949 2949
1846
4131
4112
4126
4125
163
2797 3877 3877 2797 2589
4125
4125
163 163 163
6364 3867 2281
4126
4125
4131
4125
699 524 642
408
5631 1707 6642 5625 3899 5623 4525 5877 5925
4137
4125
4126
4099
4125
6500 4125
1533
6034 1533
4083 1846 1846
4131
5625 6969
4126
4126 4131
117 98
4103 5929 6326
4112
2968 4125 6069
693 1740 1622
1531 6588
2968 2181
2911
4112 3510 3961
4126
4125 4099 4125 4099
2245 2230 2944 3278 1547 2764 6336 3273
4125
4132
431
4112 4112
4126
4126
1871 1622 1737
3261 6723 5750 3623 5329 2440
2369 6295
1531 1835 3878
2368 4112 4126
4130 3280
378
4126
4098
1707 1707
6069 338 4126
709 610 666 605 1850
4126
4126
1532
2968
2968
4127
2187 2920
4126
24
4099 4132
337 4126
5994 1533
2214 3716 3744 277 1547 3737 3744 3716 3269 3737 3649 269 3269 3744 1547 3716 5840 5840 3716 3649 269 3269 5254 3269 5840 3721
4126
6971
4136 2946
6833 6832 4126
1668 4125
4074 3517 4498
4112
163
4126
4136
4126
4129 337
4112 4112 4112
1698 2756 3298
4131 2908
4125
5531 1872 1873
2946
2191
4074
5839
3140 2933 4125
4112
4125
4112
1738
4126
838 718 1890 699 504 608
3494 2956 2956
4136 4112
4126
4126 4112
163 163
4112
4136
2968 2538 6346
6971 2631
2369
4125
4126
163 163 163 163
2968
3622 263 1669 512 1672 1622 1871 2834 263 2633 263 2643 1547 2651 263 4439 3405 263 3622 3622 263 5625 263 4439 6432 3623 263 2834 3647 263 263 2834 5925
4135
163
3510 3509 5845
2826 2225 1704 2230
4112
2911
2944
4074
4112 26 2374 4112 4112
4136
5929 6313 253 4112
4125 4125
4112
4112
3625
163 163 2458 5607
4126
4126
4112 6969
4128
4125
163
4137
4074 4126
163
4112
2458 2368
4126
4112
2968
2968 4136 4112
2769 4631 5929
3890 2249 3510
4126
2947
163
2944
6723 263 3374 3261 3275
5623 1853 6069 4126 4052 6069
4126 4115
3162 2945 5875 2797 5640
4125
6972
163 2779 5625 5994
1846
4074 2797 6969
266
4112
5933 6850 2265
5623 2469
4126
4136 2944
2944 4136
2368 2458
2968
163 163 4104 163
163 1738 1853
4125
4125
1531 6068 1707
4074
2968
6986 1785 2633 1785 2944 5920 4136
6971 5951
5631 5623
4128
4126 2368
5645 6320 3120 2665
4125
4112
4115 4115
2797 6346
2478 5625
4125
4112
4218 3639 1547 6722 5977
4125
2776 4112 2797
2969 4112
2754 3906 3875 3640 3273 2797
4127 4135 4130
2968
2855
4112
4112 4112
4632
4112
4126
1
204 188
2970
338 6178 4126
4112
2649 3881 5335
7028 350
2465
2968 4112 2797
4136
2181
6969
4112
4126
4129 338
4126
4130 2911 2920
6969 2202
4136 4136 4136 4136 4136 4137
2810 3106
5623 5610
1707 5631 4440
2968
4126 2968
2944 2968 4112
2968
163 3877 2797 2754 5842 163
2970
4112
2968
4126
300 2968
1759 5344 4112
4126
4112
4125 4112 4112 4099
4126
2134
3530 2853 3334 3529 5289
5925
163
6711 3668 6251 6241 2972
1931 6258 3391 6213 5754 3391 310 5754 3483
2899
2968 5997 5625 6346
1751
2968 4126
431 1378 264
2855 4533 263 1708 263 2855 5625 2855 263 263 2855 2855 263
4126
163
4070
4074
10
7033 6625 1707 4126
2966 2944
4125
84 83 133
5607 402 4616 2624 3510
3510
4112
4099
1853 1615 686
4127 4112
4131
4125 6346 6969
6295 5531 2633 1703
721 5640 1622
4125 4135
321 2776
4074
2956 4136 2968
3278 3045 2635 6969 3309 2631 2912 1547 2584 3640
3625 4065
4126 4126 4126
4112
6448 4136
163
4103
4126
5117 5941 2946
2797 3322 3649 3267
1703
2369 3275
4112
4126
163
4125
2943 4126
4125
2624 5372
4126 4112
4126
3751 2645 3781
4125
4125
4126
2797 6969
4125
5106
2368 5610
4112
4129 4074
2631
1776 2134 5470 2134 4121 5623 6969
4112
2970
228
4112
6293 3268 2857 5792 5795
163 163
4126
4125
6346
4136
2944 2148
2825
3962 6723
5623 5625
3559 5252
4112 2797
4128 4128
163
4112
4126
4112 4112 4878
4136
4074
2968 1760
1825
4129 6655
2146
4131 4126
6990 1622
4112
2968
2968
4112 1533
6486 1707 5623
2968
2968
2968
6855 2463
4126 2944 4112
4136
2968
4112 4112 6376 3668
4074 2417 2968
1774 5839 3406
4125
4126 6346
4126
4099
4797
2972 4136
4125
4125
4126
4112
5281 6855 3509 1547
4126
3273 4806 163
2241 6723 3877 2754 2797 2755 1855
4126 4125
4127 4112
4125
2968
4112
2369 5952 2794
2633 6985
3882 2325 2241
2968 5625
4076 2956
4126
1777 3274 2650 2649
3270 4303 1547 2363 2245 3894
2946
4136 1759
4126
4126
6006 2325 1776 2210
1734
4112
263 3647 3898
2944 4125
2968 3255 6969 263 4998 263 3372 2216 2644
2968
263 5806 3323
5844
163 163 163
1707 3878 6434
2968
4136
4103 2689
1937
4129
5823
2363 6578 5623 3881
6922
4132 4131 4131 4132
4112 2944
4112
4101
1862 1862 1862 6755 6756 6971 3060 1862
4112
4126
4125
4127 4125
4129
4420 3350 263
4112
890 431
4126 4632
4112
6761
2968
2968 4126
4126
4132
4125
2203
6722 5925 2634 263 3270 5925 4631 263 2634 2871 2249 2643 4439 2968 263 2628 2871 5925 4631 4598 431 5584 2871 2628 263 4631 4597 5925 2871 263 2628 4631 4439 1685 5581 2871 263 1685 4420 4631 1683 4439 2871 263 5925 4631 1695 1695 5925 2869 263 2872 5929 2296
2943 4125
163 4126 6654 1531 6972 5806 5772 5772
1451 1448 1420
4112
4055
4125 4112
4128
163
1707 2224
5929
984 1399 999
2968
5622 2363
2641 6289 1532
2797 6346 610 4112 2797 2590 2583
4126
2968
5610 2368
4126 4099
4126 4112
4112
4126
4112
2956
2956 4112
2538 2459
4136
2943 4126
4125
4125
2287 3900 263 263 3510 3900 3318
2366 6012 5531
2369 6014
4125
5530 2453 2145 4126 2459
163 2011 5607 6969
2968
4126
4126 2968
4126
2363
4112
4112 4112
4128
5703 4125 2899
4125 4112
4125 6259
5610
337 6176 4128 4112
4128
3 3
4112
4126
2968 54 4112
4126 337
5610
163
2968 5925
4068
2319 3316 3942 2797
4126 6178 338 2968 4074 1868 2797 610 500
4074
4125 2899 2944
3877 3878 5829
611 4126 667 1885 1855
2968
4125
6536 4126
4074
163
4112
1776 6402 2300
2134 4112
4126
4129 4127
4126
2366 2944
4127
4112
6712 6936
3324 6971 4126 3324 6971 4982 3309 5466 4982 3324
2968
4112
4130
4074
2968
4126 4127
5752 2826 263 4439 1043 264 1044 1391 431
2968
64
4131
1258 1278 1738 1327 1369 373
4074 4074 4074 5925
4126
163
5427 2834 5297
4126
6722 2645 5665 3012 3472 3693 3474 2645 2374
3899 3898 2651 3889 3924 3622 6722
6445 2946 4136 337
163 163
2968
4126 2968 4112
2968
4126
4126 2968
2968
2641
4128 2944
4126
2946
5844 2968
3880 263 3347 1479 264 1041 1119 955 970 431 1388 1041 1119 431 264 3889 3880 263 263 431 1075 970 1391 1119 1388 3914 3874 263 264 1120 1388 1075 431 1391 3922 3952 6723 263 1075 264 1394 1119 1388 3922 6723 263 3911
4126
4125
4136
6346 5841 263 6346 4420
5610
337 4126 6178
4125
263 4439 3541 3338 1850
4127
4126
4126 2368
1724
4126
4126
4112
2497 2773 2366 6722 6971 2524 3880 1683 263 2857
1135 1131 264 1152 891 6395 263 5925 6341 2968 263 5634 5925 6395 6396 5925 263 6341 263 6609 6395 5631 6341 5925
5105
2146 4137 2946
2968
4112
2644 2769 263 2224 3637 2832 2826 263
4074
1615 5623 686 6624 610
6178 4126 338
2363 6346
3275 5607
4132 4130 4132 4130 4130 4101 4130 4131 4131 4132 4132 5607 6346
4430
4129
4136 2943
2631
3270 5765 5844 2326 6792
61
4126
1648 1649 1633 1627 1623 1628 1618 1629 1646
6796
4112
4129
2583 2586 2587
2968
5631
4126
2965 2966
2956
4112
163 4126
2946
4422
2538 2506
4125
1705
2966 2911 2901 2944
4074
4126
5925 1777
4126
1119 1073 431 984 897 1075 1117 952 1474
2249 6971 2584 2524 6800
4125
4112
338 4137
1826 390 3520 4420 891
4126
3510 1737 2263 6968 5750 3269 2262
5845 3744 269 163 3721 2249 2968 3647 1547 3009 3269 3717 3649 3744 5344 2820 1547 3744 163 1547 3647 2214 3003 3744 3001 269 3744 1547 269 5845
1077 1080
7124 3650 6723 5928 2649
2968 2942
4638 4112 2944
4074 2946 2949
3510
3320 5295 1698 3298 2756 2797 5625 6119
3880 5344 6012 4218 2538 2754 5842 3323
6346 5772 2237 5978 5749 3882 3874 3892 4112 3656 5625 1532 1759 2968 4112 2379 2369 5607 2372 3656
4128
2827 1531 3278 5339 2369 1547
4126 4074
1846 1846
4126
3409
1868 602
2968
2944 4126
4126
4112 2968
4112
2538 2365
5941 1547 6990 5980 1547 6990 5941 263 6990 5941 1547 263 6990 5941 1547 2797 4722 4721 263 6990 2642 263 1547
4129
2970
4136
4074 4125
4112 2362
163 6873
2369 6012 2317 263 2826
4125
4126
2968
4523 3716 3727 1547 3922 3423 3649 1547 3717 277 3727 3259 3649 3771 2224 2250 1547 3727 4523 3519
2946
4130 4132
5272
163
2946
4130
4112 4126
2912
4125
2806 1862
2651
2215 5941 2510 1841
4126
4126 4125
4126
4126
6012 2968
4125
6723 3259 3320
4136
2968
2262 1547 263 3876 263 2777 2344 2778 2343 5925 2333 3694 3692 263 4631 1547 2214 2633 263 3278 263 3692 3694 4439 263 2839 263 5763 2214 6344 6410 263 3656 263 6344 6792
536 1853 263 1738 631 692
4112
2970 163
2968
4136 4112
2182 2966
163
2968 5625 5994
4136
4074
2968
4112
4112
5530 3074
4125
3920 263 2211 721 1871 1622 534 1672 263 2665 3060 3694 3120 2833 5929 1547 263 5344 2216 263 2633 2778 1547 263 263 6344 2665 2839 3404 2776 263 5763 4631
4126 4112
1825 3086 4075 2725 1394 1073 389 6346
163 163
4112
4136 4136
20 25 5714 3817 25 4112
2797 6855 3877 2240
4126
4126
4137
4136
4127
2461 2540
4126
4125
2968 2956
1715 3408 3307
4127
5750 3894 1746 3338
1531
2325 3206 431
2968
4112 2968
4112 4125
4125
2968
2946 2968
1532 6108
4125
2775 3334
4126 337 4126 338
4058
4126
4074
4126
2466
4112
5765 1084 1821 4440 1047 5752 3622 6365 6
4126
5744 5746 3845
6366
163
1757
4126 4125
2944
2951
2968
1707 5625
4127
2970 4127
337 4126
4126
2946 163
4126
2368 5625
4127 2944
4067 2946
4128 4112 2968
4136 2965 3830 6266
2946 4126
2321
6792 263 2440 6320 1622 448 721 709 2441 2442 2797 3297 263 2442 2441 1988 6792 263 2275 6398 263 3638 6792 2220 263 6927 6792 6398 1986 263 1547 5929 6320 5929 6792 263 6693 3637 1988 1547 2827 5929 263 5607 263 3297 5607 263 5740 6398 6792 5743 5925 263
5749 5745
4439 2216 6728 6729 1547 263 4401 263 3921 6985 5531 6971 4582 263 6729 1547 1547 263 2643 2851
4099 4130
2363 2631 1707 263
2943 3497 5623 6484 5631
4126 2368 2960 1795
4126
1777
1825 3463
5845 3622 263
163 163
64
4125
2634 1776
163 163
4125 4125
4125
721
6176 4125
4126 4126
1533
4126
4112
5644 6398 263 4304 4663 4664 263
4074 4112
1532
2968
263 1547 6343 2363 2825 6343 1547 263 6969
5839 4290 4289 4289 4290 5740
6336 263 6344 263 2643 6336 1547 263 6344 6344 263 2587 6336
2968
6333 5212
4126 2946
4068 4103
602
2968
4126
6969 1751
2946
2249 2216 263 3420 3297 2797 263 2776
3881 3653 2320 1047 3914
4068
4126
2899 3820 4137
3646 2779 5633 4664 6356 2326 3307
3889 5297 2367
4136 2944
6295 2858 2969 1840
2105 2111 2104 3238
4126
2908 2898
4126 337
4126 4063
6445 337 4126
4127
2968
1785 5328 263 6972 263 2220 5806 1785 6972 1785 2220 263 2220 263 5631
4112
4126
163
2584 263
4125
2970
4125
4101
263 2863 3195 3049 3923 1615 2641 607 3924 2446 3716 3137 4525 3903 1547 3716 2744 5625 6032 691 607
4126
163
4126
4126
4632 2901 2946
4126
6972 263 6668 3391 263 5913 6343 3622 263 3623 6969 1547 3889 4439 263 5475 3623 1547 263 2797 263 6356 4420 1547
163
2972 5515
163
5631 6722 5495 1785 6762 263
3338 263 6911 2362 5584 3338 6911 263 263 2333 3744 3656
4126
4076 4125
163 163 163
263 3874 3510 3269
4126
4126 4126
4128
3386 4434
4125
2147 4126 3567
1531
270 5339
3880 3297
4127
4126
720 1701 1853 600 1848 602 1855 4129 337 688 460 509 1738 610 502
3692 2797 263 3275
263 2048 1774 6969 5631 6313
3646 3338
4112
1531 6609
3494 1687 4075 4126 3512 4512
3952 3882 263 263 5913 3932
4125 6163
4126
4126
4125
4126
2953 2944
2754 6687
4126
163 163
4126
6178 4126 337
25 5907 5839
4137
163
6664 2632
6216
285 5623 6969
2828 3307 3408
2643 5752 5625 263 6436 263 3437 5875 6985 263 6398 1801 3622 6986 263
3318 6012 3873 3297 3346 2781
4126 4126
338 4126 6178
163
163
4136 4136 4136
4125
1533
4126
4126 4125
5607 1757
4126
163 163
5770 263 6971
4135
5619
4125
4126 4115
4126
4465
2181 2944
5625 3875
4127
2946 2714
1853 2369 602 5623 6969
4126
285
4126
163
5348
1769 705 414 440 1198 1215 438 1224
163
4128
2825 6250 263 5841 4420 6346 263
5640 3914 277 4215
6986 3914
163 4084
