2968
4112 4131
1538
4104 4104
3892 3737 3900
4074
4125
5344
4125
4099
1547 2329 3275 6981 5852 3268 5763
5941 3306 2857 1774
163
4112
4068
163
5977 5765 1855 701 2723 1615 5339 720
4126
4126
163 163
4112
3509 6666
2947
4112 4112 891 1399 890 1394
4112
3309 6723 4303
2968
4104
163 1538 163 163 1538
2944 3819
2968
1117 922 952 970 1119 923 1531 6571
2968
1538
5481
5450 5451
2968
1538 1538
4125
2968 4112 4125
163 163 163
4126
2968
5127 4872
2175 2946
4070 2797 6377
5471 682 709 642 6527 4126 4065 709 608 1868 1622 682 608 709 608 682 709
4126
4112
163 163
4126 4112
2889
163
1313 1738 373 394 1264 1369 4112
2968
4130
4112
4112
163 163 163 1538 163
4074
2968
1670
4112
4074
4126
2820 5326 608 6723
4112 4112
4131
6184 4125
2968
2968
1538 1853 163 1538
2337 3876 6668 6367
4061
2263 3255 5632 6616
2968 4112
4064
6850 4444 3877 1992 810 832
4074
1796
4126 4112
4132 4132 4126 4132 4101 4132 4132 4132
5827
1750
6722
707 1195 703 1229 713
2367 5326 3269
4136
4125
1738 1622 1991 693 721
163 163
4125
6969
2968
4074 2946 4136 1760 4074 4273
4112
4126 4136 4126 4112 4126 4126 4136 4126 4126
57
2968
4126
4125 6175 4112
163 1538 1538 163 1538 1538 163 1538
7064
2956 2946
4112
4126 4126 4131 4130
4112 2968
2943 4125 4126
1538 2944
4101
4126
4074 2968
4112
4104
5629 5630 4149
4125 4125
2968
2968
350 5606
4074 4126
4104
163 163 1538 4112 163 1538 163 5845 163 163
4126
1479 1119 1394 1063
4074
2944
2950
4112
4126 4126
4126
2944 4126
4112
2946 2944 163
2797 1697 5827 4533
1538 4074
2968
4126
4115 4125
4099 4099
3 15 20
4126
4099
4126
4125 6459
2968
2968
2968
4112
4112
4125 6487
188 57
3635
2698 4126
4125
2968 4125
4112
4136
1538
163
4074
4125
1813 6711 6325 6711 1812 4028 1813
1853 2968
4104 4112 2968
4112
4125
163 1538 163 1538
4074 2944
4112
4125
2968 4128 6069
4112
5808
163
4132
4112 6186 4125
1173 1228 1224 1208 1771 431 6798 1547 3338 2375 5771 3404 1178 1771 1228 2374 3604 1208 1193 431 1228
4125
4126
4126 4130
4112
6313 1547 2762 3910 2320 6851 3882
4112
6722 2817
1821
4125
4303 3060 6012 2461 6512 5629
4131 4099
4125 6484
3875 6014 4434 4434 3510
4074
1538
1538 1538 1538
3878 2250
4126 2968 4126
4125
4074
2968 4126 6447
2968
4125 6485
4112
2968
4125
4112
4132
4125 6510
1538
4125
3510
4112
163 1538 4074
2968
1689 2369
4126
4112
1538
4125
2968
4125
4132
2968 3910 3875 3900
6487 4126
4131
4112
4112
3223 3215 2756 3223 5772 5772
4112
163
5607 3898 2759 5335 4303
2956
4112 4112
2968
4112
2988 5582
3347 3877 2214 2645
4129
2634 2645 1836 3881 5765 2211 2023 4074 1836
2764 5471 6972 3874
4126
2369 5607 3269 3503 4030
4125 2968 4112
3560 4525 4223 1547 2682 4667 2863 6972 1723 388 3558 3436 3906 3906 2326 3195 5620 3560 1547 282 5373 4525 3558 3265 2210 4218 2682 6972 5247 5373 4215 5431 3062 3560 3153 3558 3260 1547 3882 3436 2682
6691 5752 4303
4126 6533
4074 4074 4074 4112 4074
4127
2317
2623 2275 2319 5172 5929 5796 3165
4112
4128
4126 2946
2180
4112 4125
688 1738 649 557 709
2326 5846
3463 392 2362 1718 1825 1669 389
4074
163
163
406 2797 4800
2317 2458 6666
4126
163 163
4074
3952 6972
4074
4130
6454 4126
2968
2968
2968
4074
4112
4129
2968 4125
2956 2956 2944
4074
2968
4112
1930
8
5584 4663
3037 6398 1538
4081 2946
4125
4125 4130
5867 4126
4127
4126
228 228
1538 163 1538 1669 721 1538 163 1538 1538
285
1670 2901 418
4125
1695
2946 4084
4125
4125
4131 4131 4131 4131 4131 4131 4131 4131
5531 2319 1532 5584 1547 5584 4664 5531 2326 2240 3320
163
163 163 163
4125
4125
4070 2968
2968
1861
3510 5335 5325
4112
4125
4126
2968
3275
4126
4104
6178 4125
4087 4112
4125
4101
2164 291 2164
4126
4125
5625 1796
6705
4089
4126
2968
4125
4126
1538
4126
2968
3309 2319 3960 1784 6392 2282
4126 2252 3372 1622 1858 3960 5288 5844 2601 5640 2252 2390 2540 2496 2651 6395 2459 1622
1538 4074 1538
4128
4126
2968
2946 2369
3837 6259
4125
2968
2972
6343 1073
2968
4125
4125
4126
4112
4125
4125
2968
2946
4074
4126
2956
4126
163
4112
6723 3793
4128
163 1538
2968
2481 6359
163 4112
2968
4074
4125
4112 4112
4127
2968
2946
4126
4126
163
4112
1538
4126
4125
4112 4112 4112 4112
3255 1391 3265
2968
4618 1776 7203
3817 2906
4125
4125
4103
4126
4125
1824 6936
1846
163
4129 4112 4112
4126
5868 1859 5607
2953 4087
4694
4112 4136
2968
1
4112
4101
4112
4112 4112 4112 4112 4112 4112 4112 4112
4126
2945 4126
4112
163
4074 1846
4104 4104
2968
4099 163
2983
1063 1162 431 1389 1119 1479
4125
2968
4112 4112
4126
2723 2216 2461 3694 3881 4222
4103
4125
4112
2911 2944 2912
2968
2946 2946
4112
2946
4112 4112
1538 1538 1538 163 1538
163
1846
4112
4125 4099
4136
6178 4126
4136
2946
4125
2968
4112
3898 3922 6723
4125
4125 6178
4112
4126 6447 4126 5591 6447 4126
4126
4126
4074
3020 4137
2968
4125
2216 2587 4885
4112 4112
2363 1871 1738 2363 1871 1738
2946
2968
3941 3509 2835
1850 6979 6972 1726 1850 6972 6979 540 6972 6979
163 1538
4112
2901 4638 6707 2944
3719 2367 6729 5828
4137
1272 1278 553 1307 4075 1278 1259 6855
4112
2408 6822
890 431 1393
2947
1776 1774 3869
1120 893 1397 870 431 717
3307
4112
1533
4126 4112 4112
4112
1808 6333 6332
2968
4112 4112 4112 4112
4126
2146 4125 2945 6458
163
6241 2968
4125
57
4112
1077 1388 1120
1538
4074
4126
4074
1538 2968 4112 4112
2946
2968
4112 2968
4128
4112
4126
2956 4126 4112
4126
4126
1855 504 1738
4126 6178
2968
2968
2968
163
2956 4087
6734 2362 3878 1776 2754
1738 1622
163 163 163 4112 1538 1538 163
2968
2458 3269 3878
2968
4130 4132
4074 4112
4112
2769 2382 3881 5994 2374 1533
2944
7233 7212
2968 2966
431 883 890
4112
3307 5925 899 1076 1133
4126
1388 1119 1073 431
4112
163 163
4126
4132
5630 6582 5170 2806
4125
2367 3914
163 163 163 163 163 163 163
2968
557 1738 686 610 554
4126
4074 4125
4125
1615 682 1701 699
4125 6485
6723
4131 4131 4131 4131
4136
4112
1538 1538 163 1538 1538 1538 163 1622 1538 1538 163 1538 1538 163 1538 1871
2968
163
4136
163
4136 4112
4112
1538
2944 4112
4112 5918 5941 4430 5922 1760 3390
431 2946
4125
3
4112
2047 1533 5929
4074
2968
1538
4112 2944
4126 4112 4125
2968
2968
4126
717 1388
5806 5495 2455
4126 4112
4136
163 1538
4112
4125
4089 4112
4112
282
228 228 228
4112
2968
686 5485 1853 1813 1615
163 163
1669 1738
5471 5607 6668
1738 373 1372 391 3461 394 1882 1304 353 3649 4631 3649 3461 4631 2797 391 5142
4074
2968
1533 2968 6588
4112
4112
4104 5754
4069
650 688 686 1738 557 720 608
4126 4112 4125 4112 4112
4136
4099 4099 163 4099 4099 163
4125
4125
1
4126
4112
4125 4099
3719 5607 5496
4125
2229 2245 2320 3898 5840 3259 3275 3261 4112
4137
6179 4127
4125
4126 6485
2968
4126
5801 2586 3270
6513 4126 2381
6535 4126
4074
4074
2968
5531
2946 6178 4125
4074 4074
4074 4074
163 163
4125
4126
4126
6575 1533
2968
2943 4081 2949
4087
5628 1821 1776
4125
163 163 1538 163
2968
6257 2946
2956
2968
163
2946
3510 3892 263
4112
4125
4074
1448 1446 1426
4112
6666
3814
4125
1145 1144 3907 4218 2723 5607
2968
4125
4112
2919 2922 4126
4125
2863 2362 1547 3650 6850 2250 5770
4126 4126
4112 4112 4112 4112
4125 4112
2968
4126
285
4131
5482 2262 5844 2369 3911 4264
4112
2968
4112
4126
5280 4882 5496 1695 2363 6336
4129
4125
4129
4112
4125
7 163
4126
3882 5763 3921 3268 5607 4112 1538
2968
4112 2966 6701
6133 2369 4129
1669 1622 1759 721 1759 1759 1669 1622 721
844 857 841 7062 7330
4125
3170
1686 2363
4112
61
1538
2088 2440 3343 1547 5847 4664 2213 2263 2088 2317 3893 4511
6069 1533
4112
2797
1538 1538 1538
408
4074
600 699 524 1853 699 524
4112
5544 5544 4149
4126 6175
4112 4075 4075
3517 5450 3517 5544 3517 5451 5544 3517
4125
2946
4132
4112
4126
4074
163
4112
1662 1665 2936
2946 4076
4129
2968 4112
4112
4112 2956 4131
2968
4126
163 1538 163 163 1538 163 1538 163 4074 1538 163 1538 163
3986 2322 3269 4136
2943
4125 6175
2369
4125
4112
3846 5840 5362 1547 5364 5363
221
4125
4130 2968 4131
4090
2972
4112
4112 4125
4103
4126
4125
4126
2366 4112 1697
2946 4136 4112 2755
4126
4112
2946
510 699 608
2956
3520
4112 4129
4112
4074 4074
4274 4136
4112
4126
4126 4112
1538 1538 1538
4137
1853 691 709 691 1848 608
2956 2194
4125
163
4112
4112
4127
4112
4125 4112 431
4136
5826 6359
2369 1693
4074
4136 4112 4112 4112
4125 6459 4112
1538 1538
2946 4074
2968
1538
4125
4126
4127
2968
4127
4112
228 228
720 602 688 701 1853
5531
4129
2968
4126
2968
5630 2319 6112 4112 3269 5632 6137
163
6262
4126
4126
1533
4127
4074
4112
4112
4126
4130 4130
4126
4129
6479 1531
4112
2807 1836 3030 6197 2600 5632
479 688 552
4129
17
2968
4112
4112
3942 2851
4112
1
4125 6175
4112 2946
4126 6458 6458 4125
408
2368
4112 4112
2946
4099
163
2968
6549 4125
3274 2317
4125
5047 2322
5010
4112
5640 3898 3899
4125
4125
2616 4308 4184
2968
4099
163
163
2968
1538
285 3494
1538
163
1991
2414 2968
163
4288
1155 431
2369
6459 4136 4064
4112 4112
5483 4191 5888
4074
4112
4125
2946
2368 5329 4908 2650 5752
3268 1799 2362 5632 6593
2968
2797 2968
2944
4125
4126
2180 24 24 24
4126
2968
703 1771 707 713 1218 4692 6668 5771
4129 4127
260
2968
4127
2552 2368 263
4126
3856 3851
4125
4126
4112 1683
4136
163 163
2645 3275 4216
2855 3341 3433
4112
4112 4126
63 63
1997
4074
5925 3875 263 6395
2968
4126
2944
4126
2968
2968
4125
2968 2726
4112 2968
2968
4128
163
163
2634 3889 3923 263 431 891 263
4126
4125
4112
2478 2498 2521
3298
2968
163 4126
2851 6583 5632 2224 5625
4112
6178 4126
5925 2540
4126 6178
4127
4104
2968
163
163 1538 163 1538 163 1538 163 1538
1796 4663 6823 2769 2363
4112
2968
3307 5765 3264 3334 2797
163 1538 163 1538
4126
2946 4112 4291
163
4125
4126
2968
4125 4112
163
2968
4112
4112
1538 163
2943 4125
2968 4129
4126 4112
2968
4125
4112 4112
4126 4112
2968 4112
4126
2968
163
4125
4136 2956
1538 4537 2640 4149 1840 2631
4112
2946
2583 263 2603
6176 4126
6723 3692 2776 5763 6396 3876 1547 3692 6723 5827 5773 3054 3876 5826 3054 6723 3878 2764 2304 5634 5826 6723 1672 5633 699 1855 2755 5826
4125 6179
163 163 163 163
4126
2817 4443
4125
4112
2369 3350
4112 4112 2947
1259 1352 1308 394 373
2956 4112
6823 4112 4112
4112
2956 2944
3334 6723 2481
4126
163
4112 4112
5865
4112 3814
2968
2967 2965
2968 4125 6176
2968
2968 4112
4125
5945
4802
4126
4125
4099
163 163
2968
2968
4112
4081 4136 1699 4085 2944
4126
4125
6458 4136
4112
4112
4125
4112
6012 3336 3321
4112 4075
4126
4126
4125
608 5929 545
4126 6485 2968
2946
163
4112
4112
4129
1683 2368 3924 3899 1698 3719 4883 1547 3923 2369
2949
2968
2968
4136
4112
4882 2363 6336 1796 3876
4112 4126
4112
6175 2968 4126
163
2946
4112
4125
2968 2946
2968
4074
6366 2214 2220
4128
163 1538 163 1538 163 1538 163 1538
4671 6722
4099
1531
4112
4125 4112
4125
5607 5752 3275 3881 1704
4112
5328 1622 2382 2587 3427 2317 2362 6990 1547 2379 6343 4289 3881
1552 3899
2944 2912 4074
4074
4112
4126
1820 1703 2287 7059 5645 7065
4126 4112 4112
3336 2319 1698
4093
1538
4126
228
4127
6535 4126 4125 6459
2968
6985
2968
4126
4112
1533 2363 6515
2968 4112
4112
5631 1785 6850 1707
1538
4112
4126
2968
2899 2966 5730
6013 1716 6293 6424 6014 6293
61
2968 4112
4126
2946
3
2946 4112 4074
4125
163
4125 4099
4136 5561
2968
4126 4112 4112
4126
2968 4126
163 163
2946
163 163 163 163
4112
4125
4126
2832 5741 4713
4127
4126
163
5807 5802 6283 2754 3390 5811
1935
4112
5941 2972 4067
163 1538 163
4127
1
5752 3030 3253 5488 3433 6346 3004 6990 5607 6961 1761 3144 6343 3134 3253 1761 5772 5607 6961 5488 6990
4125
163 1538 163 1538
4126
4112 2547 5634
4125
4776
1538 163 1538 1538
1538 163 1538 163 163 1538 163 1538 163 1538
4125
1538 1538
4263 4439 263 4898 3346 2834 263
2946
3509 3877 3899
4125
4104
1871 3876 2336
4126 6004
4125
4112
2968
163
4112
163
163 1538
1
4126
57
1622
4112
2956
4074
4125
6970 1861 721
4126
4126
4112 4112
4112
5607
4112
2968
4126
4112 4112 4112
4127
2968
2025 5918 6293 6991
2968
2968
5808 3898 4898
4075 2968
4112
4126 6184
4126
4112 4112 4112 4112
6976 5625
4126
4087 4074
4136
4619 4880
1538
4126 6179
2944
3463
163 1538 163
2968 4112
5929
1538 1538
4125
4125 6175 4112
1738 721 5629 890 955 2650 6554 893 1078 1379 1826 390 6722 1073 6732 6723 3510 390 1826 1826 390
4126 6548
4112
4126 6179
2946 4126
1713 682 648 607 1533 5918
4112
5 5
4136
163
1538 1538 1538
1829 6976 1750
4127 2944 6653
6307 4112 1547 3371 2317 2211 3881 2214
2946 4126
1531
2966 2919 4880
4074 2946
4112
4127
163 1538 163 1538 163 1538 163 1538
4112
4125
3517 3517 6241 6250 2576
4112
1538 1538 1538 1538 1538 1538 1538
4112
4112
6252 5970 5840 2651 3749 3960
4125 6178
4125
4126
4125
4129
2946
2968
4125
4074 2968
4112
4814 1394 1378 1135
1531
4125
2968
2946
4125
4125
4136 2946 6748 6969 2911 3840 2966 2965 1547 4074 5471 5469
6176 4125
2968 4112
2968
163 163 1538 4112
4125
4125
2968
6184 4126
4137
861 1927
4125
4125 4112
163 163 163 163
5970 5530 2362
2956
4112
6178 4126 4112 4112
2968
6178 4125
4136
2363 4069
4112
4125 6179
4136
4074
163 1538 163 1538 163 1538 163 1538
6179 4125 2946
4074 163
4127
5628 6295 5634 5628
4112
4127
4112
3494
223
4126 6122
5524 5531
5470 3937 3878 6293 2956 385 1709 6972 3638 5329 3253
4125 6176
4101 4125
4126 4126
1224 1179 1197 431 438 263 1091 431 264 1119 1391
2968
4136
4136 6454 4126 6447 2946 4112 4126 6447
4125
4074
4112
2825 1685 264 3022 5929 2538 263 6616 5941 2825 1547 5632 2825 6504 2640 2538 5632 263
4074
4112
4112
6179 4126
4390 4380 5929 5978 4391 5772 5929 2643 2823 4396 4397
4125
171
4125
5475 2320 4221 4720 6855 3260 3273 5772 680 1615 1164 648 607 686
4104 4104
4126 4126 167 4126 171 4126 171 171 4126
4125
1533
4125
4099 4099
4126 6458
4126
2396 5151 428 5153 6370 2851 3294 5752 5152 5755 4651 3638 1757 2817 3336 3341
344
4125
4074 163 6175 4125
4125
4125 6179
2968 4112
4126
4074 4074 4074
2902 2139 2968 1538
4126
4112
4112
2968
2944
4074 4125
4112 6175 4125
4112
4125
2922 2946
2968
1538 163 1538 163 1538 1538
384 1681 2797 1681 384 3510
4126 4125
4126
4137
285
4136
163
163 1531 163 163
4125 4112
163
6710 2922
4125
163
4112 4112
2631 4126
1073 1123 1388
2968
1937
4126
4126 2968
2709
2944 4126
4074
2968 6979
4112
604 650 540 2968
285
4112
4087
2968
2968
4126
4125
6647 4112
5941 1622 1669 1871
1947
4126
6012 6336
1155 264 891
2968 4126
2459 163
4126
3952 2835 3510
4112 2968 4125
4126
2968
4112
4126
4112
2967 3852 2966 1538
6969
2946
4112
4125
3668
4125
3559 1533 5565
5514
2968 4112
4125
4125
4112
3144 3408 2265
163 163
4136 2944 6447
4126
4112
386 1710
4074 4074
4126 6447
4126
2755 5625
163
2968
1388 264 1119 1077 431
1532 5994
2968
4125 4126
4126
4125
4129 4112 4112 4112
4125
1778 1111 1047 4074
4136 6535 4126 6535
4112
4074
4112 4112
4112 2968
10 2471 10
4112
4125
6175 4125
4074 2944 6756 6755
6179 4125
2968
4125
4112 4126
2968
3898
4126 3880 3269 3268 5623 2631 4264 1533 2754 3878 5607 4074
4074
1668
6638 5531 5630 5629
6972 5975
4125
4125
4074
4125
2968
4112
4112
2946 2643
6012 2754 4263 3878 4525 3270 263
4112
4273 4136
6367 6012
2968
4126
4136
1538 1538 1538 1538
3334 1987 263
263 4885 3269 3270
1691
4125
2968
431 1131 264
2968
2946
1531
6293
6299 1703 3509 3910 3371 3922
1538
264 431 891
1846
163
4126 4112
1699 4126
5629 1704 6620 263
2946
2645 6850
5867
4125
2710
183 4119 21
4125
2369 2624 7164
6969 3882 4731 3049 2466
5867 4075
502 608 4444 699 4444 5801 5398 5811 6710 602 3942 5811 602 3922
4087 2946
6698
4125 4130 4087
4125
4084
2968
4112 4074 2956 4112
2966
4127
2968
431
2947
4125
6666 1533 7373
4129 4127
4112
1531 1538
4136 4112
4439 263 2826 263 4439 4525 4525 4439 263 1685 4439 2851 263 4525 2759 263 4439 4420 263 4439 4420 263 4439 4420 6241 4420 4439 263
4112 2968
1400 1379 263 1135
163
4126
4125 4112
193
1531
4112
4126
1538 2946
2585 5584 263 4361 263 2603 2601 2590
2366 6850 4112 5925 3545 3253 2497 5806 4112
2968
4125
2950 2948 2950
4125 4125
263 3910 3045 5913 3743
2967 4126 2966
1533
6982 5829 2368 3696 2723
2968 4112
2773 5925 5829 3907 3650
4126
4101
4074
2968
891 431 431 1389 1077 1120 1388 3509 431 891 5339 6666 4112 1738 602 1164 688 6491 5632
4112
4128 4127
2968
231
4126
4126
6336 263 6284 1704
4112
4112 4126 4112 4112
1738 519
3274 6341
4126
4112
2968 4112
167
2968
4126 4112
2363 2916 2325 1796 3379 4291 3380
2956
5451 5450
4112 2968
4112
4126
4112 4074
4112
4125
4074
4112
2968
2946
263 2362 4304 5770
6178 4125
4126 4112
4129
163
4074
1424 1434 1444 1416 366 1445 1003
2870 2634 3265
4112
4126
60
2956 4112
3391 2651 3898
2968
4126
2968
4126
163
163 4126 6178
163 1538 1538 4074 1538 163 1538 1538 1538 1538 163 1538
4126
4125
4126 4125
6598 2367 4525 5629
2363 350
1532
4112
6175 4126
2946
263 4864 3510 3510 263 4863 3423 263 3424 3510 3350 3404 263
2968
2727 3275 3509 5640
2968
4131
4126
4112 4112
3694
104 104 104 104
4126 6454
2944
163 163
2633
1846
4125
163
4125
4125 6179
4112 4125
63
2946
6176 4125
2911
4112
4126
6263
4125
2949
4125
4126
4125
2968
1716
431 868 891
4126
264 1378 431 1076 1117 264
4125
2946
2946
6178 4125
2946
6423 6258
163
4073
1394 2949 890
4074
4112
4112
4130
2968
4125
2968
163
5194 263
4137 2943
4074
134 84
163
2968
4731 3268 5929 5629
4125
3437 263 5324 4426 5336 263 6343 3941 263 3437 5326 3437 263 3510 4426 263 5848 2225 5335 263 5324 3437 4731 4426 263 6410 5335
4127 4127
4104
4126
163 163 163 163
2911 2912 5715
608 699 502 1855 688 460 676 552 502
1538
4112
6659
1759
1846
228 228
3772 3758 5951 5765
4692 3885 2603 3876 1547 4304 2369
4112
4112
4074
4112
6526 4125
57 57 57 63
4132
4112 4126
2968
4112
4136
2968
4125
4125
6951 4126
2759 4215 2369 3876 5852 4222
263 1092 1128 1388 970 955 1381 1400 1399 264
4125 6178
6533 4125 4074
2946
4125
1937
4074 4074 2956 2956
4112
2968 4112
6722 2459 2584
2968
163
4112
4125 2968
2968
1538
721 1862
2946 4112
6485 4125
4112
2968
2968 2237 1693 2368 1813 3881
1379 1400 890 1399
2565 3510 1531 2565 3510 3178 2906 2565 4030 3510 1531
163
4112
4112
4125
4126
4074
2968 4112
4112
6953 2968 4061 2972 2947 2972 3503
263 2797 6369 6723 263 2797 6723 5629 6077
3404
2968
163
163
2946
4112 2968
4112 4112 527 649 502 699 602 674
2956
163 163 163 163
721 1737 1622 446 1862 648 684 1164 3765 3801 3798 2851 3766
4129
4126 4112
163
3886 3882 3881
4125
4074
6554 4126 2946
4126
163
263 3900 2756 6012
6969 6969 6978 6969 6969
1532
163 163
3875 5607 3914
2287 263 1739
4129 2946 6526
4898 2382 4716 4898 2261 2382 2382 2261 4899 2261 2382 4898
4112
4125
1697 2020 3510 1820 2307
3391 5581
4126 4126 4125
1538
163
4126 4112
163 1538 1538 1538
4112
4126 6526 4126 6528 4112
4112
2968
4112
4132
4125
163 163 1538 163 1538 163 1538 163 163 1538 163 1538
4126
431
4126 4112
263 3647 5740 3049 3509 263 6410 5740 6398
2968
4112
163 163
6176 4125
2968
4126
4129
2968
163
4125 6175
163
4125
6082 1531
4126
163 163
2968 5844 3874 2853 2317
4112
4115
4126
4136
4125 4125
2946
4638 4638 4136 5752 1707 1759 4638 4112 4112
1538
600 1615 4880 676
4125 4112
4132
1915 1915
5908 5907
4125
2968
4125
3338 5532 1728 3876 5624
4126
4125 4112
4126
2944
6689 4074
4126
4126
4126
2203 7031 3898
4132
4125
4112
3320
2635 1547 5339 6668 5978 2833
2968
2968 4074 2503
2440 2369 3376
4126
2968
2754
2968
4131
2968
1772
4125
1538 2777 2130
4125
3875 3911
4125
4074
431 1377
4112
4126 4125
2968 1538
1795 6326 263
4125
263 6972
4126
6364 1533
4126
4112
4125
2946
2968
163
4112 2968
1752
2946 6458 4126
4126
3379
1837
4103
4112
2968
2322
891 1479 264 1120 431 1073 1120 1072 716 431 264
4125 4099 4112
2944 4112 2946
2968
6250 2210
890 264 431 6851 891
4125
2946
5584
2968
4112
1707 4131
4128 2946
701 604 554 610 605 699 555 652 556
1533
4125
2797 3790 4303
4112
2797 3319
4112
392 3463 648 688 602 1164
4126 4125
4136
163 163 163 163
2284 2394 3647 163 3721 2394 3716 2401 3649 3737 2397 3716 5247 1871 264 694 602 1672 1669 1547 2394 277 6946 2398 163 3338 3721 689 1672 1669 602 263 2723 2727 3269 3269 263 2727 3649 2727 1827 263 1547 263 1855 709 699 602
630 688 507
2946 2546
4126
1262 373 1352 1304 394
4074
163
4132
1538 163 1538 608 163 1538 1538
4129
4136 2333
4125 6178
163
3303 3336
1531 6068
1538 1538
4125
2968
6549 4126 4112
4112 6067 4126
1836 2833 3959 2756 1547 3875
4137
4112 4112
4112 2968
4126
2968 4112
4112
4125
4125 6445
4061
4074
5829 5471 3878 2322 4508 4880 5752 5801
163 1538 1855
6258 3830
163
3509
4112
1538
1531
4087 2946 4085
4115 4112
4126
4125
4126
4065
3309 5495 3319 5928
2968
2682 5925 2220
4126
2797 2633
2524
4126
4125
2968 4126
4126
4136
4074
4125
2966
6377 4978
1538
1531 5521
4136
4125
4126
1846
1533 4171 3319 4218
4126
2968
4049
3960
2968
4125
4126
4125
1853 5607 507 5875 6855 688
4136
1697
2944
4136 4136 6176
4126
3922 3882 2362 3906 2966
1758 3650 2344
4115
5929 6602 2946 4137 5978 2440 1547 5929 5749
2374
2968 1685
4131
2968
5945 3334 6377
2255 3273 3906 3986
4127
2777
4149 4112 1538 4149
4074 1538
4126 2968
186
344
4125 4112 4112 4112
4126
2394 2362 3271 2762 1388 1124 1077 431
57
4125
4131 4130
4112
2968
4125
2947
4131 4131 4074 4131
4125
4125
4125 2968
3260 688 500 1855 688 1164 1855
3833 4126
1400 1379 893 1135 1077 955 1388 1124 1400 3463 392 1400 1117 1378 1077 1388 1378 1117 1077 1400 1479
4112
4129 6484
163 163
4126
64
4126
5623
2440 2130 3376 3647 2631 3878 6855 5623 2130 2440 3376 3376 2440 2130 3376 2130 2440
163
4126
2968 4112
4112 163
2180
6179 4125
3404
163
4125
4126
2968
4112 4112 4125 4112 4112 4099
2968 1738 1738
2968 4112
4112
163
4112 4112 4112 4112 4112 4112 4112
1931 1931 5623 5617
4112
4126
1751
2946
4203 263 886 263 4203
2956 2943
263 6723 6723 263 6723 263
4112 2968
4125
2968
4104 2968 4074
10
431
1772
5929 3509 5630 6468
4126
4112 1772
5328 263 6346 6668
5
4125
1076 1387 264 1077
4127
2901 2899
163 4074 163
4125
4131
2911
2968
4125
2968
4136
3275
4126
4125
2968
1538 1538
4136
4125
4126
2968
344
3509
4112
4112
1538
431 2480 6969 5630 2459 4065
4126
4112
2968
1992 5847 2368 2440 5335
4126
4129
4112
4125
2024 5607 3271 4713 1785
2953
163
4112
4125 4112
422 422
4125
1738 1858
1937
2968
6178 4125
4125
682 838 610 720 1813 2326 3559 5297 607 610 709 682 5929 2326
4112
2650 5514
7002 5650
4112
2644 2806 1748 1991
4074
6443 4125
4126
4126
4112
452 721 4074
4112
4112
1394 891
4126
1846
3334 5326 3338 5326 3338 5339 5339 3334
2968
2968 4112 4112 2944
4074 4112
3826
5607 5532 5764
4126 4126
4131
4125
4125
4125
25 23
6004 2946 4126
4125
4074
4103
2968
2946 4136 4112
4112 4112
4125
4274
163
1772
2968
4065 4136
1750
3510 5624 2968
4126 4125
4125 4130
6907 1759 1718
4112
2968
2631
4112
2944 4127 4112
61
4125
4126 2968 4126
4125
2946 4126 2647 4112
2434 2968
5952 3347 1547 5752 2367 5336 3919
4125
4112 4126
3647 263 2216 3309 890 1154 264 3875 3647 263 2216 1154 890 3647 5523 263 2216 3309 3649 263
4125
4125
4125
4125
4125
163 1538
2333 1693 1692 2362 402 2319 4074 2936 4112
5966 5823 5823 5823 5966
4132 4131 4131 4131 4132
4101
4128
4126
4112
4074
4112
2968
193
6267
4125
4074
693 1871 1737 1669 263
4136
6266 4125 2910 2922 1538
2968 4112 4880
4125
2968
4112
1538 1538
6691 1738 1622
4127
6178 4126
2968
5632 1757 1757 5629
2968 4112
1716
4127
4074
4112
4125
2968
4126
4126
4125
4136 2968
2968
2991 4125
216
2946
6722 3877 6346 5339 5522 4692 1547
4112
6361 5808 4126
4126
4112
2797 3877 2754 4263 263 5531 5650
4112
4125
4129
4125
4112
6176 4126
4112
2325 3206 6396 2804
4136
4126
163
4126
4129
2946 1538
439 414 705 1207
6971
6261 3834
2946
4112
2956
4074
4126
163 3881 2297 1759 1829 5852 3944 2756 4112
1846 4074
6178 4125 1532 1532
4112
4136
4125
4128 2968
4112
2645 1751 2645 2644
2918 2906
163 1538 163 1538 1538 163 163 1538
2968
5845 1731 6293 2839
4125
4074
1394 1073
5853 1531 1538
4112
6447 4126 6447 4126
1715
3876 2634 3877
431 1075 1119 970 1391 264 3269 263 2833 1119 264 970 1391 1075 1394 3269 2727 263 1110 1119 1077 952 1002 1387 1089 1388 1128 1120 431 1047 1677 970 1391 1119 1089 264 3270 2263 263 970 264 1388 1119 431 1091 2833 263 3269
4125 4112
4136
6978 1820
4126 6183
5770 5826
6459 4126 2946
4126 6528
5913
4112 4112
4126
2968
1072
2594
2362
228
4112 5623 6855 2797 3878
2968
4126
4112
2968
4125
3022 263 2440 6969 4218 3275 263 6722
263 602 1868 1672
2946 1796 1795
3273 2374 3275 6366
1135 998 1077 264 5339 3642 5745
4112
4126 6184
4131 4130 2968 4130 4132 4103 4130
2944
2968
2968
3261 2089 5324 5339 3309 3509 1382 263 3437 1547 6800 2249 1704 3765
2133
4126 2945
4126
2906
5607 1685
3510 1381 6971 1378 2249 5582 1394
4112 5335 3877 5339
6122 4125
4126
163 163 163
4129
4075
25
1740 721 1622 263 693
1846 4126
426 431 747 775 263 722 818 732
2968
1547 2832 6289 5740 263 3692 4462
163 2641 5941 2640 263 5941 2641 3201 263 2236 1547 2640 163
2944
1531 4112 2944
4125
2956
390 1826 1718
3789 1547 2397 5339 3639 3559 3560 1547 3638 2394 3717 3737 1547
2968 4112
4125
4112
4125
1538 163 1538
2968
4112
4125
2590
2968
4663 3899 6969
4126
2968
4112
4125 4125
2968
375 4112
4112
431 1381
2956 2968 2911 4132
163
4443 5770 263 4420 4420 263 263 4420 3261 4443 263 3309 4420
6510 4126
4402
4125
3952 2797
6886
285
2946
4126
4131 4132
5829 3437 2224 263 263 3694 4443 2884 6377 4720 5826 263 1848 1622 1164 1669 5763 3309 4443
2586 3692 6711 1533 6574 4440 2202 3299 2650
2968
5743 263 2329 263 5281 3647 3306 263 3391 2250 263 5918 3921 263 2024 3637 263 3559 5746 2440 1547 5246 3165 263 2362 1738 721 1622 5629 1547 6439 3921 3647 263 3165 5246 2440 721 1738 3637 3921 5741
163
163
4136 4136
2956
4112
4125
2333 1531
3297 6855 2317
2968
2968
4136
4126
2956 6512 1533
4880 2203 6618 4692 5629
4632
4126
4126 4125 4125 4125 4126 4126
2363
4125
6722
2633 5839
4125 4125 4112
2643 5482 2326 3651 1821 3181 2585 2140 1855 649 2643 2220 2762
2342 4112
4115
4112
4126 4130 4131
2943 5867
2947
2362 4112
4074
4074
4136
4112 4099
4132
2946
2968
263 1986 3261 5743 263 2297 4879 2665 5952 2729 263 3640 1986 6792 5875 6398 5623 263 5847 3647 263 2729 1986 5640 263 3297
163
2797 2968 3437
4126
2968
2944 1531 6001
2912 2911
2968 4112
4125
163
602 680 2968 1738 553
163
263 3405 2651
4525 5634 2968
2968
3898 5772
610 1868 1738 1615 431 890
3907 3801
1538
163 1538
2901 4816 3550 6710
4125 4099
4125
890 2797 3877 1394
4074
4126 4126
4125
163 1538 1538 1538 1538 1538 1538 1538 4149 1538
4125
2968
163
4129
4125 4099
263 4439 4420 1547 263 3196 4718 2624 6969 2600 1547 263 2643 4440
163
5607 2643 1547 263 2331 1622 1861 1738 1669 2497 263 2581 1547 2458 2250
3881 1622 5607
5451
2946
4440 3334 3292
4126 4125
4125 6159
2930
2944
5522
4112 2968
263 5852 3338 263 5640 3889
2946
4125
1772 3510
2968
3372 4443
5940 5829 4439
4125
1801 4672 3030 6971 2363
4125
2946
4112
2968
4058 2949 5867
6015 2968 1707
3894 5532 2756 4663 6689
6969
4126
3049 6990 1547 263 3037 6985 3049 263 2624 6988 3049 263 2624 6988 263 2870 3049 6986 3049 3944 3510 263 2682 263 2624 6990
6465 4126
1531 6299 1531 5994
4125
163 1538 163 1538 1622 1538
4112
1531 6591
2946
699 510 602
2968
4112
163
2968
163 163
2942 2934
163
4112 2946 4112
3494
2968 6976 1063
1394 1378 890 2825
4125 4112
4125
5801
2968
1538
15
163
2945 4136
4125
4112
3882 2319 1547 2779 3893 3681 5763
4663 4218 4112 3476 4218 2325 4663 3269 4218 4081 4663 2290 3430 4126
4130 4135
4126
6325
4125
4112
4125
1737 264 1622 2769 3623 263 3510
4128
4074
4112
5867 4074
3 4303
2968
163
4074
4112 1697 25 2325 2325 20 22 4136 20
2968
2920 5806 2919 2905
3309 4422 3408
1532 431
4136 2968
2946 2946
163
2946
4099
2214
1862 1669
4136
163
4126 3510
4125
6969 2933 6969
2968
2968
4112
4126 2968
2363 1680 6236 5339
2954
163 1538 1538 1622 163 1538 163 1538
4112
163
163 163
163
2369 3719 4663 3273
264 1091 1077 891 1120 998 891 1399 264 890 1155 998 1121 1076 264 1090
4533 5469
4126
4125 6166
4126
163 5747 6988 5749
4074
4112
4112
2968 2851 3320 2459 5844
4126 2951 1741
4112
510 500
4638
1538 163 1538 163 1538
4126
4112 4112 4112
4126
4112
344
4125
163 163 1538 163
263 2643 3269
2967 2966 4129 2911
6501 4126
602 667 525 720 608 667 620 509 667
163
4126 4126
4125
4074
5532 2369 1693
4127
4125
1076 1006 1113 6855 2797 3880 5623 6211 4821
5743 3391 3371 5395
163
4112
3273 263 1547 3275
6346 2645
4126 6175
4126 4125
3297 3875 3273 5372 3874 4280 3269
4112 4112 4112
4126
2633 630
1378 1394
2947
2968
4136
1533
2369 6850
4126
4126
1622
2946
4136
4112
2968
2948
1738
4125
2982
2968
5978 3307 1759
1531
263 3278 2773 1837 1742 3278 2755 6969 263
3467 6856 5250 1547 5620 3320 5844 263 2216 1547 5828 6336 3320 263 5918 2220 3876 1547 5606 5844 5246 2797
4112
2595 6976 5801
5607 2128 263 6986 3546 3510 5770 2870 4439 263 3510 5827 2797 1758 263 721 1622 693 1669 1738 1871 2643 2651 4440 263 4439 4440 1547 3510
6107 1531
2947
2946 6259 2912 4126
1751
6330 6382 2631 5632 5633 1785 1757 1757 5463
2968 4112
4126 2946 6175
6499 4126
4099
4126
4125
2972
2968 4125 1 4126
2968
6364
163
4126
4125 6447
3278 263 2329 2650 2369 2369 263 3924 1716 5848 4434 2797 5829 4444 3436 263 6969 263 2773 2333 3324
5941 3273 263 2401 1547 2397 5941
1533 6643 1533
2369 269 4074
4137
4136 3510 6459
163 1538 163 1538 163 1538
4074
4126
6299
4074
6458 4125
2946
1538 163 1538 163 1538 163 1538 1538 163 163 1538 163 1538 163 1538 1538
4125
163 1538 163 1538
4468
163 163
163 1538 163 1538 163 1538 163 1538 163 1538
163
5523 5524
4074
163
4074
207
4101
163 1538
2333 2756 6969
163 163 163
4099 4130
4091
4126
2912 2972 1829
4217 4444 263 2023 4663 4444 263 4303 3510 4663
4129
2797 263 5623 3878 6855
4074
6459 4126 4112
4074 4074 4074
4126
431 1076 1479 1110
4125
4074 4126
3 2613
1538 236 163 1538
4130
4074
5839
163
2755
163
3307 5929
1813
2851 5857 4068 6985 6326 282 5857
4125 6458
6659
2946 340
3509 2628
2329 3875 3273
1841 4732
163
4125 4112
6284
5326 3297 2764
6454 4125 2926
4074
163
1915
1538 1538 1538
2956
4136
4125
4074 2956
4126
4125
4128
4125
4126
2947
2603 2069 5630 2797
1846
4100
6976
1538 1538
3952 5875
2631 277 3637 2729 163
2946 4074
163 163
3269 5619 263
1538 1538 163 1538 1538 1538
1538 1538 1538 1538 1538 1538 1538 1538
1758 387 1722 387 1722
4125
4126 6535
1797
260
6447 4137
2633 5826
163 163 1538 163 5606 3274 2754 163
2528
4631
285
4127
1164 602 701 507
163
221
3873 3269 5324 3651 5752
264 1738
2826 6800 163
