4126
4137
59
4061
1397 890 431 1394 2946
4112
4125 4112
1915 1915
2968
2947 5994
6372
6356 5165 2424 3886 3862 2362
1862 721 1622 4126 2265 5544 5530
4126
10
5107
4099
4126 4125
3380 3379 6969 1707 3386 3379 4291 6969 1751 6377 2762 3268 1707 1785 3164 2627 3269 2634 3381 3268 5626 5929 3386 6382 3379 3386 2627 6969 3386 6969 3379 3380 6985 6971 3379 3379 3386 6969 3266 1531 5765 3276 3274 2925 2810 1698 3381 3379 3020 3386 4291 2754 3379 3265 3379 3380 3164
203
2946 4112
2946
2968
2968
4125
4125
3638 5826 3273 3876 3886
4136
163
2906 2899
4125
4126
285 4694
4128
2947
4126
2971
2924 2899
4074 1
4125
4125
4065 2937
4074
6
1410 431 869
4081 2947
4125
10
4126
693 1622 1738
1693
2956 4126
1671
10
4112
182
1388 1120 717 936 1533 5108 2139 4126
1748 2239 4729 4112 4112
3878 5626 5793 2578 5339 6336 2634 5793 6722 3347 2362 3640 1547 4402 5339 3881 2634 2756 1988 1987 3275 5607 6336 2586 5844 2794 3878
2213
1751
4136 4136
667 460 500
2924
4125 2947 4130
1916
6258 4136
4125
4125
2968
4126
4125
2459 2797 2346
4126 4112
4075 163
4125
4776 4125
4126
2968
4126
4112
2968
4129
4112
4127
314
4126
4112
952 1123 919 717
4126
431 1040 1120
2970
4128
5995 1533
4125
1724 285
2968
1871 3924 5573 2754 1871 5573 3924 3924 607 3924 1871 1871 2146 2202
1855 600 604
4125
2946 4126
1846
384 1681
2971
2968
4125
6356 2368 6359 2540
4129
2946
6976 1713 532 602 696 607 602 691 6976 2483 1713
4115 4115
221
4112 4112
4112
2971
3463 392
4126
4070
2968 4125
4125
4125
4126
2918 5644
4126
4125
4125
4125
6185 2946
2946
4125
418 1671
1777 2968
2947 4126
4136 171
4125
285 1724 1820 1716 285
4112 2146 2900
4126 4112 4112
4126
4127
4125
431 1118 1045 957
4129
4112 2906
4125
163
4128
1043 1120 878
4126
4112
2970
2948
2369 6723
2368 6246 222 4136 222
4126
5995 2947
163
4125
4126 4112
2968
10 2492 2529 10
2415 6900
4126
4125
4126
4125
4125
2968
4125
4126
4126 2146
4126
5466
2372 3897 4112 2373 4617 3423 3270 3779 5339 3423 5336
4112
2968
4112
2317 6723
163
2911
4125 2947
4126
2910 2906
408
4112
4112 2778 1547 2203 5645 2326 1686 1718 2726 1685
4125
4127
1253 373 1738 1363 394 1309 1259 4112 394 1738 502 688 610 1309 1282 460 1363 373
4125
4274 4068 4087 2899 2950 3609
2368
2139 2957
2968
4126
1533 2946
4126
4125
4126
4130 4103
4125
2911
2946
4128 4112
4112
1937
4126
4126
4126
4112
4112 4112 4129
4125
2289 4575
4125
2797
4125
4112
2947
4103
4112
6566 1531 4112 7250
4112
4126
1547 3924 5740 2797 263 3438 163 2317 2754 263 5842 1785 3876 5925 263 3969 1547 3876
2764 3874 2968
5631
4112
4112
4126
263 2644 3343 7328
4129
4112
4126
394 1882 373 1363 1738 1352 1315 1259 1323 1264
4112 4126 4112 2899 2906
4125 4125
4129
1704 1987 4125 4099
3914 3758 2329 5770 2633 3274 3297 3878 3404 3273 6792 2440 2749 277
4087
4112 4112
2859
4125
678 500 611 688 637
1980
5625
1855 1871 5339
4125
5530
2704
2480
4125 2971
2146 2906
2480
4112
2971
2344
4125
635 2369
4125
4112
4125
3912 5842 3018 2998 610 5842
2139
2898 2946
610 5839 604 607
4125
4126
2210
4112
4126
607 682 5607 1738 2366 527
285
4112 4112 4112
4127
3668
4126
1043 1130 962
3379
4126
4126
2968
4112
4126
4125
4125
4804
4115
2369 4112
4099
2452
4126
4126
4127
4112
4126 4112
5607 2368
4125
4112
4274 4136
4112
2925 3808 2924 2902
163
2968 4112
4112
4126
1531
285 285
4074
4126
4274
4126 2914 2139
5287 5773 4112 4664
2808 1547 3008 6723
4125
2971
4125
5941 1258 394 1772 5941 1740 721 447
5 2225
2946 1836 6014 6014 1836
4126
4127
5995 2947
4103
3268
