61 2968
2603
4125
2968
4694
4125
2968
2833
4125 6527
1538
4112 4112 4112
1538
5625 2857 2224 5544 5925 6346 1756 2968
4125 4139
5865 5865
4126
4126
7054 6392 5012
4125
4074
2724
431
1751 6969 3379 3317 3386 6969 3408 3380 1785 5531 5839 5929 6969 3268 4291 3270 6971 6850 2362 5929 3268 2642 2759 2754 1703 3274 6969 3268 2642 6299 3373 3268 6969 3373 3380 2627 3380 3386 6969 3408 3267 5764 6969 3379 5050 3380 3276 2754 3386 3380 4281 6969 4281 6674 4291 3379
4126 2968
5819 5819
2968 4112
2943 163 1538
4126
4126
4126 2946 4075
4125
4132
4126 4125
5324 5326 5339
4125 4132
4112
4125
285
2164 4128
4112
4125
4074 4126
4
4112
4125
2968
4112
6295
2968
1531
5633 891
285
10 2968
3959 3318 2363
4866 4112 4014 3743 4859 6723
4126 2968
4126
4112
2968 4112 4074
4130 4135 4125
4112
5829
4139
156 151
373 1278 1294 1369 383 1338 3338 3933 3297 6902 6990 2362 5764 6922 1987 5952
4112
4126 6459 4112
4125
2369 3869
2466 2465 2973 6280 4126
2944 2946
699 509 607 2326
2968
4126 4112
4063
4126 3898
4125
4126
4125
2968
4112
4125
2968
4125
4112 4112
2968
1533 4191
4126
3638 3307
4136
6179 4126
2968
717 1081 1123 952 1697 350
4439 2319 6242
4126
2369 2213
6005 1533 1850 699 1701 502
2968
1915
285 60 1685 285 1716
4112
1698 6922 6402 1698 3638 5607 5531 6012
4125
648 1622 648
4125
604
4126
4126
4126 6179
2968
4125
2968
2968
4992
4125
2968
2483 6976
4136
221
2369 2236 2801 2245
1855 1738
2968
4125
2968
2944
4126
4112
1152 890 891 1399 2369
4112
6500 4126
2650
4125
1332 1882 1301 394 1353 507 667 1855
4136 6458 4112
2862 6974 5570 6979 1992 5607 5810 5336
4125
4112 4136 6179
4126
4125 2968
5839
4126 2968
1671
4125
4112 4112 4112
2968
4112 2968
6402 263 5619
2972
285 285 3 4119 285
4112
64
2968 4112
4125 4125 4135
6617 1531
4129
4127
6978
4126
4112
163 163 1538
392 4223 2440 6969 2326 2682 2827 3463 5372 3265 3560 3881 1547 4525 6575 392 2326 269 5977 3463 6402 5644
4125
4126
2968
5325 3881 2458 2325
3509 2325 2241
1776 2999 3405 1774 2224
5643 3924 3270 4899 2834 2631
4112
4112
4127
954 4112 991 920 1120
4112
6392 2392 1547 2440 2023 1726 5640 5326 5764
4125
4126
4126
2968
2134
4112 4112
4126 2968
4126
4112
2968
2946
4127
4126
4112 4129
2968
4126
4127
4280 3386
431 2317
3334 3338 431
2972
1708 5163 5325 3268
2968
3513 4126
2968 4112
4617 1767 3318 2367 3423
4112
4130 4131
4112
3669 3676 263 263 3669 6236
2911 2972 4125
4126
4126 4112
282
408
4126 6457
163
4112
4126
2968 4125 4112
1846
4126 2904 2968 4112
2968
4125
600 688
1072 1119 1389
1533 2944 4291
2180 4126
3321 3900 2825 1853 3899 5772
4112
4112 4112
2968
4112
2944 1716
4126
4125 5918 2640 4422
6486 4136
6722 3787 3778 4112
6175 4126 3510 5663
4125 6179
4112
4112 4112 4112 4112
1738 1271 394 373 1622 1604 1307 1315 1369 1370
4074
4126
3637 3269
3900 2461 5531 3877 3297
4112
2965
4126
4126
4136
4126 4112
61
4112
285
4125
2968
855
2968
121 117
4126
2983
4125
4136 6184
4125
4126
4126
2968 4112
2849 263 5826 5750 2343 3509 5844 2283 5750 263 264 263 5750 3509 6377 3372 3509 6377 263 2849 5750 3509 6377 5750 263 2804 5793 5744 263 5795 6377
4125 3112
1622
4125
4125
2968
4125 2968
4126 6447 6447 4126
4126
3753 5607 6723 2283
2968
4115 4132 2911 4112 23
3974 3898 1758
4126
2944 4112 402 5744 5745 4619 3886 1697 5740 5324 5326
2968
4136 2968
794
2944
610
4112
4126
610
5975
5481 3941 3696 2369 2633 4440
4125
5952
4125
4126
6770 1532
2773 3880 3875 4899
1531
188 188
4112
4112
4126 6184 6183 4126
4125
2972
6012 6293
4074
4128
4127
1538 4112
4125 4099
1776
5607 2483 1447 1438 365 1425
2968
4112
2954
2946
4115
6691 6690
4126 4125
4885
1743
4125
167 4126
10 285
4126
4126
721
4125
4129 4112
2968
4126
2968
2968
4112
5941
6441 6895 4136 2944
2953 5867
4125
4126 2956
4103
4126
4112
3267
2211 5980 4112
2946 2944
4112
3319 2764 620 3334
2509
4136 4112
4125
4126
4125
4125 6184
4130
2968
167 169 2968
4125
2807 2215 4030 2437 6377
4132
6723
4663 3694 3265 3278 2369 3644 2317
1885 721 641 1737 692 3730 3742 2369 3882 263 4663 3509 2968 264 709 553 1853 554 3753 3622 3780 3906 4264 709 608 692 554 3643 3334 3510 3765 1547 3643 3510 554 643 692 4898 263 4263 3510 264 960 1117 891 263 2996 5246 3623 3510 1154 264 891
3898 5913
4137
3712
6659 4057 1707 5530
2362 3889 2762 263 6927 3888 5941 2764 431 6668 3639 263
4125
7192 7179 7204 5848
5947 4218 5483 2362 3408 5839 3509 5625 2375 5481 5801 5753 5481 4218 5839 4733 5481 2368
6723 5629
4125
1538 4194 1538 1538 1538 1538 1538 1538 1538 1538
4074
2944 4126
3851 6231 3868 6386 3853
4099
4129
163
2944
2967 2911
5754
