6012 6921 4444 4713 1547 3878 3269 6911 3334 6689 3278 3877 1760 4663
4112
4125
6287 5631
4694
2968
2968 5631 2500
4126 4112
1792
2968
4125
2968 1915
4126
4125
2968
5929 4992 2631 4733 5929 6320
5865
4126
2967
3631
2968
4130 4130 4099
2968
4126 4125
5752 3276 3138 6283 6969 3386 3379 3138 6969 3379 3408 3380 3386 3379 3164 3268 6969 6969 3380 3379 5929 2780 5951 5764 3276 2627 5929 6343 3373 3276 6727 3697 6363 6969 6727 3379 3386
6722 4274
4126
4806
4112
2968
4112
4112
5607
4126
4125 4112
4126 4125
2968 285 285 4694
4101
4128
6246
6346
4112
4112
6346 3334 3340
5631 2456
2946
4103
4112
2782
4051
4125
1871 1864
431
3543 6231 2263 1531
4126
1840 3276 3294
4125
4126
4 19 4 4 19 4 4112
2968 1720 2494 2471
2968
3509 6250 6247 5827
4112
3368 1796 11
2968
4126
1738
267
4127
5046 2968
4125
4125
1671
3793 1531 6110 2282
2968
2478 5941
5875 6372
6961 3273 2465 2300
5808 2229 4214 6855 3282 4164 2828 2538
4126 6361
1391 1120 1128 1040 942 955 1108 970 4126 6507 2918 721 1622 1702 1473 1076 1471 2382 717 1461 1294 6969 6922 6729 6926 5951 3509 383 2023 383 1340 545 394 1294 1361 1280 1278 1615 504 1259 1297 373 6670 688 5007 2944 2966 431
2946
6894 6887
4132
5540 2458 3275 5339 2320 6855
2968
1750
4126
4125
2944
2968 667 2326 608 502
4087
4997 2862 2624 4035 6689 1788
4126
2968
4112
4126
2968
4125
5844 3830 2756 6988 6985
5925 1760 2797
4125
3510
4136
4125
4125
6366 5628 2465
2968
4126
1531
23
4126
5610
4126
5623 2478
4126 6178 2968 4112
3881 6353 3877 6395 4217 2872
717 1081 1115 952
2538 2968 2506
4126 4112
5667
2968
4099
3259
3796 1531 3343
5625 2469 285
4112 4126
1749
1533
4112
4126
5
60
4129 4112
4125
3882 2755 3924 1772 3924 6855 2631 2237 3878 4314 4317 4316
2968
4126
4125
4112
4099
4125
6972
4112
4125
4112
4125
2968
2434 4126
4112
3876 5842 2754 2797 2754 691 6977 547 2483 602
4136
4115
6711
4126
4112
4126
4125
2968
4136 2970
4126
5625 6969
4112 4126
4126
2681
4127
4125
6330 611 667 6185 4126 338
337 4136
4125
4125
4112
4128
4112
418
5470
4125
4125
4125 2968 4112
5631 5625
1915
4112
4128
610 1848 720 677
4126
2528
285
408
4127
4074 2946
4101 5625
1071 954 1117 879 1036 1120 908 4112 1532
2759 5826 5623 3692 3694 6178
4126
2972
6690 5925 6346 4112
1715 3353
4126
4112 2968
4126 4126
6251
4126
4127
2471 5625
2968
4112 4112
2968
3857 2968
4112
2968 4112 4126
2945 4126
4112
4126
4126 1531
4112
4126
4137
4125
4125
4126 2968
4112
2502 2368
4125
285
1389 1070
2224 5631
1755
6259
4112
4129
5466 1820 2968
2367 6361 4442 354 4421 3334 3316 5339 4617 2366 3318 2440 3773 6300 3791 2801 2379
6796 6796
2943 4074
4126
408
4112
163
5522 3409
6573 1533 1533 1532
4128
4126
3833 5270
5625 5607 6056
4125
2946 4126
4125
5450 2968
2944 4136 4112
2968
4125
4126
602
2968 2982 2943
2944 2944 4074 6343
4126
4126
4126
4125 4112
2968
4137
4125
5531
3869 2968 4112
4127
2968 4126
2362 4112
4112
4112
2225 6346
4112
4126
2968
4129 2968 4126
2944
4125
4112 4136
543 677 263
2456 5625
4126
4125
4136 4136 4136
4112
4112
4112 2225 5925
2853
2516
4127
4126
3297 263 2641 2362 2764
4112
4112 4112
4125
4126 4112
4126
4112
4125
2645 1074 1077 3898
279
4136
2968
431 1162
4125 4126
4125 4112
4126
4329 2391 2918 3270 4360 3642 4208 4126
3307 2634 2631 3270
4112 2968
4125 4099 4207 7341 4203 3604 1548
2797 1760 3278 5607 3875 4898 7115 5644 3298
1885 699 536 1738 600 610 2968 666 699 1738 1885 536 1855
4126 2944 338
4129
5610
4112
4126
2968
5055
6242 2317 263 6247 4202
4274
1805 1707 4126
4112
3509 2459 1703
4533
4112
4125
2968
4129
4126
4112 2968 4112 4112 4112 4112 4112 4112 4112 4112 4112 2368
4125
4115 4115 4115 4125
4132
2527 2368
4125
4126
4126
4125
4126
4112
5623
2968 163
2754 1615 3910
4112
3692 6965
4128
5625 5607
2797 5842 3877 6855 1772 610 5625 604 6068 610 1622 6855 610 1622 2466 610 2775 607 5839
4112 2363
4125
4126
2635 3509 2635 6361
4126
4126 2203 2458 6666 6662
4112 4112 4112 4112 4112
4126
4126
3914
4131
285
4126
188
1710
4125
4112
2968
4126 2968
4126
2968
2968
4128
4112
4125
4112 4112 4126
2944
4099
2325 2317
2968
5625 6048 3875 2762
4126
2968 4126
3869 5344
4125 4099
4126
163
4126
1531
4112 4136
4125
4112
4126
3420 5607
4126
1699 4126
4125
2797 6969
4126
4137
2968
338 6182 4126
4136
4126
4126 5468 2241 3316 4022 2229 3693 4022 2968 6730 3298 2635 5801
4126 4112
4112
4112
2764 5827 3541 5531 2756
1698
3527
4126
2944
4126
2913 2912 4125
4129
2943
4129
2968
4112 4125 6179
4136
6263
4126
4129
4126
1994 5928 2528 5468
1813 2541
2968
2776 2797
3274
4126
610 5941 6318 5941 3696
2944
4125
3874 3907 3268
2968
2946 1836 6014
4125
1707
2777 3753 5607 2646 3877
4074
4126
2943 4125
6176 4126
4127
2458 2589 6014 2461 2601
163
1757 3338
2229 3881 4732 3882 2633
4126
610
5607 3086
