698 602 612 691 677 1885 1848 1672
4112
4112
4127
4126
2956 3334 4653 3509
6538 4125
1915
4112
4126
5865
23
1738 1622
1703 1777 2210
4074
6486 4126
4126 4125
3380 3255 3386 3379 3265 3381 5929 3269 3164 4390 3265 3278 3509 3150 5929 5530 5531 3268 3265 3381 3276 2754 1836 6970 6926 6855 3268 5929 4281 6922 6855 3276 4397 2627 6926 5929 3268
4112
2946 2374
3406
4126
4112 4112
4274
4112
2368
4125
4125 4126
4126 4112
2645 2602 2336
285
4112
2968
2968
5615
4127
2946
4125
4126
4112
4112
4112
6
431
4131
4126
2922 6950 2185 2922
2968
4125
2968
4
4119
2910 2906
1784 2249
4112
4126
1738 1738
4112
2968
4112
5632 4112 870 431 1399 957 1120 936 1388 970 431 938 1130 2762 630 534 2369 1615 699 720 610 4218 3338 1533 5166 4579 1547 5170 4128
4126
2968
4125
186 1750
5489
2969
667 633 2326 500
1916
3983
4997 1531 6637
4125
4125
5625
4126
4125
2773 2249 5844
4125
1532 6020
4126
1797 2211 2480
4112
4125
4125
2968
5530 6366 1821
6454 4125
718
4074 4069
1
1063
4125
4112
721 3517
4125
4126
1533
4125
4112
4112
4087
6615 1533
285
4125
4125
3924 3924 1871 6318 1622 3259
4112 4112 3625
163
4112
2946
4136 1912 2565
4127
4099 4115 4115
4126
2140 2946 6712 2911 2912
3404 1795
4125
4126 4112
2930
4048 1818 5630 2249 2304 6324
3668 2704
4125
4125 4112
4112 2947 4136 6185
4126
4126 2946
1378 1248
4125 4112
2968 1670 4112
4126
3415 2634 6365 6292 6346 2249 2632
4125
4125
2946
1797 5630
2946
1
4126 2946
418 5468
4119 3
204 228
4126 4126
4112
4112
4125
4112
6969 1547 3238 5976 392 1813 3439 282 4778 5372 3195 4525 4218 2682 4453 5298 3438 3463 3165 2326 4217 4525 2998 1547 3153 3030 5847 3881 3439 2391 3536 2682 3399 2326 5431 3438 5306 5372 5305 3165 5313 5976
4112 4112
2968
3203
1772
3907 3900 2578 3510
2948 2948
4127
5607 3268 3644
4112
2578
3278 2853
4125
2495 2470
4074
1997
4112
4126
6178 4126
4125
4112
1703 4051 2474 2499
4136
4112
4137
4112 4112
4694
4132 4112
4126 6182
408
6014 2645
4112
10
4132
4126 6536
4125
6796
2375
2945
4112
2968
4126
4112
1785 1703 1862
4129
2970
2946
5747 3343 5305 3912 3922 3338 2631
2946 4112
4125
4112
4112
408
4126
4126
2968
4112
4112
4696
4112
4112
3106
4126
4126
4126
2550
4126
4125 6181
163
4129
1610 1612 1607
6372 1039 1120 2833 716 3897 2231
4125
4136
2968
4125
4098 4125
4112
163
2946 2956
4125
3260
2797 263 1703 3964 604
1931 1931
2968
4125
4126
2947
4694 1
2146 2899
2853 7207
1862 721
4125
3055
4074
4125
4125
6242
1937
2835 2725 6912 1704 4125 4099
2362 4112
2968
4027 2968
4136
4128
1708 5750 263 6723 2283
1980
13
4125
6178 4125
4115
2945 2949 2946 4112
3379 4291
4125
2907 4136
4127
5630 3900 2628
3517 4112
5308
4112
3986 607 3881 5765 6855
4126 2968
4128
4126 2911 5118
4112
2911
4125 2325 5840 5468
2947
4112
4131
263 1617 3351 3987 3987 2851 5629
1615 680 638 1848
1862
4101 4130
2855
5807 2363
4112
4115
4112 2325 2317 2369
5344
4112
4125
4125
4126
5607 2459 2538
2968 4112
1699
4310
4125
4126
2220 4218 5749 2231
163 163
5844
4704 4704
1377 892 1379
4125
6717 1980
5839
2968
4126
4112 4112
285 285
4125
4218 2797 1743 3875 3201 3881
2968
2369 3888 3644 5584 6924 2325 5793 3757 3297
4127
2459
1668 3509
4112 1737 532 1848
4125
4137 4129
6485 4128
4126 4074
4125
1836 6014 1836 6004 5632 4126
2906
4099
6700
4126
4074
1541 2971
4280
1738 721 1738
4223 2645 263 2461
163
