1532 2800
7188
228
4126
4112 4112
1698
4112
4112 4112
4126
4136
23
4126
4125
2968
10
4099
4126
4112
3274 5764 3873 3881 3164 3874 1703 3873 6969 4291 2100 3379 6969 3379 5929 3386 3274 3879 3268 4438 3386 2627 3379 3386 6969 3164 3269 3379 6969 3386 3381 3379 5929 3164 2831 3268 3386
4125
4632 2946
4126
4126
4128
4126
2464 1668
4112
4112
612 1672 679
4126
4125
4131
4125 4126
4126
4125 1699
6886 4125
285 285
4112
6238
4112
4126
4125 4112
4126 2971
5614
4694
4112 4112
2946 4126
4112
4112
4125
394 1324 373 1369 1294 1334 1300 1363 1297 1367
4112
5721 2966 2922
4125
4125
6341 2367 5839 5828
2968
4126
4112
4135 4130 4125
2480 7025 5431
7202
5729 2914
5591
4136
1692
4694
4112 4112
1331 1294 1278 373 383 1361 1738 1264 2326 394 1364 4638
2797 3875
4126
4112
3 20
4129
699 608 502 2326 667 527 607 411
4112 4125
2968
4125
5623
4126
4125
3831
4129
4126
4112
4075
1531
4129 4112
163
4112
4126
4125
4112 4112 4112
4112
4112
5945 3319
4112
2968
4112
4127
4126
4126
408
1115 1063 717 1479 1063 952 717 1123
2363 4112 3275 3875 1547 3423 2440 4692 5796
4112
2946
1532
2970
2968
4128
2968
2946
1705 60 2936
4125
4126
4129
2968
6855 3882 1871 1871 1871 607 6855 6855 6855 1772
4125 4112
4112 4112
3273 3952 3045 1760 4223 2797 3307
2970
4112
2970
5692
4112
4112
4112
6971 2224
4125
2422 5750
4112
4125
4112
4125
4099
4125 4112
6833
4125
4125
4126
2968
3441 5629 1668
4112 4125
4112
3463 392 2756 4112 2826 5772 1742 3463 392
4112
3509
4112
3309
2968
4126
4126
2592 5531 2855 2853 6402
4125
5607 5808 6976
4125
4136 4112 4126
2856 4112 2366 4112 2968
419
4127 2968
4112
2968
4125
1
4112
4128
4112
4126
163 163
4112
2326 2863 6969 4525 2682 392 3463 2855 7178 4782 7201 3195 3165 7339 5746 6985 5298 3438 5740 5326 1547 3439 3882 1547 392 5372 5373 5976 3165 2682 5298 3559 2855 3881 2366 4223 3463 4525 4768 5229 4781 2391 6969 283 282 392 2794 3881 3463 4525 4212 3165 3436 2682 5372 1547 3439 6969 2326
4112 4112
4733 4074
4126
3030 2326 2729 3922 2624 3374
4112
2948
4127
4112
5941
4112
163
4125 4112
4126
4125
4112
3510 6734 3270 3922 3274 4112
2947 4126
4112
4126 2945
4126
2946 4126
4069
4112
87
4126 4074
2968
2951
6738 1533
4112
4125
4112
4125
4126
2971
2971 2968
4127
4112
4112
4112
2968
1821 5674
2946
2828
4132
4126
4732 6668
4112 163
4074 4112
4126
3575 4126 2911 5051 6262
4081 4129 4081
2951 4112
4126 4112
4125
1703 1703
1846 1846
688 1885 1855 1363 1738 1282 373 394 1337 1331 1855 1259 1309 394 1253 1363 688 1738 373
2968
4112 4112
4125
4125
2946 4112 1533
4126
4112
4125 4130
2968
5
4112
4112
4130
4112
431 878 1046 1119 4112
4112
2550 1707 6295 6014
4112
163
4126 4112
4126
4125
4112
4127
4136 4112
1703
4125
4125
4126 4074 4112
4125
4136
3411
4130
4136
4112
4126
4112
4112
4112
4112
4112 5995
4112 4125
4125 4112
2968
4112
4112
3343 2644 2827 263 3343 2827 263 4718 3343
1840 4200
4125
1751
4112
5344 4237
2762
4112
4126
5326 1704 3268 2725 1987 5633 4112 4125 4099
1541 2971
4129
1724 1986 2211 5471 3874
4126
4126
263 2807 5750 2282
6341 3268 5339
13
4125
4126
4125
4126
4125
2956
4126
2946 1777 2851
4112
4136
805 1681 384 635 3509 5929 4112 635
602 4112 4112
3018 2998 2754
4112
4112
4112
4112
4112
3274 6855 1622 721 4112 604 610 1772 610 2754 1855 5625 3274 1855 5826 5839 6855 607
6986 6989 2633
4126
2956 4112 10
2325 4378 2930 4112
4099
4125
2946
4131
3 6
4112 4112
4112
4112
4125
1967
4099 4112
4112
4125
4112 4112
4112
4136
4112 4112
4126 4112
2725 5624
4125
376
2754
4125
4132
4112 4112
4112
2968
4125
5747 4216 2220 5749
4126 4112
4125
4129
4126
4112
4663
7149 350 3999 3994 7367 5386
4135
4129
4126
4112 4112
163
4126
4126
4137
3517
4125
4126
3001
5130
4136 6895 6889
4196
4125
1836 6014 6014 1836
4126
