600
4112
4112
163
4104
103
4125
4126
4112
4112
4112 4112 4125 1740
4126
2571
4125
163
6895
4112
4074
3721 2300 277 1757 3009 3518 2833 277 5607 2214 4525 6396 3008 1547 6947 1040
4126
4112 4101
4126
62
4126 2911 6666 3409 4112
4128
163 163
4112 4112 4112
4112 4112
4112
4112
2971
4125 4112
4104
163 163 163 163
4112
2911 2970
4126
5530 4101
5451
4125
4112
163 1532 6785 5925 5925 1772 163 1772 5925
4112
163 163
2971
4126
5452
4126 1410 891
4112
1622 721 1827
3410
4126 534 682 608 1622
3638 2363 611 604 5640
2968
4074 4117
1738
4112
4127
163 163 163
163
610 503 686
4129 4112 4632 2946
4112 4112
163 6013
5865 4112
1671
2946
3869 3869
4112
4099
1532
4136
4112 2968
4127
4112
4112
4125
163 163
4125
5929 3877 3334 854 4904
4112
4074 4112
1813
4074
4112 4112
4112
4112
5925
2971
2321 5827 2830 2825 1394 717 1162 717
709 528 667 1853
4112
4112 4126
4126
4112 4112
4126
4136
4137
4125 4112
4125
1738 721 4189 1777 1777 721 6990
163 163 163
4125 4099
4112
4112
61 4112
2966 2911
4112
4074 4126
4112
4126
4125 4074
4136
2374 4664 5808 3898 2224
4112
4125
2971
4135
2366 2458 2225
4125
2946
4126
4126
163 163 163 163
4112
4125 4099
2946
6958
4125
2968
4126 4126
2970
1686 611
4126
4127
2946
2640 2540 2483
2945 4126 2947
4112
163
4125
4112
2369 4112
4070
4129 2946
4112
4125
4112
204
732 728 824 766 824 726 732 781 4074
4125
4112 3731 2245 5752 2445 2367
2946 4112
4112
4112
4126
4112
2968
4112
4112
4126
4112
4129
4126
4112
4112
1774 1785
4112
7040 4126
163
2946
2528 3265 4218 2798 4281
4112
4112
2968
7258 7259 5324 2369 2723
4125
4115 4127
4074
4126
4125 3649 4112 2363 3639 5826
4126 4112 4125
4112
2956
4112 4126
4136
163
6346 2369 1547 5844 4663 3889 3907 4126
1622
4112
4074
4112
4112
4112 4112
4125 4126
4112 4112
4112
4112
4127
204 57
4112
4126
163 163
4112
4074
4126
4132
1042 1162 1120 716 431
4125
6319 5625 3509 3338 3924
4129
1807
4125
4126
2971
4126
3881 2240 4439
57
4126
4112
4074
4126
4126
5605 5631
3668
4125
4112 4112
4112
4112 4112
2911 4126 4112
600
4125 4127
2968
4125
2912
4126
2968
4125
2968
25
4125
1532 4112
6823
4125 2946
2968
4125
431 1109 1399 1378
4125
4075
3298 5747 5750 3299
4074 4112
4112
4126
4112 4085
1716 2833 2317 3298 2239
4112
4125
3546 3545 4766
4112
4126
5806
2968
2971 4136
4125
4126
4112
4131
2971 4136
1069 431 1390 1128
163 4112
4126 4112
4127
4112
4074
4112 4112
4112
4074
4112
4112 4112
395 688 611 688 1615 611 4112 688 611 1615
4112
4129
4126 4127
6970 4766 1760 2778
4126
4112
4112
4125
2946
5471 4664 4304 386 4663 1710 3194 6766 2866 1547 3717 2769 2445 4281 2865
4126
2764 4303 6904 4112
4112 2968
4099 4112
4126
4112
4112
4112
2946
4127
3961 5746 3510 3510 3545 5846 3874 2827
4125
4219 4218
4074
163
4217 3921 2362 5607 3268
4112
4632
4126
4074
4112
4126
4112
4125 4112
419 5634 418 4112
2363 3952 3539 1987 5747 3347 4112
1846
1929
4303 4306
4112
4129
4126
4125
4125 4074 4126 4112
4074
1668 2835 5929 3649 3320
4112
4125 4112
4125
4112
2971
4126
4112
19 4
4112 4126
3273 2369 3878 3877
4112
285
3509 2968
2968
4112 4125
4815
4125
2548
4112
1532 4112
4112
4112
4112
4127
4125 2968 4125
4074
4217 3882 3881 2363
431
4694
4132 4131 4112 4131 4131 4131 4131 4131 4131
4112
4137
163 4112 1532
4137
4112 1381 3269 3952 1757 1547
4074
4112 286
2956
1738 3509 6985 1738 1862
608 1738 720 1868
4126
4126
4074
4130 4131
4126
4132
819 751 781
4104
2362
2583 1738 1622
4125
4132
6722 3271
2134
4136
4099 4130
4112
2371
4074
4065 2946 4074
4125
4074
2968
4112
4125
1784 2366 6398 3878
2321 2282 3959 3309 4264 2806 1547 1531 5994
5935 5531 3116 2645 5829 4112 4438 2644
163 163
4112
2369
4112 4112
2855
4126
2859
5771 2207 6723 3940 3907
6894 5640 3030 2375 2362
1532
2369 3875
4129
4112
4125
4127
4126
2946
4069
4112
4125
4129
4125
4126
721 1740
4128 4112
4074
4129
4065 3611
4112 4112 4112
4074
2946
4112
4125
1248 431 891
4112
4126 4112 1672 699 600
1532
4074
4127
2956
4112
4125 4125
4126
4112
4112
4431
163
4132
4125 4112
5839 2827
4125
57
4125
4112 4112
6936 1824 6936 1824 6936 1824
2899 4126
688 608 604 1848
4112
4112
4694
4126
4074
2947
4126
4112
4112
4125
2946 2956
4126
4126
4112
4074
1531
4112 4074
4112
4128
4126
4125
4112
4112
7
4125
4125
4126
4125
4126
4126
4126
4125 4112
4112
4126
4126
4112
4112
285
2946 2956
4112
4126
4112
4112
4112
163 6755
4112
4112
4126
1853 3510
4112
4125
4103
4112
4125 4099
1
4126 4112 4112
602 500 688
4126
4081 4104
4126
4125
4074
1705
5994 1532
4125 4112
4125 4112
4126 2968
5532 3273
1738 681 600 709
2409 1040 1045
4125
2971
2946
4112
4112
4074 4112
4087 2946
6973 6971 4112 6972 6974 6972 6973 6977 6972
163 163
4129
3260 3914 4112
4101
4112
2970
4112
4136
4136 4112
1280 383 383
2946 3892
4112
4112
163 163
4101
4126
4129
4112
4112
4112
3275 2368 4218 3529 3334 4136 4129
4125
4112
4112
4126 4112
4112
4112
6333 4087
163 2729 5792 1772
4112
4125
4112
2296
1963 2946
5826 2831 5373 4759 3640
4127
4132
5344 4743
4126
4112
223 286
4126
4129
3869 1784 2930
163 163 4112
4125
2971 1394
3900 3922 3920 3923 5748
163 163 163
1715 2131 5695 2906 2922
4127
1532 4112
163 163 163
4112
4112
2971
2970
431 883 890
4126
3538 4425 3906 2368 2240
3 186 6 25 4112
2968
4125 4126
2968
1797 1796 6353 1816
163 163
4112
4112
2946
4112
5625 3201 67
4126
4125
64 64
718 693 1738
2926 3835
4126
4112 4126
163 1622 163 163
163 163
878 431 1144
4126
4112
4112 2971 2971 4070
4125
2956
3297 6723 2806 3897 3961 2282 1547
3751
2968 4112
4126
4112 1699
4393 2759 2244 2852 3546
4132
4112
4125 4112 4112 4112
4125
4112
4126
2971
4631
4125
64
4112
4112
4112
1669 1738
2362 5471 3764 3882
1797
5622
4126 4711 3324 4112
4104
4125 4125 4125
163 4099 4099 4099 4099
4112 2968
2946
4125 4099
4112
727 817 824 772 775 734 732 846 742
4126
4125
4112
4126
4125
4126 4126
4135
2968 4112
4624
1782
4126
4126
4074
4126
2968 4112
4128
4129
4112
4112
163
4125
4112
4112
4129
4632 4136 4112
3510 5801
147 154
4632 5704 4136 2736 3668 4136 2681
4112
4070
4125
2180
2369 1862 4112 2820 2369 4175 2857
4098
4112
163 163
5752 2368 3881 5496
1760 4126
4218 2769 4112
4112
4125
4112
2956
4126 4126
4126 4112
263 2797 4727
4112
1807 4646 3835 6707
4112
4125
4112
163
4112
3242
2946 4129
4126
4126 4126
4112 4112 4112 4112 4112 4112
4125
4126 4112
1846 4112
163
163
174 14 41 88
4131 4130
4112
4112
4112 2644
3452
4126
4291 2968
4074 4074 4074
5801
1533
3673 3401 1547 2369 5166 4337 4376 1547 5746 3673 4375 4335 4329 7082 4727 2912 5188 5166 3185 2913
4125
4112
4136
4125
163
4076 2971 1541
355
2947
78
4112 4112
4126
1759 1759 1759 4126
4112
4126
4126
4112
4125 4125 4112 4112
4112
2968 2911
4112
2971
4125
1853 524 688 688 720 1855
4125
4126 4126
1541 2971 1541 2971
4074
4112
6251 3517 3517 3517 6261 4112 3517
4125 4130
4125
4112
4112
4136
4125
4128
4125
4129
4112
4132 4131
163 163 163
2946
4074 4112 4112
4112 4112
3030 1737 3477 1547 3260 4659 532 3003
4125 4112
4132
163
285 285
4076
4112
4127
2968
4125
1738
1699
4112
4112
4112
4112 4112 4112 4112
4074
4126
4101
4112
2947
1559 1566 1553 1564 1549 277
2723 2325 3336 5633 4303 1532
4129
4112 4112 4126 4125 2968 4112
721 676 688 608 1885 688 507 682 1855 4112
4136
10
4112 2968
4074
4125
2968
4125 2968
4126
4112
4112
4112
2968
6722 2369 3880 3952
5772 1827
4125 4112 4112 4112 4112
4112
691 608 709
4112
4125
4112
3510 5008 406
2946
4129
4126
4112
4727 5326 6301 6392 5969 3900 1547 3275 6300 2369 2367 2245
2946
3307 6969 2769
2947
4127
4125
4112
4125 4112
2971 6895 2946 1744 4128 5631
408 418
431
4074
4125
4126 4112
4112
4126
2946 4112
6
4126
4126
4112
4136
4112
4126
4112 282
4126
4112
1533
1777 3273 2754
4129
2797 2028 2317 3441 2806
163
4112 1885 608 688
4129
4129
4126
3815 4587 5792 3439 5793
1751
4125
1
6666 4663 4582
4125 4099
4125
5619 4112
4112
4529 3509 3509 3509 3509
4126
2956 2946
163
3269 1760
4112
4125
4125
4125
4112
4129
2374 3299 4112 2807
4126
2697
3329
1937
4112
4090
4127
5941 2415
4126
163
4126
4126
2968 4112
4126 4125 4112
1846
4136 2918 3822 4052 3819 2909
4125
4074 4065
4126 4074
4125
4112 4112
891 431
2971
2781 3298 1547 6985 3278 1698 3438
4126
4136
1709 385
4104
4125
4135
2919
389 2776 3878 1825 2651
163
4127
4112
3125 4160 4126 4112
163 2946
1450 1444 1421 363
24 24
4112
1615 692 611 4112
6283 6012 1691 4131
4074
4129
2946 4126
3463
8 1755
4126
4112
4125
4125
4112
4126
4125
3018 6348 4263
4129
4112
4129
4112
4126
4112
4112
4112
4112 4112
4112
2946
4126
4074 3881 3880 2912
4112
4112
4125
4128
4125
4129
2946
4074 4126
4125
4126
2333 1801
2474 2482 2511
4127
4074
4132 4112
2932
4112
4125
1846 1846 4104
2470 2526
2971 4126
2968
4112
4112
163 4112
4125 4112
4112
4126
6969
5056
4104
4074
6722 1871 2249 1862 4631 1547
4112 4112
4136 6889
4125
1042 1120 1391 1037
4112
4126
163
4136
4125
163
4074 4112
791
4112
4129
4126
4112
4112
4112
4126
4115
4129
1532
4112
2702
2968
4127
309 296 306 163 163
4112
4126
4112 4112
4127
4126 2945 4112
4112
2873
163 163 163
4112
4112
4125
228
4112
2956
6259 6271 4632 4136
8
4112
721 1862 1669 4127
4112
163
163
1532
4112
4112
3509
4125
6346
163
4137
4125
4112
4112 4112 4112 4112
4112 4112
408
4112 4112 4112 4112 5945 5945
3875 4663 5606 4401 3391 4631
3650 3911 1547 3963 2634
4074
2968
4125 4112
2956
4112 2968
4112
4112
4126
2949 4081 1699
4112
2458 3477 3097 2769
4128 4112
4112
4126
4126
2945
6722
4112
394 1259 612
4112
2946
4112
6894
4112
4126
4063
4112
4112
4125
4112
4112
2946 4125
163
4129
2968
4127 4099
163
4112
3
4112
4112
1531
163 163 163 163 163
4126 2946
5184 5186
4125
4125
4132
610 1672 238 686 1738
4112
4112
4126
4126
527 1848 686 1855
163
4112
4125
4126
4126
4112
4112 1846
4074
2369 3877 2851
4126
2971
4112
4074 2946
5917 4217 3307 5624 4112
4126
4112
4135
4125 4112
4112
2631
4112
4112 4112
3413
4125
4126
6900 408
163
2971
4112
4127
1796 5521 5521 2971
4101
4074
2946 1724 1732 1724
1541 2956 2971
2369
4070
4112
4126
4112
1533
4112 2947
3
4112
4126 4112
4112
4126
1699 4125
4101
4126
2947 4112 4112
4112
4126
607
163 163 163
4137
163 163 163
4125
4112
1047 1064
4126
4128
4126
1937
4112
163 163
2968
1
3666 2624 4112 3664 6961 5752 2317 3663 5607 3665
4126
1047 1119 1069
4112
163 389 1825 1871 1622 163 7053 163 163 163
2946
2971 2956
2968
163 163
163 163 163
4127
2833 3261 2862 263 1547 3547 5869 5796 3261 2440 1547 2862 263
3423 2440
4125 2947
6722
1547 3899 5941 3306 3899 3263 3898 3899 5941 6895
4112
2946
4125 4112
4112
3743 2634 3772
4104
5925 5344 2275
4126 4125 4112
2945 4126
4112
4291 1533
3306 6723 3307
3924 4215 3740
4125
4129 2029 3275 2369
4128 4126 4112
163
4112
4112
4126
4126 4112
4136
163
2968 4112 4112 4126
4129 5119 2911 4112 5977 4129
2971
4617 4112
4126 4112
4125 4112
4127
4112
4126
6379
4136 4112
4112
4127
4125
962
4126
4074
4125
4112
4112
4112
2968
4136
2956
2971
4112 4125
4126
6774 1533
4112
4126 4125 5271
4104
4125 4112 4136 4126
4112
6951 3510 4504 1882 394 1892 1884 674 441 705 1191 1202 1210 414 1737 1622 721
4126 4112
4081 2922 418 4112
4136
1986 5625 3260
4127
4126 285 2946 2185
4112
4074 4074
4126 4112
4126
163 163 163 163
2862 4306 2440 2326 1738
4126
1686 3517 1683
4126
4454 2540
4125
4112
2756 1855
4112
4112
4127
4125
4125
4112
2643 6336 6662
4112 4125
4132
4074
2971 2946
4074
4112 2617
4128
2971
1
4112
4112 4125
4125 2968 4112
4112
4125
3491
4074 2968 163 163 163
163 2968 163 163 163
3255
2946
4126 1737
4137
2968
55
163
4112
4112 4112
62
4126
4112
163 163
163
4126 4112 4112 4112 4112
4112
3273 6855
4074 2946
4136 4126 4136 4112
2971
2968
4136 4112
3268
4136
4125
163
4126
3637 6014 3274 5941 5764
6241 6236 6242 4112
2362 1547 3194 2284 7080 2445 3727
4126
2946 2139 4112
1931
4126
5806 4112 5806
4126 4126
4112 4112
4126
4112
4112
4112
4126 683 528 1855
6392 3001 3008 3853 263 5846 2631 3021 263 2725
4632 4136 4128 2707 2689 4112 4112 4136 3416
4126
4125
4631 2640 3405 263 6850 6373 5628 4631 3404 263
2968
4125
4125
6969
4112 2971
4127
4104
4136 4112
4126
4112
4125
2971 4112 4112 4112 4112
4112
4125
2578 3009 4112
673 411 608 4126 2971 4126 2946
4125
3274 2362 5839 3298
4126
4112 4112
4125
2924 5694 4112 4112
4127
4099
2229 5335 1047 1379
4126
4112
4074
4126
4132
4125
4125
3882 5840 3877 4112
4125 4112 4112 4632
3668 4112 2946
4112 4112
2911 6712
2945
2971
4112
4125
4125
103
4129
4112
4074
6723
163 163
4112
4125
4112
4125
170 4136 171
4126
1
4136 4112
4112
4112
2971
4125
4126 4126
163
4125
4112
4125
4112
4112
4112
4136
4126
4112
163
1825
4112
4126
4126
4112
4126 4112
4112
4112
4112 4112
4125
4112
6365 2220 3878 2797
6969 3510
4126
4112
1665 1665
1
4129 4074
4125 4112
4126
4112
4125
4112 4125 4125
2970 4112
4126
4112
3852 3852
2968
4129
163
4112 4899 3536 2369 3547
4112
4112
163 163
6723
4126 4126 4112
3408 6014
4129
679 610 1855 502 1713 507 667 680 691
4112
4125 4112
2640 6014
4125
5995 4112
163 163
4112
4125
611
2362 3060
5752 6014 4218 5752 4439
163
2936
4126
4125 2971 4125 4112
4125
4125 4125
4125
4112
4112 4694
4070
4112
4112
4112
4112 4136 4074 4112
4112
4112
4125
6238 1724 5496
4112
4125
2971
2540 2585 2602
4112
4074 4125
4125
163
4112
2971 1541
4136
4112
4074
4125 4112
4125
3640 5166 1040 1116 1397 431 1248 1374
4125
4125 6262 2911
4112
4112
4112 4112
4127
4136
4130 4131 4112
263 5740 3298
163 2691
4112
4125
4125
4112
4127
2484
2368
4126
4719 4325 5746 3120 2827
4127
4136
4112 5995
4099
2182 2968
4126
4127
1531
4112
23
4103
4112 2956
4125
2971
4125
4112
4112
4112
4126
4074
4112 5604
4125
4126
6971 6972
2956
4126
4112
2911 2185 1987 2827 6986 3334 5839
4125
2968
4074 4112
163
4112
4112 4112
263 3009 4420 2390
1704 2631
3509 3877 5297 3298 3755 2764 6722 1547 4216 2775 3297
4112
4112
2533 2966
2968
57
4101
4074
4112
6266 2140
4069
4112
4126
5801 3922 3881 4617 4997 1196 710 1213 437 705
4126 2968 4112
4125
4112 4112 4112 4112
4126
4127 4112
4112
4074
4112 688 1858 608
209 4096
4112
4127
4126
4126
2946
4112 4112 4112
2946
4126
4112 4101
6855 2343 1547 3509 5629 1615 5925 3275 601 686 1713 1738
4112
4129
2968
231 231 231 231 231
264 431 1378
4125
4112
4126
185
2185
163
4112 4126
5832 1821 3988
4125
2946
5522 3509
4126
2756 3306 2797
4112
1797 2325 1797 2329 2956
4126 4112
5450 1776
4104
4112
2968
721 1738
6266
4125
4074
4125
4129
4112 4112
4728 1037 1049 2216
4126 4112
4112
4112 4112 4112 4112
6691
4112
163 163
4126 2956
163 163 163 163
5623 1703
5746 2833 6313 721 1669
4126
2945 4068
4126
4126 4112 4112
4112 4125 4099
2947 4137
2968 4125
4125
163
4126
1047 431 1119 1390
2968
4103
2956
4112
104 104
4128 4112
6969 2024 6013
1846
4132
2203 3882 2441 2229
67
4125
4125 4112
4129
4112
4112
4112
4112 4112
4126
6569 1531
4099
3899 5829 3922 3510
4112
2946
4127
4112
3438 3438 5765 4112 3438 3744 3438 3438 3438 5470 2635 3438 5765
4112
3510 4112 4112 4112 4112 4112 4112 4112 4112 4112 4112 4112 4112 4112
4125
4112
2912 4126
2826
1724
4663 5584
5995 4112
5929 3275 4112
4125 4099 4125 4099
4112
6836 6259 5531 6293 6970
4112
5941
5471
4099
163 163
2984
869 5806 5941 2971
4112
4112 4112
4126
4112 4112
4112
4112
4125
4131
4126 4112 4112 4112 4112
4125
163
2677
4112
2139 5732 6705 2911 5560 4112
4112
3408 6990 2945 1818
611 1685 2368
163
4125
4112
6346 2851 263 6346 3622 263 6346 2826 263 2825
4128
4112
163
4112
1707 1848 688 527 460 2183 1701 4112 1363 394 1282 1307 373 1311 1369 1329 1738 699 1701 688 502 720 1672 1885 1848 502 460 699 527
4136 4112
4112 4112 4112 4112 4112 4112 4112 4112
4291 4291
4112
4112 1846 4126
4663 3268
2315 4216 2390
267
2968 4112
1937
4126 4112 4126
4128 4112
4126
2945
4112
163 163
4125 4126
63 57 63 63 57
2549
4112
2946 4137
4125
4099
4112
5165 4663 5631 4112
2643 4304 3878 5624 4663 1547 4664 2764 4663 5806 3642 5771 6346 5622 5827 5929 3876 2321 4304 5740 5806
4125 4125
4112
4125
2968
4112
4125
4112
4126
2717 3477
4112
1533
4125
4112
4126
2968
4112
3509
4125
4112
2946 2956
6990 6989
1860 1862 4112
4112
4112
4112
4125
3898 5607
4112
4112
163
2946 2946 4126
6333
1533
4112
4128
4112 4112
4125
4112
2136 2946 2136
2968
6396 263
4125
4112
163
4112
4112
4112 4112 2968
2527
4112 4112 1547
4112
4112
4112
4125 2946 4112
163
721 1737 4112 721 1737 511 1853 607 1868 1862 721 1622 1737 721 3510 1622 1862 1737 1853 682 607 511 721 1737
4112 4112
4125
2968
4112
4065
4112 4126
4129
163 163
2945
264 1043 1388 1117
4112
4112 5941
4130 4135
4129
163 163 163 163 163 163 163
3894 3894 163
163
4104
4112
4125 4112
4112
4126 4112
6671 1797
4137 24
4126
4074
4126 4125
4112
5719 4112
4112
4112 4126 4112 4112
4125
2968
4126
4125
1760 1718
4126 4126 4126 4112 4112 4112 4126
4127
4125
212
3276 3585 2369 1825
2946
4112
2181 1547 3268 4222 3961 3642 3270 3639 3899
2968 4112
163 163 163 163
2968
4112 4112
4126
2945
4125
4112
4126
5875 263 6399 5619 263 1547 4214 5581
2968
163 163 163
4127
4112 2946 2913 6013 4126 4112
6796
2971
163
3881 6723
163
2971 2956
5629 263 1704
5528
1547 5640 2946 1726 1955 4074 2369
2946 4125
4126
4112
5845
5772 5610 3882 2224 4074
1533 5638 4632 4632 2368 5826
4112 4112
4126
1915 1915
1531
4104
6894 6262
4401 1835 263 5844
4112
6054 1531
4125
4112
6971 6399 6284 2873 3319 1759 6971
4126
431
1707
4125
431 1398
4074
3275 1760
4074
2971
1967
2970
4126 4125
4131
4125
2971
4128
203
163
4125
4126
4126
4136
4126
163
3668
1712
4125
4125
4129
4125
4112
4126
4125
4126
1400 1248
3268 3270 2245 5740 2855 2231 163
4128
4125 4112
4125
163
4126
4126
4125
3509 3297 1547 3885 5335 3297
4125
1846
2956
4126
2968
117 117 130
4112
163
4112 4112 4112 4112 4112 4112
4125 4099
4125 4112 4112
6895 4074 4126 4126
4112
4126
3877 3275
4098
4134
4112
938 1474 431 1120 1466 1517 1390
4125
163
4136
4126
3269 3270 2769 4303
4126
4125
3737 2395 3721 3717 6800 1547 4439 2797 263 5344 3737 5829 1547 5829 3261 2216 1547 3744 1256 6372 3717 263 2394 1547 1547 3744 3737 5344 1774 2745 1825 263 2746 389
2825 263 6668 1547 1547 2211 263 2797 2207 5752 5772 263 5945
4125
4126
5967
163
1699 4125 1699 1699 4074
163 163 632 163
4136
1751 1751
4112
4125
3319 6970 3324
3632
5945
4112
4125
163
4136
5328 263 5329 6398 263 6792 5328 3540 1547 3261 2665 263 263 3540 4426 3622 263 2641 5606 3876
4129
4125
163 163
4074 2180
5806 163 163 163 163 2108
4126
2968
6336 263 6792 3622 263 263 2643 2643 263 3622 3623 263 1986 1986 263 3623 3622 2834 263 2834 263 3622 263 3623 3622 3623 263 3003 263 263 1547 3622 3623 6320 2643 3622 263 263 2834
163
163 163 163 163
2565 2565
1869 709 608
2775 2405 2777 3692
4126 4112
257 24 4072 2570
5631
4126
676 611 720
4127
3420 6757 1709 2685 385 1547 3977 2686
4112 1664
163
1746 263 2807 4372 2807 263 2851 3509 2806
1531
4126
4112
4126
2368 2366
4112
4112
4112
4126
4101
4132 2858 4132
3408
4074
4125
4125 4125
4125 2908
4128
6974 1046 882 1779 3878 1110
4112 4112 4112 4112 4112 4112 4112 4112 4112 4112 4112 4112 4112
4112
4074 1846 4074
2951
263 5177 3309 3307
4112
2971
4074
448 1622
163
2970
6897 4112
2946 4112 4112
4136
1720
4112 2968
4126
4126
4112
4126 4112
4125
4112
4112 4112 4112
4115 4115
4112
6722 2325 3334 5324 4219 5339 610
285 285
4112
4112 4112
4127
4112
4087
4136
4112
4128
4533 2946
4126 2968
204
4304 3547 3959 3900
4112
6
4125
4131 4131 4131
4112
1699
4126
3510
2912 4126 6200 2965 6876 6953 5700 4126
4112
2738 6895 2741
1772 4074
4112
2213
4126
4112
2911
4112
4112
1785 5522
163
4136
4112 4112
6242
4112
3409 6358
4125
2968
11
6894 6952
3877 6395 3647 3510 3875 3647 2759 2528 3376 2458 2130 2130 3647 3376
2645 263 1707 5929 3278 263 2755 2755 263 1776 263 2369 3338 1776 3278 2249 5826
4112 4126
4112
699 2366 607 2497 524
2946
2855 3869
4112 163 163
4112
2971
4112
4126
4125
4114
4112 2956 4112
4112
4112
163 4525 163
4112
4137
1931 6263 1931 1931 1931 1931 1931 1931 3483 2626 1931 2797 1931 3510 1931 1931 1663 5610
4136
1622 1862
4112 4125
4125
2971
4112
4112
4126
207
4112
5532
4126
4112 4112 4112
1547 2997 3086 263 618 472 536 502 263 1547 263 3405 2578 6346 502 1858 602 533 263 2997 2727 263 5771 2769 2300 263 3132 263 3131 2769 263 3009 3438 3060
4136
4112
2369
4112
2946
4127
2325 6012
4136
4112
163 163
4125
5531 6014 2633
4125
4112
280
4112 2936 4078
2683 2458 4125 26 6969
4126 4112
610
5623 5631 5623 5631
4112
4125 4125 4112
2369 3274 1040 4012 1784
4126
4112
4112 4074
4112
4112
4112 4112
2946
4125
4112
4125
4125 4126 4130
4112 1980
4112
4112
4112
4074
4130 4131
2610
4129
4112
4136
4112
4112
6014
163 163
6689 604 6326 2665 3622 2367 6343 4112
163
4125
3962 3964 2912
4112
6666
4074
2946
5607
4074
4112
279 2481
4112
4112
2970
1967
4125
4112
4075 2971
4112
4136
677 500 1738 607 666 709 2934
4126
4126
4112
4230 4229 4232 4231
4112
4126 4112
4136
4125
4112
4099 4099
2727 5214
4125
607 686 534 605
3275
3271
4126
4112 4112
4126
4128
1533 6623
4126 4125
4125 4130
4112
4112
3910 6723 3898 263
4125
6013
4112
4125
2946 4112 4112 2946
4112
4112 1718 1718
4126
4125 4112
1374 431
5839
4125 4099
3278 3278
4125
5869 1715 263 5749
4112
4125
4112
4112
4112
4914 5779
5823
4125 4112
4131 4131 4131 4131 4131 4131 4112
4129
4127 4112
4129 4112
4125
4112
4112
4112
20
4125
2968
4126
4112
1533 4468
4125
4125
2203 2300
6722 2869 2249 3923 3652 3921 3391 263 5925 3652 2802 263 3921 2249 3391
2945 4125
4125
4125
4099
4112
4112
4112
4112
4126
4112 4112 4112 4112 4112 4112 4125
4112 1691
2968
4112
4136 4126
4112
1862 5853 6936 600
4112
4126
1
163
4126
5629 5610 3876 2779 5844
4125 4112
4127
4125
4126
4217 3269
2971 1541
4112
4126
4125
4112
1796 6014
4125
4112
5765 5752 1547
1738 1848 720 1885
4112
1781
78
4112
4126
3120 3086 3265
4112 203
4125
4112
6365
4126
4112 5844 3269 2369 2645 2583 2779 3924 1708 3889
2182
228
4112
5629 3275
4112
4112 1825
4136
3306 3079 5765 2633
4112
4126
6710 6936 6710
4125
5470 3324 6971
4125
4136
3749 2759 2367 3060
2368 5939 6318 2063 2220 2202 2285 2368
4125
4112 4127
5270 2946
4112
1718 2483
4126 4112
204 57
4125
2968 4112
1532
4074
2946 1720 1715
4126
2797
4074
4112 4112
2930 2930
4112
6289 3880 1622 163 163
4126 4112
2363 3520 5746 5328 4798 6666
4112
4125 4112
4112
163
2627
4126
2968
3877 263 2259 2249 3880 263 2249 2263 1119 1394 264 1041 882 1479 3320 263
3814
2971
4127
1547 6392 6343 2825 263 6392 263 5839 6343 2275 6239 6734 263 5827 1547 2216 2825 4420 5829 263
4127
2224 6409
4112
2834
163
4112
4099
6855 2754 1703
1683
163
4112 6974 2602 6977
5746 1973 3759
4112
4136
4112
4112 4126
163 163
163
6369 263 2362 1547 5941 6369 1547 5941 264 2362 5941 263 6369 1547 2362 5941 1547 6369 2362 2369 5941 1547 5614
6855 2857 1234 4218
4127
4112
4074
4112
2947
4554 5584 2249 3405 6985 6986 6969 1547 263 5773 5280 6969
4130 4132 4132 4130 4132 4130 4132 2946 4130 4132 4130 4132
4126
163
4074
2947
4112
3648 3261 1547 263 3765 2820 4594 5260 1547 4420 263 3049 5344 3338 263 5136
4125
4126
4112
4049
4112
4112
4112
4126
6668
1547 3759 5746 5324 5747 3900
3652 2820 2230 1547 5344 3261 4420 263 1547 6372 5740 2745 3716 3022 263 1256 3261 2820 5829 3639 263 3477 3137 1547 4423 263
5932 392 5932 3463 3826 5932
3882 3720 5610
2971 2540 2459 4129 3324 3278 6012 2912
4112
2756 3309 263 2634 3546
4126
6723 3298 2367 1777 3880 5773 3275 2366
2968
6270
1411 6672 3879 6969
2934 4112
285
4112
263 2643 2249 5979
4126
5913 1853 607 263 5941 5925 3338 2250 3639 3737
4126
4112
5829 3740 3509
5623
2825
1377 868 431
2587
4125
1532
2797 375
4125
3510 2756 1703
3259 3260 1757
431
4065
448 263 699
263 3539 3643 2825 2777 2825 263 6410 263 2538 3622 2778 3692 263 2769 3694 6792 263 5742 2807 2333 263 5742 5625 3920 5747 263 1685 4425 263 5845 5844 4426
5606 6014 6013 1707 3274 3903 2633
2024
881 1065 1061 1111 1063 1121 1390
4112
4112 4076
4125
4126
163
4112
4112
4099 4099
611 682 527
2806 2807 263 1547 2997 4374 263 1821 263 1988 1835 1983 1988 3643 5829 6670 5471 263
4126
2326 6668 263 2214 6668 263 4663
163
4125 4112
163
2947
64
2251 263 3374 4533
4126
1533
4125
4127 5273 233 2177 2911
1531
163
4074
1937
4128
2797 3890 263 4010 263 3881 3913
2946 4074
5607 2464
4126 4112 4126 4125
4126
4126
163
163
163 1738 3510
4126 4132
4129
2956
6894
1046 970 1119
2851 263 1547 6409 3509 3623 263 263 2832 2368 2643 263 4439 2336 4439 263 5644 5645 263 2207 263 2211 4264 2832 263 2832 263 4426 1547 5929 263
163
4125 4125
2906
607 709 674
6343 5797 263 5798 263 5812 6792 3889 6293 263 6398 5812 1748 2727 263 1547 6293 6295 1801 6398 263 5431 2211 263 6398 3924
1705 6668 5606 5606 3261 263 3259 6800 5606
4126
2913
4126
4112
4291 3377
2369
4126
3638 3438
5634 1825 3463 5606 3320 5531 6014 2634 5925 2461 1825 2634 2510 5619 5606 2522 2797
1825 389
163
5607 6970 6970
1776 5839
163
152
2375 3623 2851 5845 263 2835 263 5798 263 1547 3622 2213 2832 2213 263 5742 263 3622 2213 2224 2835 263 4582 2825 5829 263 6792 1547 2220 263 2213 4439 2832
2971
4126
163
6012
4126
4136
1393 264 869
1532
2851 263 3623 6792 692 721 263 2851 3509 263
4129
4074
4126
2971
4126
1657 1655 1658 1656 1660 1659 1654
2946
6259
2754 4411 4417 263 2835 3912 263 4418 263 263 3420 2851 2835 3559
2374 3276 3874 2224
2351 2325 1776
2971 2946
4439 1986 263 1986 1983 263 3338 3638 2820 1547 5765 1986 263
721 693
387 3510 1722 1772
4125
6850
6576 1532
4126
4074
699 709 610
1531 5994
4131 4130
3668
263 1785 6972 5468
4126
