5951
5951 2968 5625 2458
4126
5952
5952
4104 5951 5623 5631 4104
5951
2756 3766 3737
5951 4112 5952
5952 4125
5951
4126
2972 4067
1615 601 688
2968
2968 5952
5951
4125 5951 4112
4136
4099
4112
4112
2972
4125
5951 4112
4126 2972
5952
3437 5952 5625 6346
4115
2023 2024 2368 6969
5951
5951
5607 6346
5531 3744 3753 5607
2972
4126 4125 5952 2368
2458 4061 2944 4112 5952 4101 2968
4126
4126 2368 5339 3334 6346
2180
5951
163
4136
2210 6238 6237 6250
5952
5952
2968 5952
4136
6952
4126
5952 5625 5634
5952 4125
2797
2943
2972
163 163
5952 2968
11 83
2972
4125 5951 2968
5951
5951
2968 5951 2538 2458
5951
5451 5450
5951
4125
4125
5951 5625 1707
4112 2506 5951
5952
163 5951
5951
6
4099
5951
5952 6346 1707
4126
3404 6609 1531 5951 4112
285 5453
5951
642 682 1615 682 510 641 4126 642 682 709
2363 5640
1531 2972 2224 2363 4112
163
4112
4126
5951 5625
4127
4126
22
4112
5951 1120 431 1388 1076
5951
5951
5952
2191 5951 4112
2972
5951
6969 2461 1533 5952
2181 4112
5951 2459
5951 6969 163
5952
5952
5951
3869 3869
2944 2946 5951
4126
2940 5952
5951 4112
5951
4112
5951
17 285
6723 5339 643 604 5951 1669 6722 1738 2237 5326 2366
4126
5951
4128
5951
4127 4125
5952
163 163 163 163 163 163 5625 5951
5952
4074 2989 2972
1750 1695 1751
4125
2968
2972
1795 6324
4112 5951
4112
4125
4101 4126 4132 4112 1531 4132 4101
5952
5929 6346
5952 2968 4112 2540 2480
2540 5951
2755 1759 1987 3347 5844 2458
1380
5951 1738 1855 475
5607 1758
5951
5951 5631 2494
4126
4112 4112
4126
2458 5951 2797
5952 502 1777 507 5951 693 1622 721
163 163 5951
4125
6969 2797
4126 2956
4112
4074 5951
5951 4112
2369
5481 2337 6723 5952
4126 4126 4112 5951 5625 2458 4126 4126 4126 4126 4126 4126
5951
4126 4126
4125
4137
3915 3307 283
2944 3336 3637 5765 2327
2968 5952
4129 3668
203 2473 5623
2932
4125 5951
163 163 163 163
4126 5951
2224 1760
4132
4125 5952
4125 5952
4125
5951
1532 6130 5951 2797 6346 5951
5952
2325 6394 2362
4074 6346 2528 5952
4125 5531 5952 4125 6459 2972
4128
5951
4112
5952
5952
4074
4112
4125
5951 5625 4125 2945 2461
2972 5952
2775 2368 6902 3914 1531
4112
57
4112
5951
2516 1707 5951 2369
5952
4126 2876 5271
5951
4112 4136
5951 5631 1707 6346
4112 5952
5952 4112
5637
4126
5951
20 4878 2461 20
4112 4126 5951 4112
6533 4125 5951 2968
4112
3899 4223 2797
5951
4101
4126
1538 5951
5951 5625 5466
4112
163 2968
4218 2368 4217 6792 2224
5952
5952 1532
4126
2968
6346 5952 2797
2899 2972 2961 4065 2972
6723
4125
5952
163
4125
4129
5951 2968
4125
1704 2381 5663
5952
4126 5951
4112
6110 5952 1533
5929 5952 5625 4112
4112 5929 1707
5952
3881 5951 5765 5625 2797
5951
5951 1538 4112
4112 5952
4125
4127 4115 4115 4127
5951
4112
4125
4126 5952 4125
4130
5952 2968
4125 4112 5952 2458
4126
5952 4112
2797 5925 5929
2972
2461
4126 2932
5951
431 986 894 1120 1073 4129
5951
2368 1622
5952
2432 5951 2833 2631
5951
5951
5531 5952 6014 5952 4126
2362 3922 3880
4125
5951
5951 6722 4112
4125 4125
4112
5952
5952
4112
6971 5625 5952
2968
5952
5951 2968
5951
2968
5750 3737 6242 6990 3275 3881 3752
2956
4125
4125
5952
5952
4126 5951
4099
4126 5952 5117 4126
4112
4125
5952
163 5952 163
4125
4125
5952
5952
4125
5951
4663 2024 2480 3320
5951
5952 2480 2540
163
1797 5951
4126
5752
4126
1533
5951 4112 5625 5941 4104 4112
5951
2326 6852 3882 2241
5952
4125 5951 2968
4126
4126 6447
5951 1538 5941 5625
5951
4126 5952
4137
5952
4112
5929 3045 3752
5625 5941
5951 2968
2968
5952
1714
5951
4125 2968
2972
4125
5951
2646 2375 5640 3338 2375 5826 3404 1547 3338 5826 2263 1547 3338 2797 2375
4125 5951
5952
4125
5951
2368
163
3273 6722
5952
2972 4112
4112 5951 6346 1707
5951
4112 4112
5951
4125
5941 2473
2944
4112 4112
4101
5952
3298 3510 6014 3307
5951 4112
163
5951 2461 5951
5952
2901 2926 2898 2922
163
4125
5952
4126
2972 5952
5531 5951
5952 4126 2970
4074 2968
3405 3309
4126
5951
4112 5951
5951
2968
5952
2968
5952
5952
5951
2968
5951
5952
5951
5952
5952 2972
5952
5951
4125 5951
5951
5951
2972
5951 6346 2368
5951
5951
2833 2369 6398 6336 5844 6320 6013
4126
1777
5952
2195
4066
4125
2956
4112 2497 5607
2968
3268 6723 3885 1547 2263
4136
2245 3962 6800 3374
5951
2968
4438 1776
4125
5952
5631 5952
6969 5952 2797
4126 5951
5772 5951 5772 4383
6326 6325 5514 1695
3510 1844 5951
2182 4074
4112 4112 4112
5951
163
5952
5952 2797
5951
4074
3898 2972 2853 5339
5951
5951
3668 2968 5951
5951
2369 2481
5951
6981 5764 4437 2023 6293 5606
4112 5952 600 701 1885
6163 4126
5951 4136 5995
5951
2362 3270 3942 3922
4125 5951
4218 3877 4217
5530 2368 2873 5846
5951 4112 4112 4112 4112 5952 1531
5952
5929 2225 4074 2956
5951 4112
5951
3952 4218 2773 3340 3906 2665 3944 2229 3976 2944 5952
51
5952
5172 2623 2275 5840 3165 5796 3510 5929
4125
5952 2461 4074
5951
4126 5951
4126
4137
17
5951 4112 2968
4290 3380
163
4126
2459
4125
5951
5747 5468 6013 5978 6732 5793 4126
5625
5951
4126
61
2369 5951
5951 4112
2369 1797 3900 3919
4125
5951
5951 2968
4112 5952
2972
2369 4112
5951
4136 6501 2920
4125 4112
5952
5951
4112
5952
5951 5623 2500
5951
5951
5951 5952
5952
4125
4132 4112 5951
5951
6722
1698
3899 2764 3890
5951
6346 2797
5951 6346 6014
5951
2674 2733 20
2325 2949 2972 2946 5951
4125 2368
4125 4074
5952 5625 1707 2968
5952 2368 6346
5951
5951
6886
1776 6387 1547 3270 2643 5397 5952
5076 6346 5952 2368
163 2769 163 4112
5951
418 1670
4125
5952
2944
5951
2968
3900 4904
4112
5952
2480 5951 2797
5623 5625 5951 5951
4127 5951
5951
4125 4125
5951
4127
408
2968
4125
2972 2325 4582
5951
5951 5625
4112
5951
4131 4131 4131 4131 4131 4131
5952 4112
4112 5951
4112 5952
5952 6065 1532
4112
5952
5951 5607 4112
2968
667 1855 543 4112 5952 6341 3510 1073
2817 2764 3338 2363 4112 5952 2777 2727 2797 3317 3153
4126
4126
6855 5941 5951
5951
5952 4112
4112
4130 5951 2968
4126
1532
4126 6153 2968
5951 5925
4126
2968 4112 5951 2540
5952
2762 1683 2797
5994 2583 1531 1862 1622
57
2362 5980 3275
5625
5952
2164 2944
5951
3275 4631 3405 3274 6722 5951
2972
2968
5952
5951
5951
4126
5951 5952
4126
5952
2968
4125 5951
4126 5951
4112 5951 4112 5607
1680 5844 3960 2282 1395 3878 2319
5951 2252 1547 5844 2381 5951 1669 4438 2645 1547
5952 2968
5952 2968
2968 4126
4218 5633 3651 2797 3275 1750 1547 5952
2369 1777 5839
4126 5625 5951
5951
3878 6326 5623 1757 2754
5625 2368
4273
7056
4112
4129
3963 5951
4112
7
4125
4112 4112 4112 4112
4126
5951
5951
5951
5952
5623 5625
5952
1538
4125
4136
4074 4112 2225 5951 2797
5951 688 1164 666 2363
4127 5952
5951
5951 1538 4112
4126 4112 6014 2461
5952
3875 2325
4125 2968 4125
2497 5951 2461 2968 163
4126 2968
5951 5917 6346
4112 5951
2754 6346 3274 3509
4126 2968
5952 4112 4112 4112
4112 5951
3509 3741 3742 2369
5951
5951
1670
5951
5951
6012 3298 3268 2777
4074
1531 2873
4908 1695 942
392 3463 2317
2956 2968 5952
4126 699 620 1672 709 1855
5951
3856 1791 3509 1724
4125 5952 2538 2459
5951
4074 4129
5951
4126
3344 2755 4437 3924
5951
5951 1538
4126 6706 2972 5952
6989 3274 6259 1750 5951 4112 2968
163
5925
4112 5952
4131
5951
5951
4101
1871 1622 1738 4112
5951
5951 2968 6855 4112 6346
4126
5951
5625 5952 1622 1760 2466 2465
4112
5951
2827 5951 4126
5951 2961
289
1853 600
163
4406 4410
5951 5607 5625
5951
5951 2968
1824 6936 5952 1824
4126 5951
5952
2968
5952
2968 1827 3878 5848 6905 6690
2797 2968 5951 2458
2956 5951 2797 6346 5951 163
5625 2968 5951
5952 4112
1864 1738 2369
5952 2968 5994 1532
5951
4081 2972
5951
4129
4112 5952
5951
2972
5951 6346 2368
5951 4112 1531 6574 2496 6343
4
5951 4694 2968
5952
4099 4131
4115 24
5952
4073 2944 4090
2968 5951
5952
2540 5952 5625
1076 1144 1113 1037 1388
4125
1531 6006 5951
5951
4132 5951
4126
5951 2968
5952
6299 5631 1707
5951
4129
4132
2972 6976 2968 2797 4112 5951
4104 5951
716 1119 5951 1084
2263 3877 5793
891 1155 431 1378 5951 2202 4880
2968 5952
5951
4125 4112 5951 4099
5951 2968
3494
4125 5952
5951 5625 5941
5951
4125 5951
4126 1846
5952
5623 2968 6346 4112
4126
5951 4112
4112
5951
5951
5631 2458 5607
5952
1738
5951
5951 5623
4125
350
4125
5951
5951 5625
5951
163
3881 2326
5952 2968
4112 4112
4908 3898
4126
4112
4112
4126
5951 6969 4126 6185
5951 5607
5951
5951 2968
3
4200 5951
5952
3923 3320 1757 5344 3921 3910 5607 2769
5441 5441
4125
5952
2968 5951
2968
6447 4126 6447 4126 4126 5941 2224 6447 4126
5625 5951 4126 4074
2968
2968
4126
4136 5952
1738 3510
4112 5952
5952 2458 2540
5951 2797 5625
4126
2968 5951
5952
5951 6010 4126 2972 4112
5951
163 2968 5952
4788 5951
5951 5925
3899 3910
5951 163
2946
4112 4112 5995 1532
2797 5951
4074 2944 4126 5952
6972 6981 6979 6972 6979 1850 6972 6981 6979
2968 4126
4126 5952
502 1701 700 6012 5629 3960 2363
5951
4632
5951
4125
4126
4125
2210 5951
5339 2322 3719 2458 6981 6969
5952 5952 5952 383 1278 1297 1327 2820 1280 1269 542
5951 5952 1470 3510 1474 4112 2240 1474 1467
1532
5952 4112
4125
2409
5951 6014 2503
5951 5951
5952
4101 2797 6346 4101
5952
6975 5951
5951
4136
5952 2946 4112
4112
5951
4126 5952 6969
5951
4112 5951
6394 6333
5951
5951
5951
4103
163 163 5951 2968 163
5952
2225 5952 2540
4125
4112 6346
5951
4126
5951
5929 3622 3639
5951 4125
6014 5531 163 5951 163
5951 2943
2181
4126 6266
4125
2461 6723 2538 6723 2764 3275 5792 1547 3299
1683 1685 5951
26
4074
5951
25
5952
4126 5951
4125 5951
2943
5952
5952
5951 2968 5625 2540
4125
2972 2968 4112
4112
5952 4112
2583 2538 2536 2538
1162 1075 1046
5951
5952 6722
4136
4126
5952
5951 4112
5577
4099
6220 1531
1047 3889
2972 5951
5952
5951
1538 435 163 1538 5929
6978 4136 6971
2368
5952
5522
4125 5951
5952
4137
4101
4125 5951 4112 4112 4112 4112
1531 2047
5951
5952
431 891
4127 4127
2968
2968 4112 5952 4126
602 5616 608
5951
163
5952
5951 4126 4125 2968
49 3 186 6 49 186 6
78
163 5952
4126
163
5951
4126 6459 5952
2528 2461
3321 5792 3338
6101 1532
5952
5952
6325 5561 2776 5952 6185 5577 4126
2912 2911 6823 2968
3255 3259 283 2320 6289 5773 2756 2762 2229 3906 3882 3265 3420 6723 1533
5951 4935
163 163
1531 2968 6014 5952
5625 1707 4112
4126
5951 2968 4112 1531
4112
2968 4112
2968
64 78 64 64
4125
4112 4908 5532 3961 5929 5952
5951
4132 4131 4131 4131
2797 163 6855 163 163 5623 163 1738 1622
4112 4112
5951 4112
4098
5631 5951
4112 2968
5952
5951 5625 2968
163
4112
3759 3640 3781 3347
5951
4125
3338 2284 2631 3259 3510 4218
4112 5951
5952
5951
4112
4125 4112
5951
5951
4074 5952 6346 2528
3510
5952
2968
4273 4112
4129
5951
1531 5951 4112
5951
4074
2908 2930 2972
2452 4112 4112 4112
2968
5951
4125
5951
228 228 64
4112 6346 2368
5952
163
4125
1119 1072 984 5952
6969
5951
3509 5975 6855 3273
6242
5952 4112 2968
4125 2968
4074
4126
5951 5623 4104
5951
5951
4074
1862
1532 2755 2325 1547 6970 3786
4125 4125 4125
4129
5951
870 431 264 891
6936
5952 6124 4136
163 4099 4099
674 709 607
5952
5952 4112
4128
4125
3875 6295 3509
4137
5951
682 1615 5764 6372 607
5625 2368 5952 4112
5952
5951
2797 1785 1707 263 6365 6013
2944
5951
4126
5952
4126 5952
5952
5951
5952 4112
4126
2968 5951
2853
4112
4112 2972 5952
4112
2429 5952 6666
2968
4136 6185
4126 5951
5951 5925 5625
4074 4074
5952 4126
5951 5925
6346 5945 5951
5607 6346 4112
4112 2968 5952
5951 2968
6969 5623
5951
4125 5951
4112 2968
5951
5951
4129
4126
5820
5952
3275 5772
5951 2634 1703
5053
5625
4125
4129
4112
4125
5951
2060 2944 4125
4126
4112
3656 3510 5750 5952 2367 2718 4616
4112 5952 2968
163 2968 163 163
5951
2797 5941 5634
5951
1848 3408 3338 3644
4112 5952
5952
2224 2363 5952 2968 5951
5952
4126
2946 4125 4112 5952
4998 263 6377 6377 263 263 6377
5951
6346 5941
4125 5952
4112 5951
4101 4112
163
5951
5952 5952
2972
4125
7191 5951
4085
5951
4074
163
2284 3944 1777 1382
3265
5951 2776 2497
5952
4125 1532 4112
2972 4136
4112 5952
4099
4112
1547 3880 1533 4443 6336 3405 6026 2756
6978
4273 4129
4112
4126 4126 5952
5952
2225 5531
4125
167
1533 5951
4112
5952 4126
4126
4125
4131 4112
5951 5951
174 156 4136 15
4131 4130 4131
1120 1072 998
5951
2181
5952
4112 5952
5952 5640 2776 5531
5952
5625
4125 4125
4128
5951
4112 5952
5952 2363
5951
4136
5951
2458 2546
5951 5625
641 608 683 709 507 691 5951
5952
4274 5952
2461 5952 2762 163
2968
5951
285
5951
5329 5929 4112 3268 5845 5951
5951
2634 5469 4582 5977 5772 2857 5622 1615 645 610 5772 5976 1759 1164 545 6722 3881
4126
5952
2968
4112
4125
1795 1759 1759
5951 2968
6239 701 502 6241 475 2363 2326 1701 1868 509
3170 1533 163
2363 1531
4112
5952 2968
4112 5951
5952
5952
4126
4125 4125 5951
5951
4126
4127
4125
715 1394 891 890 1155
4126 5952
5951
2369
5951
5951 4112
5951
5951
2968 2797
4125 4125 4125
5951
5951 2968 4074
2968 5951
4112 5625 5951 6263 4057 5450 2940 5544 4076 5544
4125 4125
4125
5951
1846 4797
5952
4112 5952 2506 2527
5952
5951
4112 5951
1538
5951
5951
5952
5952
641 688 699 1672 682 510
4128
5952
1615 1853 680 700 1855 1850 2651 2329
5952 4112
5951
2968
4125
4074 4131
414 437 1771 441 1224 1215 1770 717 431 891 870 1378
163 163
1086 3964 2405 5951
163 163 163 163 5531 5625 5951 163 163 163
5951 5951
5951 4112 4112 4112 4136 5994 2857 3987 2240 3888 5632 2374 3887
5951
5951
4112
5951
4112 5607 5624 6293
163
2024 602 5846 5826
5951
4125 4125
2968 4112
4130 4131
5951
5952
5941 2503 2968
5625
5952
2968
1531 6739
4125
5624 1776 5466
4112 5952
4112
5951 4125
5951
2968
4125
5951
4125
2726 5952
2797 6346 5951 5951
5951
5951
5951
5952
5951
5951
4101
5952
1565 1550 1549 1564 1553 1553 1566 1550 1564 1549
5951 2458
4129
5951
4126 4112 5951 2944
2368 6346 5952
163
5951 2458
681 688 721 608 1672 507 721 1868 682 641
5951 2496 2461
4136
6722 1704 1738 1767 5616 5952
10 10 10 10
2972
1395 6109 5845 5844 1533
5951
4125
5951 5607
2968
3914 3270 5941
5952
5951 5951
5633 5495 2285
163 5952
2459 5625 5952
5626
6969 5952
5952
2968 5625 2509
6926 1861 3510 6727 1738
2968
5951 2779 1760 163 4112
5952 4112 4112 4112
5951
4112
4126 4125
5951
5952
5952 2538
691 709 608
2645
6267 2797 2913
5951 2972
4112
5951
3510 2641
163
2968 5952 2281 1698 2284
5952
2968
4112
5624 5951
4126
5951 2368 2968 2972 4112 2368
3269 2797
5952 2968
2998 3165 4439 2440
4136 5951 4112 4136
5952 1538
4136
4112
2968
4125
5951
4125 5952
5952
4112 2968 5952
2944
228 64
2944 4129 5631 5631
4112
4126 2374
6013 2832 3309 3650
5951
5951
2797 2773 5952 6182 4126
6346 5952
4112
3269 2363 6252 5632 2968 4112
5952
5951
5951
4126
5951
4098
5951 2797
5951
5951 285
2325 4555 5643
5640
5952
5951
5951
1533
5951
2968 5951
5951 2797 3275 3408 5621 2538 2756
5952 6346 5925 4112
6259 5951 5625
163 163
5951 641 1885 688
5951 4112
4129
5951
1695 1813
1538 5952 5631 5925 2968
5951 2797 4067 5631
5925 5952
3510
1
4125 4099 2481 2459
1538 4112
4125 6454 5952
2645 5952 2326 4112 6777
5952 4112
4126
2968
2972
5952
5952 1538
5951 5952
2972
2968 5951 4112
5625 5951 6969
2956 4129 2024 1718 2797 2632
5952
5952 2368 2458
4126
5952
163
1538
4112
5625 5951 2968 6760
4125
4125
2503 5951 6343
1855 685 720
4136
5951
5951 4101
4126 2968
5952
5952
2458
5951
5951
4126 4632
5951
5951
4127
5951 4112
4112
5951 2414 2414
2458 2797 163
5952
5625 5951
5952 6346 2458 4112
5951 5631 5608
2797 3878 4263 6855
2922 2940 5951 4136 4112 2180 2940 2921 3529 5625 4136
673 601 605 1615 686
641 1850 699 620 524
4112 4112
2944
2381 5431 4908 6985 4508 1547 6668
4126 4112 5951
2968 4112 5952
5952
4136
4126 2968
5951 2942 4074 2900 4112
3270 2635 2528 4214
5951
5951
5845 2968 389 1825 5495 5951
6689
5952 6969 5625
5952
4126
163
24 24 24 24
5951
1615 3334 2641 5951 1840 1988 3334 1615 3643 1840 3334 2241 3334 2635 3334 2649 3643 1547 2229
4131 5952 1531
163 5952 215
5951
2644 2643
4112
5951
5951
4127
4126
5951 5625 4112
4126
5952
5951 4112
2956
4126
2968 4112
5951
5952
163
1532
5951 5951
5951
5951
2797 2224
699 475 502
5951
4112
5951
5951 4112 4126
4385 2646 2807
4075
5951
4126 5952
5951 2968
263 3009 5622
1707
5951 5625 2797
5951
6346 2797
1622 1738
5951
5951 5632 2797
4074
5951
163 5952 6825 163 163
5951
4126
5951
2968 4112 4112 5951 4112
5643 5645
3309 263 6722 2628
2469 5951 1 2509 2469
163
890 891 1144 5952
5952
4125 2968 4125
5952
4112 5952 6346 2797
4126
4125 163
2613
5951 4112 4112
3321 5951
4132 4132
4112 5951
5951
4125
4632
5951
2968 5951
1846 5951 2968
5951
5625 5951 1846 2968
2474 2500 2473
163
5952 4112
163
5952
5951 2456 5941
5951
4132
5951 5951
163
4125
5951 5952 4125
4273
5951 5625
5952
4104
4126
4126
283
2944 5952 4112 5631 2972
5560
4125 5951
4129
2972
4125 4112
4125 4125 4125 4125 4125
2968 5951
3882 2369 3906 2586 269
2968
5952
2461 2524 5951
6346 3347 3922 4223 6732 1547 2362 5952
5951
5952
5951 2797
5952 6346 5925
5951
163 163
4129 6666
5951
2968 5952
4112 5951 4112
4112
1547 3639 3269 5844 2362
4126
4126 5951 4112
6346
5951
5749 891
2968
5951
4112 4112 4112 4112 4112 4112
5951
4380 4387
5952
163
5952 3510
3204
4136 5951 4112
6533 4126
5952
3269 5793 3873
5951
307 296 304
3321 3898 2369 2245
5625 5951
5951
5521 263 5625 2140
163
5952
4127
3898 6972 2651 1547
4125
4125
2628 2214 2237 3898 2755
2210
1622 1862 693
163
5951 2968 2362 2224
2968
5951 2797 2466
5951 6690
2909 2182 5952 2968
5951
57
2944 4112
3443
5952
4126 5951 4112
2363 6346
5951 8
5951
5951 2368 5072
5951
4101
4126
5952
5952 4126 2968
4126
5951 2968
2918 2906
5951 4074
4125
5951 2797 5625 4112
4112
5951
6346 5951 4112
4112 5924 5607
5951
4125 5951 4112
5945
7058 2147 2972
3509 5952 5488
7210 2466 1531 5925 277 6118 3391 2773 2461 2251 1533 6118 5951
4125
2634 3642 3906 2634 3642 3881
5951
4125
5952
163
5951 2797 5625
5951 5951
5952
5951
4112
5952
5951
5951
4112 2968 5952
4099
4126 5951 2972 2458
4136
5952
1703 3274 3334
4074
1899 1615 1853 2461 3830 2140
5951
4125 5952 6185
5951
5951
5952
4112
4112 2540 5951
163
4049 5952
5952
5952
5951
5951
5951
5951 4112 5828 2367 1751
5951 2480 2458
4112 2458 5607 5952
2968
5951
4125
5951
3268 5975 3906 5607 3404 3296 2224 3694 6853 3881 5826 2817
4112
163
2972
5952
5952
4074
4126
5623 2509
4112
4099 4112 5951 1836
5951 1707 2797
5952
5951 4112
4126
2972
5952 6346 2458
3270 2775 3510 3870
1531
4125
163 5952
5951 4112
163 163 163 163 163
4475
4126
4112 2147 2362 2362 2857
5952 6346 4112 4112
5607 2225
5952 2968 4112 5941 5925
4125
5951
5952
5951 5845 1760
5951
5951 2241 3639 6012 3877 4007
1790 1785
5951 2968
2944 1760 2972
4126
2946
5951
163
5951
5952
5951 4112 2458
4074
5951
5952
2363 5951 5625 5951 4112
4126
5951
4125
1669 1862
5951 1846
4126 5951
2540 5951 2480
5952
64
5952
4126 5951 6346 4112
5952
1915 5951
5951 2458
4074
6969 5952 2458
1944
5951
4128
5951 2797 5625
2968
5952 2458 5929 3408 5929
4112
4126 5951
5625 5951
2968
3584
4112 5952
2628
5951
264 891 717 1698 263 3307 3320 1547 5752 4222 431 1381 264 1381 1135 1394 1155 264 1394 891 264
6350 1693
5951
2968 5952
5952 4074
4126
5952
5951
4112 4112
5630 5951 263 718 1738 264 510 692
4112 1716 6241 4537 1726 6251 6258
4112
2972
5951
5952
4126 5952
4222 2773 5952
5951
3924 277 3518 5951
5951 4112
5951
4112 5951
2968 5952 4559
5951
4126 6163
5951
5951
4137
2968 5951 4112 4112
5951
4125 2968
5951
4136 169
5951 163 5951 6346 5625
5951 2968 163
4125
5951
5951
5951 5625
5951
5952
5607 3259 6990 5752 2759 428 2646 3141 6961 2440 3259 5607 3141 2646 5752 6961 3096 4663
4112
5995 4125
5951
163 163 163
4126
4112
2968 2944 4112 5951
4074
5951
163 163
167
163 5951
5952 2797 2459 4136 6163
4112
2968 5951
4101
2946
1547 3509 1685 3334 3898 1547 3343 3509 3275 5951 6895 1707 3379 2779
4125
5951
5952
5951 5625 4104
5952
5951
4125 5951
431 1389 921 1387 1120 1072
4126 6011
5952 4112
4112 5952 2968
188
5951
5952
5951
5468 6343 5940 3267 2369 6346 5951
2390 6365 5952
6015
5951 2362
2458 2368 5951
57
3638 5584 3307 2797
1531
2944
2369 2853 5952
5951
4125 4112 5951
4068
5951 2934
4112 4067
5951
5951
4126 4074
5951
5951 2972
1531
2956
2972
6732 3643 6727 3915 263
5951
890 1073
5951
5625 5951
4099 26 2325
666 2775
5951
2968 5951
4126
4112 5951
4128 1532 5952
4126
6668 6360 1532 2369
2972
4126
6340 5952
1532
5952
5951
4125
2968 2944 5845 1395 5952
5952
4127 5951
667 5631 500 608
4126 5952 4112
4440 6012 5951 6012 6012 4164 6012 2968
4112 5952
5952
4125 4112
4126 4126
4632 2194 2920 2922 2967 2965
2972 5952
4125
5952
5631 2797 5951 4112
16
5952 4112 2968 1531
5951
5951
4074 4126
4125 2956
4115
4126
2363 5845 5952
5951
2944
163
4126
5952 2968 2797 1760
4126 6185 5951
5952
5951
5952
5952
6346 2363
1622 1738 721
5952 3320 5828 3640 4663 2797
5360 163
5951
1547
5951
5951
4104
4136 4126 4126 6555
4126 5951
5645 3269 5952 4112 6971 3924
4135 5951
5631
4126 2797 6346 2968 5951
5952 2911 2913 3001 4112
2322 6722 2255 2320
4074
3510 263 3637 6410
5952
5952
5952 2458 2540 4112
2797 5952
2459 5951
4128
2369 408 4137
4128
4127
5951
2944 1816 1816 5517 4112 2926 5514 1816
5951 2956
4074 5951
5952 2972
5951
4125
163 163 2968 5951 5607 2459
4112
2369 1785 5951 5531 3766 1547 3752 1718 6367
5625 5941 1685 2296 5951 2681 4539 2296 4112 1685
4099
5952 6969 5625
5952 1682 4112 2965 3510
4074
4125
4112 4112
5640
5952
5951
5952
6855 5945 5951 5941 4430
5952
5952
2943 5951 2459
5951 5607 6015
1855 2797
4126
5951
4132
6689 2899
5951 2459 6014
4125
2540 5951
2972
4125
5951
5951
5952
5625 4126 5941 1538 5951
1
2944
5951
5952
5951
5951
4125
5951 5951
163 2458 5951 163 163 163
4125
5951 5625
2363
3962 5747 2362
4126 5952
5951 2224 5631 4136
4126 4112 5951
5951 4112
5951 6969 5623 5951
5610 4112 5625
4112 5951 4125
163
6740 1531 5952
5951 4534
2775 5951 4112 2773 5952 4112
4125 4112 5952 5623 5625
4112
169
4127
5951
2972 4074 5624 6969 2458 5952
3120 3885 2284 2317 5623 2769 6855
5951
2968 5951
5623 5625
4125 6185
4136
5951 4112
163
4125
2956
2944 5952 2944 4126
2362 6343
5945 6346
2968
4127
4126 4112 5952 4112 4112 4112
4136 4126
5845 4280 3056 3357
2633 26 4127 5952
2797
5951
4112 2797
5951
2968 5951
5951
2968 5951 5610 5625
2368
4125 6448
5951 4112
4112
5952
4125
6185 2968 4125
5806 5951 5806 4126
4126 4126
263 3120 3669
4125 5951
5951
4112 5952
4131 4125
2004
4136
5951
163
4126 6454 3416 4632 2920 2944 4136 6454 4126 6454 4112 2972 2920 4632
5951
4068
4074 4115
4125
263 6398 2835 5941 1388 1135 264 1132 263 5531 2835 6410 6320 263 2832 2275
5951
5952
5951
2773 2777 6792 2643 2767 4440 4126 4388 5913
4125
4125 5951
4112
4125
5951
4101
4126
5951
4127
4126 4126
5951
5951
5951 4112
4099
2920
5951
2968 5951
4125
5951
3875 3334 3275 3336
2912 2911 4112
5952 5577
5951
5951
4126 2968
4129 5952
5952
5623 5952 1707
2538 5607
5951
4125 5952 2968
5521 5723 4640 4136
4112 2540 5951
4126
5951
5951
1678
5951 2968 4112
5951 3408 3268
5951 1772
4127
5625 5951
5952
4126 5951
5951
1532 5952
5952 4112
4126
5952
4125 6185
2944
5952
5951 5625
4125
4112
4126
3338 2729 2325 4663 3391 3899 4218 2023 5606 341 3919 3414 6686 2326
2972 5625 5941
4112
5952
5951
5952
5951
4126
163 163
5951
2972
2961 1531
5952
5951
4437 3510
163 163
3509
6969 5531
163 163
4542
5951
2906 6710 6713
5951
5951
4112 6346 2968
5951
1532
5951
2506 4112 5952 2540 4112
2368 6346
5951
2528 5925 5951 5490 2631 3390
5951 1531 2968
5951 4112 4125 4112 1707 5607
5951
5952 4112
295
4126 5951 2480 2540
5951
2944
163
2968
82 5
5951
5951
4112 5952
5951 4136
5951
5952
4112 5952
5951 6969 5625
2968
4444
4126
4112 4112 2181
5951 4112
2944 5951
4126 6459 5951
6344 3881 2797 3882
4127
4129
1531
1716
2972 4137 4112
4136 2972 2972 4136
4126
5951 4112
4125
5952
1944
5952
5951 5951
5951
5631 5951 2473
5951
2797 5951
5952
4125 2968
4112 4125
4125
5951
2972
1532
4126
5952 1533 2968
4126
5952 1532 4112
5951 5625
3852
3509 5793 5951 2320
5951
2968
2968 5952
5952 2466 2459
2545
4126 5952
163
4125
4130 4099 4130 4099
5952
5951
4136
2968 5951
5951
4126 6185
4112 4112
2797 5951 4126 5952 4112
4125 4112 5952
4125 5951 4112
5951
4126 4136
3421 5607 3382 3267 5952 4112 4383 2237 5929 3338
5952
4112 5952
5951 5608
163 163
5951 5952
5951 2797
2970 4125
5951
4125
5929 5952
5952
5951
5952
5951 4112
264 891 886 1400 1135
5951
4125
4070
2972 4112 5951
5952 4112
4125 4125
5951
4126 5951
2968 5952
5952 5625
2972 5951
3707
2944
5952 2797 2968 6346
5951 4112
5951
4112
4125
4125
4112 4112
5951
5952
5951 4112
5951 10 5951 3509 10 3510 10 3509 10
5951
5952
5561 2910
1538 5951
4125
4112
5952 1538
5951
4136 5952
4125
6185 4125
4126 4112
2972
5952
3906 3436 3881
4084 2578 3343 2601
5951
5951 4112
61 5951 5625 2972 163
167 5951
5625 5951
4125
5951
5952
4112
4112
4126 4125 4112
1491 5951 1400 1513 1470 1473
4136
2946
163
4126
6971
2972
4136 4112
5952
4125
4125
5951
5951
6969 5952 2540
5951
5952
5625 5951
5951
4125
1493 263 1517 1466 1474
4131
2972
3937 3696 3757 263 3758 6012 263 3892 263 3752 3274 3892 263
545 666 699 1738 1738 608 674 509 1167
263 1715 4533
163
4125
5951
5951
4128
5951
4112
4125
2249 263 1751 1698 1987 2369 263 1698 6014 1751 1987
5951 2968
4125
163
431 264 891
5951 5625 5951
2968
4112 5952 3106 5515 6796
4125 4112 5952
4126
1699
5951
891 431 890 263
5951
285 4112
4127 4130
5951
4112
5952
4112 2944 4074 4129
5951 4112
163 163
3317 5750 2240 3960
3506
2968 4132 5952
4132 5951 4132 4112 2368 4112
2972
5951
2972
5951
3379 6989
4126 4291 2333 3292
4129
2857 2224
2968 5952
5952 2968
6701 5951
5952
2968
5952
6293 2944 4112
3786 3964 263 3964 2369 3889 1547 263 3049 263 4720 3900 263 4718 4905
1674 144 5962 161
4126 4112
4125
4112 2968
4074 4126
4125
6969 5951
4099 6985 3298 5324 5839
5607
4125 5951
5951 4112
4125
163
1117 1072 996
5951 2972
4126
5951
5952
4136 4112
5951
163
5929 5952
4128
4112 5951 3877 5929 5637
5951
5951
4112
5628
5952
4136 2946
5952 1538
264 890 431
5344
3292 3312 6722
4126 5951
4065 4112 5951
5952
5806 2362 263 2481
5952
3819 3814 2911 2944 2185 4112 4112 5952
5827 4087 2480
5531 5951
4127
5951 5625 4112
4074
6346 5951 1538
5951
408
5952
4103
4126
5951
4125
2833 5801 5951 4112 4112 4112 4112
5952
5951
5951
4264 2635 3260 5807
5952
4137 5952
5951 2797 5951
5951
1538 5951
5952
5952 4126 2480
2949 2972 4126
5951
4112 4112
4125 4112 6969 5625 5952
4125 4125
4126
4112 4067
5951
2147 2899 5951 4112
5951 5951
5952
5951
4132
1538 5951
4126
5952 1668 2943
5951
5951 5608
2368 6723 4438 3520 5607
3692 1547 5663 6855 3509 5645 2343 3274 5625 6346
2797 2368 5952 4112
5952 2968
5951 2968
4129 5951 4128
5951
231 4136 4112 4112
2984
5952
3510 5951 2459
263 5749 4898
5625 5951
2913
5951
163
4074
5952 4112
5951 4125 4125
1872
5952
5951
1615 1868 610 5951 2211 682 1855 720 1615 2211 1855 674 1304 1262 1738 1358 394 373
4099
5951
5952
4112 5951
4126 2956 5951 2968
2797 4112 2776
2968 5951
5951
5952
2797 2458 5952 1812 1797 2944 5952 2967 2965 1797 2325 2325 1797
5951 5450
2769 2773 5951 4112
5951
5952 6533 4125
285
4135 4132
2968 5951
5951
4115
4112 4112
4112
4126 4115
1622 1738
5952
5951 5625
4126
5952 4112
4112
2972
2191 2968
2968
5951
4125
4112
1531 4112 2797 5606 2755
4129 2147
5951
5951 4126
5951
5952
5951 5625
4112
163 163
2968 5952
3273 2839 5952
5952 5531 2458
5951
2972
4125
4112
5951 2797
2934 2932
5951
4049 5951 4112
3639 263 3900 263 5663 3639 5827
4126 4125
4092 2966
3309 5951 2322
431 890 2584 5828 2249 263
1931
4112
4125
2225 5607 4125
2968 5952 4112
5951
4125
5952
533 720 3510 543 1848 1885 533 507 602 1862 689 677 263 1672 1868 1164 602 1164 709 1615 529
4126 4126
5952 2458
5951
5951
2458
1785 6013 263 2855
6969 5952 5952
884
5951
5951
5951
4112
5952
104 104 104
1532
5951
2181 5952
4125
6185 4125
5952
24
2968
5951
1531 2047
2944
5952
5951
2968 5951 608
4125
5951
4112 5952
2968 5952
5625 5951
4112
4136
4129 2968 4112
5952
5951 4112
4126
3275 5616 1728
6346
4126 2944
5951
2949 2968 5951
5951 4112
5952
4126
5623 5951 1724
5951
264 891 1394 1703 264
4125
5952 4112
5952
5951
5952
2944 5304 2362 4691 2968
5951
1533
1868 500 1885 642 263 2590 2547 263 2586 2369
2764 2768
5951
5952
1738 1850 5951
5951
5951
2820 2216
163
5951 6716
2968
6346 5951 1760
4126
4125
3509
5945 5951
5951
5951 5625 5941
1531 2968
5951
4112 5625 5951
5951 5623
5952
5951
5951 4112
4125
4125 2968
4125 4112
2972
4115
2368 6346 5951
5951
5952 4127
5951 5625 5941
4129
163
5951 4112
5951 5941 5625
4127
428
5741 5741
5951
4074
5951
4112
5951
2968
163 5941 2461
5951
5951
5951
5625 5607
4126
5951
5952
5402 5925 2374
1531
4127
263 2834 6346 2225 263 6988 2225 6346 2216 6410 263 4401 6343 5875 263 6346 263 4426 4731 2839 2216 6365 263 2851 5845 1395 263
5951
4126 6555
5951 2968
5952 2528 2461
5625 5951
5951 688 460 510 4136 475 688 502 5952 475 699 502
2954
4136 4112
5951 2968
2458
4136 5951
4112
5952
5951 4104
5530
2972
4126 5952 4112
5750 6299
4112 5951
5951
5951 2458
5951
5951
6969 5631 5951
5952
4112 5951
57 63 63 57 63 57
2968 5951 5929 6013 1726
5951
5951 5625 5625
5951
6283
5951
4136
2843 6722 2968 5952 4112 4112
5951 2540 2506
4126 4074 4112
4112
4125
2968 2289
4126
4074
5951 2497 2496
4125
1740 693 686 1669 718 1868 1871
5951 4112 5623 2968 2461 4125
4112 4112 4112 1533
5827 3878
5952 2968 3509
4125
2968
2956
5951
3944 5951 3881
3898 5844
2956
2972 2956
2972
163 2968 5951 6346 5625
4125 1531 6014 1707
2797 5951 5951
5951 5625
5951
4126 5951
6972
5951
5951
5952
4125 5468 3077 418 6690
6247 5606 5969
4125
6573 1531
5951
5952
5952
2899 5951 1837 4112 5951
5951 4455
4074
5952
4125
5952
5952 5625 5952 4112
5951
2972
2631 5627 2458
4126
5951 5625 5941
3423 2825 3510 3076 4266 3423 4266 3320 3076 3510 2631 5634 3423 3510 4112 4030 4030 1531 4030 3510 5941 2906 2972 6969 4030 3320 2635 3076
5951
5951 5608 4074
5951
4125 5607 5951
5951
5951
2970 2972 5867
263 4357 6372 263 3671 3672 4339 263 263 3672
419 5951
2956 4273
4126
5951
5952
6343 2540 163
4694
5607 1531 4112
5951
2262 2650 4898
163 163
5951 4112
2496 2797 3509
4137 502 509 460 699 6969 5951 600 502 602 509 699 460 502 699 4112 720 699 475 3307 3307
5929 6342 6565 1531
5952 2644
2956
2545 3889
4125
5952 5623 2766 163
2968 4125
2968
5951 4112
3307 5606 5471 3890 2855
1992 1991 2368 2972
5952
2972
4112 4126
163
4125
163 163 2769 2797 163
263 3558 1840 3889
4126 5952 2797 2779
5951 5951
2918 2906 2466 2926 4126
5951
163 2797 5952 6182 1531
2797 5951 163
5951
2369 5531 5941
4119
5952
5951 5951 2776 4898 4717 2381 4899
4137 2972 5952 24 2972
4126 5951
4074 2944
4126 4125
2968
5951
4126
5952 4126 5951 4112 6346 4112
6976
5951
1531
2369
163 163 163 5951 163 163
5952
4125
5980
2540 5925 5925 2538
2968
5951 5625 5941 4104 4696
5951
4126 6454
2458
5625 4112 1846 5951
5951
5951
547 642 681 476 263 263 4420 5532 3647 2363 263 2773 4420
2643
5951 6702
5952
5951 2968
5952
163 163 163
3878 3922 4263 2317 2968 6855 263
2458 5941 6346
5952
5951 4112
5951
4125 6011 2972 2968 4112
5952
5951 2968
4125
2225 5929 4112 5951
2
4125 4125
6185 4136 2496 5951 2461
4126 5951
2972
2547 5640 263 890 1157 891
5951
2769 263 4218 2797 263 2797 2762 2779 2631 163 2773 2631 4663 263 2775 3269 2797 5607 3922
163 163
2968 4125 5952
2968 4112
2968
5952
5952
5925
5951 2456 5631
5951
2480
263 6985 2628 4280 6367 5246 5475 3049 2390 3049 891 2375 1393 6985 2839 1547 263 6727 6732 5952 5951 2644 5620 1792 1767 5326 5827 5664 263 2884 6370 3278 3644 4420 3643 263 6367 2839 2820
5952 2538 2458
2901 2946 6676 6796 6014
163
4125 2968 5951
5951
4125
4112
2641 2675
5951
1170 432 1171 1212
5952
4632 4136 4632 6971 5752 1801 5627 2368 4632 1533 5951 6978 4632 2368 4112 4632 4136 4112 4632
2946
2956
3914 2633 263 2362
2944 4125
4112 5951 4112
4132
1915 5951
3899 1538
5952
5951
163
5532 5826 4010 3299 3647 5623 5951 2540
1759 2365 5951
645 2857 2483 608
2956 4112
2972
2524
4438 3264
5951 6555 4126 5941 6343
2966
5951
4126
5625 5951 6971
4112
4437 1532 6597
688 503 1855
6722 6320
4125 4099
1162 1120 1076 1119 1389 1046
4127
2635 2528 2540 3138
2180 2972
5625 2368 5951
5801 3412
5951 2968
4126
4126
2797 5952
3270 3874 2797
4074
5951 2968
4126
2545 6289
4125
2944
4075
2972
5951 2458 2528
23 285
163
6615 1531
4433
4136 4112
2459
4136
4125
6499 4125
5951
2943
4126
6924
2972
6691
4128
4125
721 1533 6069
4125 5951
1801 2628 1803 1802
163 163
4125
5952
5952
4074 4074 4074
2968
2972
264 1622 1890 1862
4125
4438 1726 5642
4125
1532 5951 1703
4125
4126
5625 1846 5951
5951 2968
4126
5952
4126
4125
163 4074
2972 4136 2922 2966 2967
98 117
4125
6346 5625 5952
5952
5952 2972
4125 5951
5952 4112 4112
2209 2369 5952
5952 4112
163
4280 6299 3030 1547 5431 5945 2727 3529 3436 6974 5811 2624 5802 6972 4663 4304 163
2968 4112
2337
4074
5951 4112
5952
5951
2220 2587 1547 6307 6308 5940
2224 5829 5644 6346 5951
5951
263 4844 263 716 1077 1037 1113 1162
6343 2368 2088 2249
4126
4125
5951
4126 2968 5951
163
4098
4131 1707
2797
4125
2777
2362 2853 5633
4126
5951
5951 2968
5951
3957
4126 2968
5807
5951
5951
4127
163
4126 4125 6346
5951
4136
4125 5952
2725 3716 3744 3717 3649 5875 3737 2563 163 1547 3649 6792 3716 1547 263 5344 5378
2972
4125
5952 6969 3510 1533 6569
5951
4125
5952
5630 263
5951
163 5951 163 163
4128
2756 2367 3298 1698
6376 1796
4128
4125
6970
6016 2633 5951 5806 3324
5951
5951
2972
2764 3318 2649 3743
5951 4112
4137 5951
693 1737 1622 721
5951 4074 4074
6969 163 5952
5952
5952
4136
3509 2368
5952 2968
5952 4126 5952
2631 3762 6971 263 1829
602 512 1738 674 263
5951
4112
6538 4125
163 5951
5951
4112
13
3701
5951 1526 5625
163 5952 163 2968 163
5952
5740 263 1683 263 3001 263 1986 5740 5625 3922 263 3001 2540 5616 5925 3510 3255 263 3922 5952 263 5951 263 5616 2545 3622 3318 263 5616 263 5525 2643 3922 263 2643 3922 263
3307 3881 3305 5607 5952 3894 1547 4664 3952 3906 3932 3881
163 163 163
2819 1704 2826 6989
1785 1843
1193 1220 263 1177 6239 3350 263 1771 1225 1175 263 3297 263
4112 5951
5951
4125
4805
5952
3706 26 2570
5951
1717 1706 6969 2322 6247
5952
6969 5952
4126 1531
4127 5952
5952 4112
3030 3376 5951
285
5952
5951
163
263 4372 6377
2940
4126
5952
5951
5929 5951
4112 4112
6346 5952 4112
3622 6356 263 6792 1622 545 500 1164 548 5925 2643 263
2968
4125 6533
5951
5765 3320 1757
2368 2375
3494
4126
4126
5951
5951
4112
6961 5952
5951
5951 5625
4131
4125
6732 5951 6732 2538 5951
5951
5951 5607
6346
4131
5952 4112
4074
6980 1077 3274 5938 431
1538
4125
5952
4127
4125
2369 6970
2972 4112
5951
4128
2901 3810 2902
3921 3719 3752 3720 3278 2769 2817
3033 3033 6410 3012 6377
5951 2540
5951
5951
4074 5951 4074
4132
1717 5952
2540 5625
341 3717 3261
4112
5951 4112 4112
3269 7024 3268
5951
2946 5952
5752 5606 2382 2325
3298 5801
2968 5951 608
4562
3873 3877
5475 3268 3878 3881 2769 5607 2362 3757 3907 2631 2855
3408
5951
2908 5952 2903
3747 3642
5951
5952
4126
602 674 1885
4125 5952 4112
5951
2946
4112 4136
1785
5951
5951
5951
4126 5951
4112
4112
2968
4125
4115
5951
5952
163
4125 4099
6722 2440 4222 6722
5952 5625 2461
285 5623 2523
5952
5951
5951
3510
2968 5607 2224
5951
4125
5951 3881 4511 3270 3643
4130 4135
6972 6855
2769 6365 3756 2363
5951 5945 2797
4125 5951 2968
5951 4112
2767 5951 5531
5951
5951
5951 2542 2546 2466 2546
5949
5952
1 1
204 204
5951
4131 5951
5951
4125
4131
4112
4126
5951
6046 1533
4090
5951
2972
4074
4129
6289 5827 5750 5328 2649 6346
2968
408 232
5952 2503 2459 2968
4112 4112
5952 4136
4126
5952
5951
998 1037 1076 431 1111
4126
4126
4126 6454
4125
4112
3376 2130 3647 3696
2459 5952 4112
4126
699 709 521 1855 686
2944 5951 4112
1738 3559 5952
2623 3278 3961
5951
5951
5951 6383
5952
5952
5952
4129
5952 163
4074
5951
4126 5952 2224 5625 5952 4112
5951 4125 2972 4112
2943
5952 6970 1836
5951
2968 5952
4129
4125
5952
4112 2225 1760 4112 4125 4099
1531
5952
5951 4112
2884 3423 3261 2362 2023
4112 5951
5754 5754 5754 5754 5754 1832 3391 2631
1944
3060 2925 6341 3006 2910 3115 3035 6407 2578 2930 3060 2943 2966 2911 4126
4126 4112 6346 5951
5952 5951
5951
1751
5952
264 1388 431 886 1073 1111 987 263 4593 4609 4588
1738 1622
263 2855 3959 263 6723
5951
5952
4126
5952
5951
5952
5951
5951
5951
5951
283 2363
2944
5951 2968
3771 5772 6012 263
3405 3623 6320 263 263 2884 3310 5616 2851 263 3338 3424 3205 263 1547 263 5246 3391 2643 2216 5810 6346 263 3543 2643 6299 263 3889 4717 263 263 3876 2756 1748 263 2884 6722 3086 2997 1398 892 1379 1375 1377 890 891 1378
2966 4136 5952
5951 5625
6294 4164
2980 2737
4125
4112
4127
4112
5951
4069
1532 6147
163
5951
1538
5951
4136
2968
5951 3148 6972 3420
2965 5951
2368
4696
4126 5952 4126 2369 4126
1871 5945
641
5951 5625 5941 2968
4126
4103 1699
3436 3889
5951
1531
4125 4125 4125 4125 4125
5951
643
4908 3877 2368 3886 2369 2369 3881 2972
5951
5951
4136 4074 2972 2968 4112 4112 4112 4112 4112
5951 4126
1538
5951
5840 5952 2602
4126
5952
2182
5951 5625 2797
2972 5951
5952
5952
5951 4112
3959 6392 2806 3334 4112
5952 4126
5951
5951
5951
5952
2369 6346
4119
4126 4125 4130 4135
5951 5941 6796 5491
4101 2363
4125
5951
5951 6969 5625 2968
5951
4127
6969 5951
2528 1538 2797
3892 2382 2229 4898 4716 3882 2262 2650 2320
4099
5335 3334 2368
4126
4125 4112
4136
4112
3431 5951
5951
5951 5625
5951
228
2968
5951
6690 5540
5951
1757 1668
4112 5952
5765 5925 4663
4112 5952
6346 5952
693 1622 1738 1740
5951
5951
4125 4112
3719 2754 3924 2326 3265 682 720 610 5951
5952
3682 4588
4126 5952
5952 4112
4131
5625 5951
4112
5952
4074 5951 2968 4112 5550 389 1825 396 5625 2480
4126 1710 5634 1669 721 693 1681 2972 4085
4081
1369 1309 373 394 1269 1278 1367 1882 1315
6454 4126
1967
5951
4127
5951
5951
5952
5952
2968
5644
5951
2797 5399
5951
4074
600 507 684 5940 5951 6346 2968
2972
6454 4136 4112
5951
4126
2797
2776
2968
5951 5951
5951
4125
5952
5952
4099 4099
6969 3877 3509
2972
4125
4129
4125
5951
5951
4112 6969 5952
4126
4125 5952 4112
5952 4112 4112
6346 2797 5951
3922 3510 2349 2773
5952
5952
163
5951
3259 1855 5952 1669 3278 3275 1669
48 34 29 65
5951
2369 4806 5531 6014
2369 4126 5951 4125
5951
4127 4130
4125
1538
4112 5951 6969 2458
2776 5952 2779
2968 5951
5951 2509 5625
5951
5952
5951
5952 6673 4101 4126 6303 4132
2968
5951 4112 5631 5929
5952
4112
5951
6989 5531 2944 2333 6013
5952
3889 263 3647 5925 3647 263 2216
5951
4125
5951
4112
5952
5952
163
4125
2464 2461 5951
5951
4126
163 163
4126
5951
5823 5823
5951 2835 4112
4132 4131 6969 4131
5608 2968
4101
1862 1538 1862 1862
2456
4125
4129
4125 5995 4125
2134 6715 5951
5951 4112 1760 2496 4112
6969 6346
3509 1703 6014 408 3509
5951 2363 4112
5952
2944 2972
2968 2224 263 5770 2337
2972 5951
5951 5631 1703
4136
4125
5952 2972
4112 5951
2374 1724 6722 263 1547
5952 4112 2203 4112
2634 1547 5925 2871 263 3656 4631 4439 263 5581 3656 2871 2869 4439 431 1146 263 5925 2634 2871 4439 2869 1400 431 2871 263 5925 2634 1547 4631 3656 2769 263 5925 2871 2634 3656 263 2871 2634 5581 4631 2634 2871 2634 5925 263 3510 263 2871 2634 5913 2870 431 890
4125 4125
2202 6980 5772 6972
5952
5951
5951
4125
5951
4112 5951
2643 4440
5951
1615 1862 473 682
4084 2944 521 689 1738 1855 5951 2968
4112 5951
5951
264 431 891
2968 5951
5951
4127
5952
4126
3334 2754 1716
5951
4112
5951
2949 431 1378
4280
5633 2972 5607 5951 5633 2972 5607
5951
4136
1760 5952 6015
5952
5951
1750 4137 1745
5952 5530 5620 5620 5530 4074
692 500 1738 263 639
5951
5624 5952
5951
4125
4125
5951 5952
5951
5951
2911
4112 1531
2968 5951
3869
4073
1531
5951
5951 2968
2363 2363
5951
2797 5951 2968
5951
4126
4125
5517 2972
2369 5746 4663 5792 3298 4074
4125
5952
402 2369
4129
5951 4112
2250 1862 5952
5952
5951
5951
4126
4844
5951
4126
163
4125 4112
4908 4905
203
5951
4125
4126
5951 2503 2524
2968
5952
5952
5952
2944
4112
5952 6969
1885 689 533 701 608 639 1853 5844 688 607 545
4126
4112
5644 263 263 2817 2628 3882
5929 4111 5952
4112
2363 3264 3299 2631 3878 2754 3742 4263 4618
4125 2598 3697 2392 4539 2546 2404 5925 4216 5796 3171 2628
5951 2540 6346
4130 2967 4135 4132 1820
4112 4112
2968 5951
5952
5952
2972
6978 6287 6972 3324
5951
2968 5951
4125
2956
5951
4126
6346 4112 5951 6855
2968
78 63
4112
4218 3899 3131
5952
3509
5744 5745 605 5952 682 2642 544 645 1353 1265
4125
1532 5952 4125 5952 2968 4125
5952 4074 4074 4074
4126
163 163 163 163 163 163
5952 4128
5531 2797 5951
2972
2857 5655
2368 2458
5951
163 163 163 163 5952 163 6014 5531
4136 2369 2458 4119
3520 6366
5951
4112 5951
163
5952
5941
5951
4443
2944 4112
2696
5951 1720 2645 2631
4112
1846 4126
1119 1075 1388 264 431 3922 3890 2375 263 1075 263 1119 1388 1394 263 3347 3875 1075 955 1119 1394 264 970 970 1075 1119 1388 1394 264 2263 2762 263 3880 5980 3269 263
4112
5952
2369
2919
4125
5951
3371 2374 4898 1547 1726 1728 2089 5952
4
5951 4542 5951
5951 4126
5952
3510
2797
5951 5951
4126
285 4125
5951 2968 4112
5951
5952
2180
3510 3914 5952
2972 2972
4112
2369 5610 5951 4126
163 5951 5625 163
5952 4112
1077 431 264 1076 1131 431 1131 264 1077 1074 2857 5913 2374
2797 263 6395 5624
5951
4074 163
5951
5951
5951
4112
5951
2972
5952 4112
4130 2970 4132 5952 4130 4103 2972 1538 4103 4130 2972 4112 4132 4130 4130 4132
1726
4112
4112 5951
3809 5952 4273
5951
5625 5607 4112
5951
5951
5951
2797 3268 1547 263 2754
5951
1532
1115 1076 1387 1391 1000 1128 1072 1120 1073 1390 1110 5951
4125
5951 2775 2797
219
5951
4125
5522 6666 3298 4905 5952
5482 1776 2797
2369 5827 6369 5531
4542
2466 5952 3267 2754 2968
6855 2368
5631
5945 5625 5952
4126 5952
2631 2779 5951 5805
4112 4112 4112
5952
5952
4440 5335 6668 6402 6343 2211 5845 4439
3744 3882 4223 3309 3890 3299 4303 2229 4664 2665
4126
5952 2797
5952
3737 269 3744 3060 3637 3716 1547 5839 5840 5844 2398 3638 6320 2401 263 1547 2398 4420 4523 5376 2401 3775 1547 341 3773 3922 3775 1547
2956 4128 5951
4112
5925 5951 4125
6727 263 3543 1547 5752 6729 6732 263 1547 6727
5951
4132
4112 4129
5952
4125 4125
2972 2972 5951
5530
6433 1533
6014 5925 5951
2775 5951
5951
5952
1846 1846 5951 2968 5625
5951 4112
263 1547 2773
5951
4126
4112
4112
5625 5951
2968
4125
2867 4280 5951
3656 5344 3637 5941 2641 263 2642 2483 5941 6990 1547
5951
4125
5951 2690 4130
4125
2968 5951
4135
3261 3721 1547 163 2363 1547 3423 3727 2839 2825 1547 2261 2393 3649 2363 3137 3903
2972
5951
2458 6346 5951
4126
4126
4121 5951
2968 5951
163
4112
2241 3509 5431 3204 3265 4126 2944
64
5951 1538 5951
5952
163 5951
2946
4126 4125
5951
4132
5951 5951
4126 375 5951 3510 2633
5625 5951
5625 6969 5951
4126
6320 4631 263 3037 3037 4631 263 4420 263 2851 6729 5913 2651 2759 263
263 5845 3655 5740 263 5741 3656 3921 1547 2755 3209 263 2216 263 2807 5326 2216 263 3263 6980 1992 263 6985 4718 5326 5326 6986 263 5335 5845 2797 263 5326
2968 5951
5951 3656
2972
6501 4125
2972
2565 1759
6969 2461
4125
5952 4112
5951 5625
4126
6259 2151 2926 2177 5853
5952
5952
5951
3280 2754
4136
5951
5952
4420 1547 263 263 6792 6344 6398 510 1672 1164 1875 2643 5925 263 3037 5475 263 6344 6792 1547 263 1672 1885 1164 545 263 6344 4440 5925 1875 1850 1672 263 1164 1885 2635 263 6344 6377 6792 3424 263 1835 1547 263 5925 5913 4420 2839 263 2369
4434
4126
2943
4112
2820 5246 6855 263 2820 2643 263 2643 263 1726 2826 3986 263 3263 2797 263 3334 263 2214 2643
163
5951
5951
4129
5951 2502 2458
4112 5951 5625 5941
3510
5951
5952
5951 4112 2968
3334 5607 5952
5951
5925 6336 2590 2502
4126
4112
5629 350
4136
163
5951
4228 1147 955 1394
2944
5951
5951 5925
4126
2984
3719 3261
4126
2965 5607
4126 3877 5941 702 2773 448 5941 3643 3261 6979 1826 3510 3878 390 2773 5951
4112 5951
4126
4126
5951
4126 2972
4115 4112 4112
163 6969 163 163
5951
163 5951 5625 6346
4126 4125 5951
2972
5626
4130
4126
5978 6668
5952 5952
4127
2946 5951
4128 2972
4125
2550 2506 2551 2546
6069 1533 5625 5952 6346
5951 2972
5951
5951
4074
4074 4074 2972
2944
2968 5951
5951
4125 5952
4112
5951
1533
300
4125 4104
5740 263 6385 2207 263 3647 5740 263 5951 5740 6320 5951 263 6320 5740 263 6344 5740 3437 6398 5844 263 2207 6320 2021 5875 263 2855 3297 263 2207 6320 2207 263 5740 5624 2855 2207 263
5951
4128
1757
5951
263 1547 4401 6985 3921
5951 2968 2227 3372 1748 5748 3209
4126 5951
4128
5952
5952 4126
263 3622 3423 431 431 5845 3622 3423 263 5308 3623 3952 263 1547 5925 2851 2528 2527 1394 3623 3622 263 4594 431 4594 431
5952
1907
2372 2373 5925 4222 5951 5607 6969
4126
5941
4125 6445 4125 6445 4126
1531
1792 2873
4129
4126
5952
5952 2968
4215 4217 1547 2832 263
5951
5951
2968
4074 5951 5941
5951
3878 3510 2207 1853 1760
163
4112
5951
5951
6410 6969 263 3404 2369 6969 263 3420 5827 2820 2851 4631 263 691 503 1850 1672 263 1726 5827 6398 6969 263
263 2202 5581 5829 263 6336 1615 1164 263 2727 2643 263 2298 5929 263 1547 2997
1538 1538
2944
3882 5765 2665 2797 3914 2230 5324 2236 2245 1779
2368
5951
5951
5951
4129
4126 4125
5952
5952
5951
5951
5952
6364
5951
5941
2363
5951
5111 2972
1842
4126
4437 5606
5951
4112 4126
5951 2968
2956 2944
2546
67
4125 5952
5952 4074
5952 4126
2220 263 6972 1785 263 2337 2220
5952
4125
6014 2777
5625 5951 4694
4126 5951 4112
4126
2584
5951
3717 3137 1547 2446 3137 2817 3924 3716 263 6946 1547 2447 2445 3030 3873 263 3510 2729 3049 2251 3640 263 3716 2262 3730 1547
5952
2968 5952
5951 4062
5952
4125
5951 5994 1531 4135 4131
263 2643 4439 1615 1164 709 1738 1672 2756 6988 263 6355 1547 5740 5475 6969 263 2643 263 5913 2968 263 1547 5913 5925
4125 2968 4099
163
163 163
4136
3813 3818 4126 2918
5951
1144 1677
2369 3338 6855 263
5951
5952
3559
163
163
2968
2968
4126
4126 2952 2972 4126 2972
2968 5951
23
4063 5951 4132
163
4125
6313 1774 6969 263
4078
5801 4125
2538 2466 2540 2540 263
4125
2972
5763
4136
2906
3656 3509 2756 2832
3275 1548 3274 3298 3321 5796 6722 2762 3320
4126
600
3877 3907 4218 4264 6012 2628 6855 3898
4125
2366 263 5875 5475 5842
4103
5624 263 3875 5650 1801 263
163 163 163
163
1
163
4136
4125
2972 4074
4125
5913 2643 263 6336 263 6410 2632 5913 4371 2997 5606 263 5475 263 2643 3086 3261 263 6986 3924 1547 3437 263 1801 2851 6668
88 62
163
4136
5875 2744 1795
1992 5710
3274 3317 2369
1533 163 163
4125
2948
4074
1533 1549 1563 1564 1552 2797 1559 3408 1551 6723 5929
4128
1532
1532
4112
4125 2944
1987 6336 3066 3694 3165 2391 3004 2744 2230 6341 2764 3062 1818 4474 5980 3120 3030 3171 1215 713 1187 707 493 1771 1192 1226
1155 890 264
163
4099 4130
263 5622 3274 5650 263 1801
4074 4074
4126 2972
6990
4136 4136
4126
263 3509 3655
4126 2899 2901
4127
3899 2326 3510 3898 1533 6481 3650
4126
1531
4126
6236 5339
163 163 163 163 163
2972 4129
4129
4126 1532
6341 3037 277
2956 2946
4127 4127
2797 6986 6988 5747
4053 4093
4126
4125
63
4126
6969 3640 3558 3510 4720 3558 3560 263 5842
5951
3510 3275 3922 3924 3763 277
1776 2755 6850
285
396 1825 5550 389 6690 2665 3274 3653 2317 6926 3273 3882 6912 3024 3881 3644 6687
163 163 163
4099
6723 2363 1683
6701
4126
163
5626 4218 3899 716 2325
4127
2972
2362 5640 263 3882 1760 263 3932
4074 4074
1738
4125
4074
4074
