4142
4919
4142
4112 4921
4142
4919 2968
4920 1846 4104 1846
2797 2320 5531 3882
2363 4631 3907
4920
4125 4142
4919
2884
4919
4099
2934
4143
4143 4125
4143
431 1162 1378 890
4921
4125
4921
4126
4142
4143
4920 163 163
5913 4919
4920
1538 4143 163 163 4142
4101
4920
4126
4142
4128
3510 2627 5631
4142
4920
4143
4142
4920
2381 3882 2756 3881 6969 5471
163 163
4142
4143
4921
4112
4921
1695
4921
2968 4921
5740 5325 5828
4920
4920
4921
163 163 163
4142
4143
4920
11 81 138 4143
4128 4919
2911 2972 6261
4919
4126 4074
6570 1531 5086
4920
4142
2948 4065 2972
4920 5450
4125 4143
4136 2944 2944
4142
4920
4263 282 2797 1703 1547 3275 3875 5752 1760 6336 2825 3878
2968 7345
4143 5829
4921
4142
4143 2944
4137
4143 4440 1853 163 1538 163
4143
4143
6 6
4099 4142 4099
4919
4143
4921 163
4143
4126 4920
4112
277 2764 3341 2362
4142 2943 4126
641 709 682 4126 510 607 5468 682 5468 642 682 709 642 682 709 4126 642 5471 1615 682
4143
4142
4126
431 995 1391 4919
4142
4919
542 1701 544 533 686
4921
4126 6461
4126
4142
4919
2944
4921
4142
4142
4919 4126
4919
4921
2968 4919
4921
4142
4142
2972
163 4921 1538
4142
4919
4919 4142
4919
3869
4920
4920
4921
4143
4919
4921
4920 2968
4920
4125 4142
6722 6722 5827 6722 2250 5339 2237 608
4142
4921
4136
4920 2968
4142
4919
4919
4142 1622 2817 1669 721 1702
6176 4125
4136 4142
4142
4921
4143
163 4142 1538 163 1538 163 1538
4921 4125
4143 4112
4142
4143 4126
4126
4919
4070 2956 4143
4143
2944 4143
4126 2968 4142
4142
4064
4142
5929 3961 1855
4142
4142 1795 1797
500 1738 686 475
4920
4112 4921
4126
4126
4143 163
4142
4921
4920
4074
4921
4920
4920
4126
4919
4125 4099
4921
4143
4142
4920 1980
4127 4143
3822 1760 4136 2944 2911
4921
4921
4142 3494
4143 4074
4143
4127 2968
1728 1732 4143 1791
4920 4143 4074
4136 4143 4136 4136 4126 4136 4136 4136
4125
4919
4921
163 4126
4142
4920
4921 203 203
4125 4920
4921
4142
4143
3649 1533 6596 4143
20
4469 4919
4125 4919
263 2369 3753 3753 2369 263
1785 2211
4126 4921
6013
4919
2968 4921
2797 4143
4920 4128
4142
4074 4143
4921
163
4920
4132
4921 163
4921 4112
4920
57
4921
4126
4142
1538
4136
4143 4136 4112
4919
4143
4143 4125
4142
4921
4921
4125
4142
4920
4920
276 6800 6969
4921
4921
4126 2972
4142
4919
4142 373 1281 1738 1330 1370 700 1853 1738 509
4142 4921
163 4919 163 163 163
4129
4136 2972 4112 4112 4142
4920
4921
4126
4129 4919
4920
4920
4143
3719 3720 3267 3759
2319 3024 4126 4919
4125 4919
4112
4142
4125 4142
4919
4142
228
4921
2972 2972
4143
4142 4074
4125
4920
4919
4112 4126
4099 4099
4142
1862 2944 2319 4125 4920 1599 1595 1602 1597 6906 2363 2873 1862 1855 1862 2369
4919 4126
4126 6454
4126
2765
163 4143
4921 4126
4921
2972
4143
4125 4921
4143
4921
4142
4920
4142
4920
2362 3878 3922
4112 4920
163
4112 2968
4112 4920
4125
4143
4921
4112 4920 4112
6454 4125
4921
1532 6630 4142
4112
1547 3201 2665 3952 3877 3420 3891 2777 3881
1786 1707
4143
4919
4143
188 57
5607 7183 3751
4919
4920 4142
4143 4112
4126 4919
4920 4112
2968
4074
3510
4920
163 163
4919
4143 4125 4074
4921
4090 4921 2953 4074
4921
4126
1
2943
4218 6969 1708 1829
4919
4112
6555 4136
4921
4920
4142
4920
1738 1850 1166
163 4143 1538
4142
163 4125
4921
4919 4126 2972
4126
4126
4920 4104
4919
4142
3334 2263 2326
4136 6178
4125 4143
4921 1538
4126
3334
4125 4143
4921
4125 4143
408
1531 4142
4921
4125
4143
4921
4920
4143
4920
4143 4126
4143
4125
5941
2968
4921
4143
4920
2317
4920
3338 2826 1547 5952 2773 4143 1219 1196 1208 1167 5531 5952 2214
4143 4125
2965 2922 3829
4074 4143
4142 4131
2363 4921
4143
4128
4142
4919
6855 5969 3278 4143 2362 1547
4142 4112
4142 3510 2948 6969
4921
4126
4125
4112
4143
4143
418 1671
4143 4919 6012 2644 2461 2972
2506 2968
3340 4434
4074 4921
4128 3668 2911 2944 2912
4921
4143
4125 4112 2968
4137 4143
4919
4101
4921 4126
4919
4143 2956
4142 1533 6069
4919
4142
4919 2968
4920 4921
4920
4143
2429
4142 2968
4921
2934
4142 4112 4126
4919
4126
4142
4921
2817
4919 4126
4142
4143
4919
4143
4920
4142
4142
4136
4125 4143
4142
4125
4143
4142
4919 163 163
4142
4142 4112
4921
4143 2325 2382
4921
4919
2972 4126
4921
4143
4143 4125
4126
4126 2944
5806 502 5624 2497 509
62
4920
4112
2180
4921
3874 3558 4142
4920 4142 4142
4921
3553
4132
4919
5840 3900
4125 4142
4143
4143
4131 4921
4919
4112 4921
4920 4142 2775 5772 6722 4919
4921
4126
4143
4921
4143
4919
4142
4126
4136 4112
4920
4920
4920 4136 2972
4920
4126
3559 3653 3320 3309 5325 1547 2631 6355 4142 6970 5975 6981 2369 5603 2633 4263 3907 5875 3372 5752 3941 2023 3651 2646 3889
4142
4126 4142 4112
4920 4136 5994
4142
4920
4136 2968 4921
4136
4126
4143
4131
4920
3881 3882 3436 3558 2797 2440 2368 2729 4525 2682 6971 2727 3165 6972 1547 3694 5298 2863 3558 3265 2727 4525 5229 2863 4218 1547 5298 2682 3881 2870 3560 5976 2723 6990 4215 6355 6972 3436 3030 2325 3463 2326 392
4142 4921
4142
4126
4921
163
4142
4919
4074 4920
4143
1961
3316 2773 3952 3650 5622 3881 6398 6815 6814
4143
4919 4112
4126
5172 4143 5929 2275 5844 2862 6850 5796
4920 4126
4920
4143
4143
4143 4126
4921
4128
4142
2944 4142
2944
4143
2317 3885 2665 3273 4264 2381 1703 2650 2263 2797 3881 4899 2229 2754 3892
3406
4125 4099
1531 6723 1738 5534 2972 5951 5840 3959 4921
4920
2944 4112
4112 1776
4143
163
4921
781 817 789 824 5014
4920
4136
4142 2968
4921
4921 4920
4126
4919
4136 4112
4779
4921
4126
4920
4143
4142
2325 2368 3350 3622
4919
1671 4919 4099 4126
4143
4919
4143
4143
4143
4921
4142
4125 4143
4143 4921
4921
4136
4919
4143
4125 292
4125 4921
4142
4143
4112
4132
4142
4142
4101
2797 3275
3878 2631 3877 2855
1622
5607 4304 2245 6463 6974 5940 4920 3653 2944 3407 6666 2956 6971 5650 2698 4559 4126 3819 4112
4125
4142 4919
2972 2968 4142
4919
4143 3826 6711
4143 4125 4130
3275 3408 2023 3321 2819 3022
2968
4127
4921 282
4125 4921
4142
4112
4132 2968
4920
4919 64
4919
4126
3878 3894 6855 5623 2631 4223 4264 3877 6012
4142
4919
2944 1786 2367
6722 5632 5640 5752
163 4921 1538 163 4112 1538 163 1538
4921
4919 4126
4919
4126 4921
7024 4143
4126
4142
4920
4143
4125 4919
4919 4127
4143
4919
4125
4142
4920
2968
2214 4919 6392
4131 4143 4131 4131 4131 4131 4131 4131
2968 4142
2968 4919
4137
4143 6069 1532 163 163 1532
4142
4125 4920
4919
4920
4920
1862 4919
4920
543 667 640
6981 2367 2777
4142 4617 5752
4126 4143
1760
4920
4142
4142
2164 2911 2905 2906
4142
4920
4142
4143
4126
4920 4112
4920
4143 3334 1988 2325 1763 5335 1547 5795 1538
4344 2021
4919
4143 1538
4143
4125 6176 4142
5941
2972
721 1738
4919
4920
6722
2944 2164
4126
4920
4921
4126
4920
1533
4921
4921 4112
4074
4142 4112 4126 2968
4127
4921
4142
4919
4920
4126
4142 2968
4920
4919 2723 4438 4303 6395 2227 2362 2645 2632 1547
4126 2944
4143 436 1532
4112 4920
163 4921 1538 163 1538
4920
163
2968 4919
4920
2440 2773
4126
2968
3320 3347 3877
4921 4126
2368
4919
4921
4143
4921
2930
3274 3273 3727
4920
4126
4125 4919
4126
5326 2623 1532 6480
4919
4921
4919 1538 4112
4143
4919 2972
4125
4920
4143
4142 4143
4126 2968 4142
4142
4074 4143
4127 4921
4074
4142
4919
4919
4143 5607
4126
4142
4142
4920 4125
4126
163 163 1533
4921
4921
5287
4920
4921
4921
4920
4142
4125
1670 4920
4143
4921
4142
4125
4919
4126
2797 3275
4142
6902 6907
4126
4919 4694
4127 4920
4921
4921
1758 6689 2755 1547 3874 3922
4921
4126 4920
4919 2968
2754 4664 4863 2362 4921 4143 4664 5746 4218 2214
6705
4921
163
4142
3269 5326 6359 2651
2944
4921
4143
2972 4126
4131
4143
4142
4142
4126
4920
4921
4921
4921
4921
4921
4921
4142
4919 2146 4119 2919
4921
4143
2209
4920
4125 4142
4921
4126
1786 1750
4143
4142
4921
4112 4112 4919
4920 2968 6936 1824
4142 4104
4920
2968
4142
3881 3296 6855 4920 5634
5607
4142
4143 2968
2968 4112
4919
4920 2968
4921
4099
4920
4921
4112 4074
4143 4112
4126
4919
4126
4921
4921
4142
4143 4125
4920 4125 4112
2968 4919
4125
4919
4143
4920
4919
4142
2972
4920
4143 4112
4919
4112 2968
2956
4143
4112 4112
4104 4921
4921
3559
4142
4143
4142
4143
4125 4130
10 4919
4921
4921
4125 4919
6014
6924 5255 2855 5268 2982 6689 2855 4770 1704 2855 1757 1704
2968
4112 4142
4921 4112
4921
4920
4919
4920
4143 4090 4125
5522 2968
4921
4112 4142
4143
2968
4142 4126
4143
204
4126 4142
4921
4919
4143
4920
4143
2944
2164 4136 4074
4125 6458 4919
4920
4126
4142
4921 4135
4919 4425 3922 6926 2369
2968
4142
4090
4142
4142
1538
4142
163 1538 163
4919 2968
4142
4920
4921
259
4920
4143
4143 4112 4112
4125 4919
4920
4112
4126
2211
4919
4126
2632
4919
6689 2337 5326 3297 2261 3875 1715
4919
4125
2946 3504
4143
4143 4126
4921 2968
2769 1757 3910 3921 3545
7024 4919
4125 4099
4143
4126
4125
4919
4920 1533
4126 6448 4126 6448 4126
3299 3297 3298 2646 3656 4143 5772 3297
4143 2797 2362
2634
4919
1708 5521 6247 1683 6242 3510
2946
4919
4112 4137
4638
4112
4136 4142
4142
2968
2972
4142 4112
4126
4777
4142
4143
408
4919
6971 4920
4143
1760 6969 4218 3372 6969 3372 5852 4217 2853
6979 3317 6972 6972 6972 6235 6979 6979 6235 6972 6972 6235 6979 6972 6979 6972
4142
390 5607 1826
163 4920
4129 4920
4126
4919
2363
4919
4143
2806 5607 3510
4920
4143
4920
4112 4921
2968 4142
2968
4921
4143 4920 4143 4143
3732 5744 3791 5339
4920
2954 4142 4112
1474 2640 4921 1088 1474 5793 2237 1474 1474 1078
4919 4919
4125
4921
4919
4920 4112
2191
4921
4920
4143
5531 4143 4126 6445
4112
4143
4919
4921 2944
4919
2946
4126 2956
4919
4143 4919 4920
4920 4142 2968 4142 4921 4921 4919
4919
4921
2497 2755
4103 4143
4920
4919
163 4142 163 1538 163 163
1494 1474 1162 1517 1468 1516 5773 7300 283 282 7293
4143
4919
4142
4920
4126
4920
4142
4920
4273 4112
4920
4142
163 163
4920
1850 620 682
4143 57
4919
4921
6609 1531
4919 4142
4143
4920
2944
4143
4142
4919
4921
4126
4126
4143
4920
2968 4919 2628 641
4919 2968
2968 4112
4142
4131 4142
2362 4245 2392 3558 3510 3560 2440 4631
4130
4920
4921
2458 2216 2461
4142
4125
4920
4142
4142 4112
4143 4136 6458
4103 4112 4919 4126 4112
4142
4143 4920 4921 4921 4920
2956
4919
701 1853 700 600
4921
2855
3719 3898 4919
1047 1076 1120 2820 6250 4731
4920
4919
5952 5951 2665 5606
163
4920
3876
4126
4921
4142 2968 4112
4920
4919
4142
4143 4074 163 163
4126 7056
2968 4142
3510 6999 2968
4142 1670
1538
384 1681
4143 2968
4125 4920
5478 3108
4143
4142
4142
4919
4126
4143 2972 4074
4921
4920
4126 4142
4142
4143
4919 2459 2465
2164
5607 34
4920
431 890
2966
1378
4921
4143
1698 4714 3744 2368 1547 5848 3643
6 3 3 3
4921
4126 4074
3269 4919 3336 4090 6965 854 428
4142
2853 2853
2944 4920
4143
6185 4126 4921
4921
4919
4143
163 163
3650 2634 3308
4921 4112
2968
2944
2968 4143
4920
4920
4126
4143 2480 6346 5929 2375
4921
4921 4129
4142
4920
431 954 1119 1084
4920 5531 1791 3878
2853 2367 1532 6081
4919
3414 1788
4921
4142
4131 4142 4131 4921 4131 4132 4920 4131 4132 4131
4919
163 1538
163 163
4921
4921
4921
4125 4125
4919 4112
4142
5531 3911 2968
4143
4921
4142
4919
4099
163
6691 5607 6336 6907 5792 2369
3347 3923 6853 3924 3269 1547 6853 3923 3270 3914 3320 2263 3548 1547 6851
4126
1751 4885
4919
3520 53
4142
2968
4921 4112
4920
4920
4919
1533
4919
4143 4126
6569 4921 1533
4142
277 5844
4921
163
890 6211 6972 2651
408
4919
228 4921 228
4920
3307 3639
4919 4143
4112 4143
4142 4919 4921
4074 2972
4919
4143
4919
4920 4125
4920
4143
4142 7059
3461 3509 391 5951 6691 4965
4919
4919
163
4920
2968
4919
4143
4921 6242
4921 3414 4216 2779
4921 4112
4919
4919
4142
1538
4920 376
4104
4920 1538
2028 2225 6926
4112 2968
4920
4143
4921
4101
4143
4125 4143 4125 4112 4125
4142
4125
4126
4099 4099 163 4099
4112
4125 4919 2968
4126 6179
163 2602
4112 2968
4919
4143
4125
431 1120 5840 895 1074 1119 1391 1072 1077 2322
4137
4920
4142
4143
4919
4921
4142
4143
4921
4920 4120
5633 5640
4920 4142 4919 4921
4126
4143
4920 2944
4921 2968
4919
4919
4919
4920
1837 4143 3938 4746
4919
4126 4921
4920
1808 4921 1791 1792
4142
2944
4129
4125 4920
4074 4074
2946 4126
4920
4921
4126 2972 4921 4112
4920
4921
4921
4143
163
2061 4128
3
6258 2972
2374 4920 4595
4919
2944 4074 4920
2972
4126
4919
2764 4218 6922
4142
4136 2943 4632 4919
4087 4142
4142
4125
5765 3789 5485 3741 5295 2363 1757 1547
4919
4920 7267
4921 4112
4143
2946
2652 5940 4921
4142
4142
4143
2972
2367
4921
4921
4112 4142
4126 4919 1531
6729 5840 263 4663
4718 4438 6912 4919
4125
4921 4112
1699 4131
2944
4125 4125
4921
4143
4919
1813
4919
4921
4919
4143 163
4142
4921
4127
2363
1538 4921
4058 4142
4142
2972 4126 4142
3340
4143 2968
4129 4143 4126
1531 4112
4143 4126 4126
4143
4919
4125 4919
4126
4132
4921
4126 4142
4129 4125
3898 3273 349
4919 4126
4919
4919 4696 3408
4921
2930
4143
4919
4074
4921
4129
4143
4921
4921
4125 4142 2943
4919
5645 3887 3881 5339 1820 5469 3906
4921
4142 2968 63
4921
4920
2634 6387
4142
4125
2944 4919 4112
4920
4920
1697 3656 3273 4920 5584
2968
4921
4921
4920 709 677 608 507 691 1855
4142
3640 2229 2375 1743 3944 4919 2245 1743 6326 5607 3640 3882
163
4919
4919
4129
4919 4921 4142
4919
4126 2968 4921
4143
4112
4920
1697 2756 2461 5913
1759 4921 4126 6176 1759 1759 4126 6183 2362
2825 3875 2461 1758 6241 4143 2644 3924 3875 6250
4919
4142 543 676 1701 5952 2368 509 699 460 2368
3170
4920
4919
699 1853 502 1738 4921
4142
4126 4920
4125
4921 1538 1538
4920
4919 4125 4125
4919
4142
4125
4142
5522
4126 4920
1738
4143
4920
4142
4142
4921 600 524 699
4143
4143 6179 4126
2944
4136 4919
4112
4142 3412 3517 4091 2633 6251
4125
4142
4142
4919
4142 3711
3347 3910 3903 4663 3928 4919 2363
4142
4142
4921
4126
4921
4920
4921
5631 5941 4142
4126
4143 2944 5344 1119 1073 992 431
4920
4142
4143
4112 4142 4112
4143
4143
5694
4920 4125
4126
4142
4131
163
4112 4921
1837 2369
4920 4142 4921
163 4142 163 163 1538 163 1538 163 1538 163 1538 163 1538 163 1538
4143
4143
1533
4143
4921
4142
6936
4142
4143 4126
4125 4921
4920
4921
4130
4921
4143
4143 6855 6346
4142
4142
4920
4142
4919
4919
4125 4921 4112
4143 4921
4919
4720 4280 2773 1701
344 344
4921 4125
4921
4919
4920
4920
4126
4921
4125
4920
4919
4215 3881 277 3298 3906 2727
4920
4129
4143 1538
4143
4920 2968
4142
2944
4920
4142 4074 2134
4136
4142 6969 6979 3308 2776
6336 3510
6907
2287 3509
4101
4920
4919
4919
4129 4920
1538
4919
4920
4143
1757 1672 608 686
4142
1 1 1
4143 1382 5844 2366
4921
2972 4920
4143
4074 4143 4074 4074 4074
4049 4112
4919
4920 4919
4127
4142
2968
4126 4112 4142
4143 4920 4919 4921 4142
4143
2632 2628 4920 2645 2633
4920
2968 4126
4074
4143 5811
4143
2363
4919
4143
4919
4126
4142
4921
408 74 4142
4126 4921 4112
4143
4920
709 691 608
4125
4142
4142
4142
4125
4142 2855
4125
4142
4919
4126
169 148 153 149 4126
4920
4126 2943 2461
4919
4142
4143
4920
4112 4142
4126
4143
2181 4919
4142
4125
4142
2382 4921
4142
4920
4919
3882 3510 4919 3510 3882
4919
4143
4919
4142 2968
4142 4920
1531
4143
4142
4143
4112 4112 4920
6482 4126
4142 4112
2972
2319 5632
4919
4142
4126
2362 3822 2186
4126
4142
4098 4098
4142 4142
4143 5772 3510
2326 2028 4920
4142
4143
4143
4126
10 4142
3153 3274 6976 4921
4126 5113 2944 350 5792 6696
76
4142 4126
1533
4919
4112
4129
4142
4919
4921
4919 6266
4129
4920
4142
6369
4921
4125
4126 2059
4921
4920
4920
4142
4142
4920
4142
6691 4919 4223
4143
4126
163 6689
4125
4142
4125 4143 6178 4099 4112
4919
6448 4125
4919
6961 1756
4142
4919
4921
2368 4126 2317 4920
1533 4126 2968
4126
4920 4143
4143
4920 4137
4143 4099 221
61
4125
4112
2181 4143
163
4125 4112
4920
4126
4142
4125
4142 1538 5659 5654 4982 5623 5657 5656 6850
4919
4125
1380 5525 3651 1547 3875 2762 5099 2631 1760 5532
4142
4920 4125
4125 4142
4921
2968
4921
1731 3639 4142
4921
4920
4921
4143
4126
4143
4112
4099 4920
4143 2944
4920
4125
2833 4908 3350 2363 3877 2930 2943
4919 2968
4920
4142 1935
4921
4143
4920
4920
2968 4920
4126 4632
4919
4921 1531
4142
4921
4142
4037 6914 6691
4921
4143 2414 5941 4919 2415
1757 1547 3878 2972 2496 2779 4663
4074 2946
163
4125
4100
890 1155 264 431 1388 1130 1076
2851
4143
2968 1846 4143 1846
4142 4919 4052 4920 4921 6459 4136 4064
3269 6990 5324 5204 3268
4143
2968 4142
4920
602 699 1855 676 1848 4919 503 1795
2645 6723
2968 4919
4920
4125 2968 4142
4112 4920
4143
4908 2367 5793 2368 3558 1547
4126
4126
4074 4143
2944
3327
4142
389 1825 1533
4142 4126
4143 163 163 163
4919
4919
4919
2956 4143
4126 4112
163
4919
24 4143 24
4920
4125
3334 2229 1547 6990 4920
3510 4142
2968
163 5721 2911 5720 163
4129
4919
4142 2968
4919 2773 3899 3933 1547 3719 3910 2764
4131
4142
4127
4919
6447 4126 4143
5929 1615 676 641
4126
4921
4919
4921
2965
2968
4920
4126 4142
4920
4125 4919
4142 4126
4142
4920 4126
4143
4921
4125
4919
4126
890 1393 431 891
4143
4919
4919
4920
4919
4143
4137
4142
2366 1703 2265 3336
4128 2972
2972 4143 5952
4131
4919
4142
4142
4921
4119 4920
4126 4132
2944 4136
4085 2944
4143
4920
4126 4919
4142
4919
5650 263 1728
4142
4125 4142
4128
4920
5772 3882 4218 2834 3274 2633 3269 4142
163
4921
4921 2944 2726
4920
4074 4143
1780 3737 4222 2769
4921
4126
4919
4103
4921
4142
4142
3876 1547 2634 263 1988
4126
4142
4142
2479 4920 2617 2494 2530
6970 3509
4919
4142
163
2968
4921
4112
2946
4132 4142 4132 4112
5607 1707
4921
4143
4921
4127
1047 2363 2773 5845
2944 2956
4142
4919
4920 4112
2368 2834 3882 5630 2628 2773 2797 2538 2214
4142
4920
4142
2500 2474 2523
4143
4142
2968 4919
4143 4921
4919 163 1538
4921 1738
4143
4143
2968 2627 4112
4921
4919
1707 4142
4143
4920
4215 2319 6686 6688 6687 4143
2944
4919
4112
4919
6971 1707 4143
169 4142
162
602 502 1862
4143
2972
5941 5561 2904
4125
4921
4919 2968
4142
163
4129
5772 3153 5929 3898 2274 3037 2968 1538
4125 4919
4125
4919
163 4920
3650 3877
4920
4143
4919
4920
4143
4142
4921
4112 4143
4919
4919
4920 4125
4129 4142 4129
163 163
4920
4919
4143
4919
4143
4126
4919 4112
4921
4126 4142
4920
4143
4142
4142
4136
4142
163
4921 4143
6185 4125
4920
2968 4919
4136 4112
4143
4921
4919 5820 6687
4920 4112
4142 6969
4126
4919
4143
4919
4919
4143
4127 4142
1622 3881 6972
4919
4112
4142
4143
4919
163 163 163 163 163
4126 4112
4921
4129
3409 3463 6911 2334
4921
4142 4920
4920
2369 3875 4525 6690 6346 3543 4434 6690 1987
4919
4142 4136
4920 228
4074 4074 4919 4074 4074 4074
4921
3261 1547 1705 6722 5929 7036 1533 6097
4920
2956
4143
4920
4143 2968
4920
4124
163
4919
4126 1532 4143
4143
4920
4127
4920
4142
4921 2968
4127 4142
4919
4920
4919
4143 4125
4142 4125 6457
4143
4143
4142 545 5339 5980 1615 3640 533
4920 5925
4921
4920
4920
4919
4143
4920
4142 2968 4126
4143
4142
4921
4143
6176 4125
4142
4920
5945 5945 5945
4143
4074 2944
3749 2444 3717 4218 3374 3510 2333 5584 3740 2378 4533 2651 4663
4920
4921
3340 2754 5623 3906 2631 2320 5335 2243 3885 2369 2665 3881 6855 3653 3877 4263 5383
4074
4921 5925 4919 1759 4920 4142 4143 2944
4919
4919
163 163
4112
4125 4919
4143
4128
4921
4112 4919
4143
3719 2762
4920
6969 2322 5940 2459
4921
4919
4921
4142
4919
4919
4920
2972
4143
4919
4112 4126
4920 6485 4136 2968 4112 4112 4112 4112 4112
4125
4143
1538
6855 3878 3273 6012 4264 3747 5969
4126
5632 2369
4919
4921
1947 4143
4143 6178 4125
4112
2362 5496
4126
4919 4127
4112 4125 4920
4132
6971
2250 2825 3372 4731 5339 6377
1
4136
4919
4143
4142
163 163
4143 5827
163 163
2632 1796 4920 2363 4070 2972
4919
4921
4143
4920
4112
2968
4143
4136
4125 4921 4112
4143 4112
4142
4112 4919
4126 6179
4919
4142
2972
4143
2944
4142
4919
4142
4919
4919
4143
4919
4920
503 676 608 263
4099
4919
4142
6185 4125 2944
4143
4920
4143 4920
4921
4142
4126
4919
4128 4920
163
163 163 1538 163 1538
2899 4126 2944
2362 2362 4438
4126
4142 6176 4125 1532
4142
4919
3275 4919
4125
4919
4125 4919
4143
4143 2972
4142 4919
4142
4919
4074
4142
4112 4112 4112
446 1738
4142
163
2853 3334
4142
2972
4919
4919
4142
4920
4143
4920
4142
4142
4127 4920
4919
4919 2968
4126
2946
4920
4112
4142
4142
4142
4143
4919
4920 2948
4920
4920
2797
4920
2944
4142
2972
4125
4920
4143
4920
4921
4921
4142 6299 5929 6986 2645 5929
4921 4112
4142
4920
4125
4921
4921
4126
4125
4921
4143 1720 2912 2911 2967
4919 4126 4112
4919
4919
4142
2946
4142
4112
4920 2972 4101
4143 10 4542
4920
4142 2968
6971
5806 5827
4919
4125 3878 3653 2665 3894 5475 2245 2773 3441 3881 1548
4126
4920
4920
4921
4125
4921 4074 4137
4136
4919 4112
4126 4142 4126
4919
1531
4126
4920
2375 3341 3343 4920
4920
4920 4126
4143
4921 4128
1531 5827 2833
6162 4125
4920
4142 1846
4920
4101 4921 4101
4137
4112
4920
4919
4125
4919
4143
4921
2968
7401
4127 4142
4126
4074
163
4142
1935
4142
4125 4126 3324 2873 5951 3320 3390 5922
6258
4919
1835 4921 3510 2853
4921
4919
2936
4919
4919
4136
2780 6961 2646 3265 6346 5607 5752 4143 2972 2331
4143
4126
5801 4142
4125
163 163 4142 163 721 1622 1538 163
2968 4142
4126
4920
4126 4920
5522
4919
1538 1538 163 1538 163 1538
4075 4919
163 1538 1538 163 1538
4125
4919
4142
1538 4112
2944 4919
2833 3346 263 3195 4439 263
4125
3814 6180 4101 4142
4142 4125
1738 548 699 641
4143 6591 1531 2797 3273 3309 5624
4920
4143
4112
4143
4126 4920
4142
4142 4104
4074 4919
2968
4920 4143 4919
4142
4126
4919
4142
4126 6004 2968
4920
4921
4142
4921 2944
4142
4142
163
4126
4125 4143 607 3274 3900 2797
4921
163 1538 4921
4143
4142
4921
4142
4143
4919
4920 4112 4126
4143 4126
4125
4126
4143 4126
1538 4142
4142
4920
4126 6157
4919
4919
4919
4919
4125
4143 4126
4137 1538 4142
4920
4142
2362 4143 5111 4129
4921
4142
4919
4128
4125
1738
4143 4921
4142
169
4099 4919
6178 4921 4125
4126
4920
4142 4126
4142
4921
4921
4112
4143
3510 5463 1533
4143 4142 4920 4132 4142
4921
4143
4127 4142
4143 2908 2901 4632
4142
4920
6012 4126 4143 6012
4143
163
4126
4921
4126
4921
1710 3374 386 4222 2130
4142
1547 4443 3309 2333 3876 2797 2633 2634 3622 1533 6434
4125
4126
4921
4074
4142 2968
4142
4126
4920
4112
4617 4920
1532
4143
4143
4921
4143
4142 4112
4920
4129 5929 6723 5607
4143
4920
4126
4142
4143
4142 6666 2319 1738 3899
4131 4132
2968 4125 6176
1532 2754 1826 390 1826 390 3003 4439
4143 4136 4126 6555 4126
4143
2644 3269 3307 6690 5820
4142
4919
4921 1147 4135
2899 1371 1738 1270 394 4126
4136
4921 4126
2834 4142 6346 2972 2899 2343 2899
163
4920 4112 2944
4920
4921 4142
163
2382
2211 2756 3874 2362 2832 6307 4920 2211
4920
4919
1816 5522 4112 4920 2965 2901 2919 4126 2966 2855 1816 5730 6325 5522 2916
4142
4126 4143
4143 5867
4143
2944
6969
1671 419
4920
4919
163 4920 163 1538
4143
4920
3517 4919 1685 3517 3517 6240 2296
4136 5557
4126
4920
4920
4919 4132
4112 5625
4919 4125
4919 1532
2968 4921 4921
4921 4142 4919
4143 4920 1538 4919 4142 1538 4921 4920 1538 1855 1538 1538 1538
4919
4143
4112 4919
4143
4142
2381 2797 4920 1756
4125 4919
4921 4126
3334 5977 5326 2651 3907 4143 5980 3346 3907 2651 2968
4142
4136
4125
1531 2633 4617
4921
5531 2366 263
4142
4920
4142
4921
4125 4143
4137
4143
4919
4919
4921
4921
1135 890 1391 1394 4919
4126
163
4143
2368 3424 5945 3509 5945 3120
2972 4919 4921
5629 3753 2769 5929
4099
4142
4920
4919 4112
2968 3863
4921
4143 4125
4920 2968
4921
4125 6179
2968
4112
4142
4143
6905 2550 3510 6907 1715
4921
4143 163 163 163
4919 4126
4920
4125
2797 4920
4143 1537 1538
4143 4920 4137
6182 4127
4921
4142
4143
4919 5521 2968
4920
4125
163
263 2645 1697
4919 4112
4919 2968 4694
4142 2944
4142
4074 2944 4136
4125 6463 4143 1166 1862 543
323
4919 4127
228 4142
3274 431 3270 5099 1547
1
4143
4919
163 4921 163 163 163 1538 163
2944
4112 4921
4143
431 1077 922 894 1121 1391 1399 1076
4125 4142
4136 4143 4074 4126 2968 4112
4143
4919
4142 1532
4127
4142
4142
4143
4920
3651 1760 4142 2773 5650
4143
4920
4142
4112 4919
4142
4142
4142
4142
4142
4126 4112 4919
4919
4125
4142
2968
4143
4112 4919
4126 4920
2968
163
4920
4919 4126 4126
1400 264 1119 1381 1135 1077 1388 6392 263 1547 5581
4142 3517
1738 699 521 666
4919
431 264
4136 4142
4143 4920
2367 5875 1683
2920 6448 3416 4632 4136 4143 2714 4632 6454 2689 4126 4126 6454 4136 6448 4632 4126 6448 4126 6448 4129 3416 4112 3416
4125
2968 4920 188
4919 7188 3510
4143
4127
6377 263 6410 6850 2640
4919
4919
2596
4921
4142
4919
4143
4125 4112 3580
4142
3338 2369 4383 4919 3700 6974 1988
4125
2944
4920
4143
4921
4921
4920 4129
4126
4919
4919
4142
4099 4099 4921
2920 2919 2918
4143
4921
2968
4920 4143 4921
4142
4143
4126
4921
4112 4142
4919 4112
4142
4142 2968
2310 6969
4919
2944 4921
4074
4136 4136 2968
4127
4142
4143
891 1144
4142
4126
4143
4074 4921 4074
4920 2367
4920
4142
4142
4746 4919
4920 4112 4126
4126 4143 2952
163
4142
2968 4920 4125
20 2368
6179 4125 4919
4921
4142
4143 2972 2972 4074
4125
4919
6179 4125
4921
4142
4919
4920
4125 4142 4126
4125
4143 4143
4899 3881 2806 2263 4717 2650 2236 3894 2665
2922 4126 4921
211
4919
4921 2944 4920
4142
4921 1731 3376 1987
163 4143 163
2956
4126
4112 4142
169
4142
4920
4126
4142 285
4921
4142
4143 163 163 163
4920
4921
4142 5771 6990 2224 4287 6990 2586
163 1531 163 163 4921
4919
163
4921
4921
4919
4142
4920
4921 2968
4919 4125 4125
4920
4142
4919 4920
4125
4142
4074 1759 4142
4143
4125 4143
4920
4142
4142
4919
295 295
4921
4919
163
1072 1110 264 1378 264 1400
4919
2972
1825
163
4142
4143
2943 4921
4112 4920
4126
4074 254 4919 4920 4142
4142
4142
4921
4921
4142
4112 4142
4142
4128
285 4920
4919 4136
4142 2968
4921
4126
4112 4920
4142
4919
4920
4143
4143
4921
4921
4920
2956 4921
891
4129
4919
4919
1622 4075 1622 5941
4142 2946
2944
4125
2333
4142
5607 5839
4920
4919
4143
4143
3486 4920
4125
4112 4112 4112 4112 4112
4919 6176 4126
4228 4921
4921 4920
4919 4921
4143
4142 2968 5631 1785
4142
4143
4142 4537 2363
4125 4112 4920
4919
4142
4125
4273
4143 4919 4920 4142 4143 1947 4920
2972 2972 4919 4125
4112
3498 4919
4919
4142
4143
3852 4921
1531 6571
4142
4143
4920 1703 5839 3510
4112
163
2968
4921
4920
4142
163 163
4143
4920
2956
4142
4919 269 4218
4919 4115 4129
2972 4921
4143 4142 4921
4142 4125 2968
4919
4921
2968 4919
4921
4125 6057 4920
4920
2968 4920
6486 4126 4919
4125
4142
4126
4921
2972 2965
4143
4142
2326
2369 3753 3889 3876
5752 6359
4142
6392 5607 3271 2369 3267 3298 2325 6014 3548 2777 3509
6341 686 1701 502
4136
264 891 1400
4920
4921
4142 4126 2945
4920
4128 4126 4143 3420 2944 4126 6007
4112
4101 4067 2972
4921 4125
4142
1532
4919 4921
4919
4920
4142 2968
4921
4143 4218 3322 6184 4126
4125
4143
4143 6258
4920 6183 4136 4136 6179
4125
4143
4143
4142
4920
1615 709 699 3876 610 1853
4142 4921
4921
4143 2968
4919
4112
4112 4064
4126 4919
4135 4112
4921 3510 2656
4142
4921
4919
4921
4142
4143 3455 6179 4125
4142
4143
4919 2968
4921
4112 2 2 2 2 2 2
4142
2943
4125
4920
4921
4142
4920
4143
4143
4921
167
4142
4920
4920
6443 4126
4142
4919
1400 1379
4112
4920
4919
4193 4919 4143
6978
6295 263 5531 5634
228 4125
214
4919
4919
4919
2972 4921 3827
4920
4921
2944 2643 6394 2643 1813
4919
2946
2631 4263 2754 263 3878 263 4263 2754 3878 2631
4131 4920 4112
4919 4112
4921
4921
3338 2362 3915 3347 1538
4919
4921
1987 3341 263
263 3916 2028 263 2024 4603 2024 2833 263 2851
2944
2362 1547 2797 263 2369 263 1547 2797
4143
4126
3379 3320
4142 4921
4920
4125
4919
4142 4920 4919 4126 4143
4422 2369
4921
4920
4143 4125 6555
4919
2181 4921
1699
431 264 1394 1378 890
4921
3961 4919 2651 4831
4074
4125 6178
4920
4921
2968
4125 4921
4919
4074
4112 4921 2946
4919
2481 2220
163
4142
163
4129 4920 4112
4920
163
4142
4919 3269 2236 5749 1532
166
4433
4143 6178 4125
4142
4135
4919
4142
4129
4112
2857 4112 4112 4112 4112 4112 4112 4112
5631
1135 431 1378
4112 4919 4112
4920
66
4919 2968
6185 4126 4142
4919
4920
4143
4919
1119 1162 955 1073
4920
4143
4125 4143 4130
4142
4920
4142
4920
4125 4921
4921
4125 4112 4919
6012 4142
4125 2968 4921
4919
4143 4112 2968 4074 4112
4143
4919
4919
5772 3274 4880 2369 6971 3269 6912
2905
4143
4143
4142
2944
4125 6448
4921
4136 6179 4921
4919
2759 3309 263 2759 2641 2833 2759 3309 2826
4920
4143
4921
4920
4921
4921
4142
263 5827 6398 6013 1531
264 431 264 431 1119 1073
4919 4126 2968
4919
4142
4919
193
4920 4125
4142
4920
2968 4919
2754 1084 3510 5941
4101
4920
4919
4126 4112 4919
4920
4920
4919 4112
4126 4142
4126 4143
5650 263 2644 1704 263 5650 4233
4919
1547 3037 5372 2865 5531 3922 263 3374 3374 1547 3343 2336 3374 2336 3343
1743 5951
4126
4143 4125
4142
693 838 720 4920 721
4919
2944 4076 2949 4919
4112
4920
4920 4126
4125 4125 4143
1760 3766 3278 1760 3744 3766
4143 2797 2461 3692
4919 236 4920
4143
4921
4126
4143
4142
4143
4143
4921
4143
4101 4101 4101
4921
4920
4142
2944 3271 2362 3267
2968
4112
4143 5852 4143 6732 5650 4919
4128
4126
4143 231
4920
4920 2968
3509 2972
4920
431 264
4125 4142
169 4920
4920
4919
2851 3320
4112 4112
4143
4920 4127
4125 6178
4126
4074 2968
4074
263 3334 5852
4143
2 4921 59
2211 1855 1615 1868 4143 2211 1868 1615 1855
4131
6178 4126
4126
4143
4919
2968
4919 4126
4919 3380 4291 3379 1795 6014 6722 2329 3380 1796 3379 1795 4291
4126
4142
4142 5450 5450
4919
4136 2972 4919 4136
4125
4142
4919
2968 4126
4921
4063
4112 2968
4919 4112
4142
246
4921
1716 6985 263 5531 3643 3320
4143 4921
4112
4143
2651 2363
2944 4143
4126 4142
1516 1467 1497 1474 1523
4143
209
4921
4074 4919
2972
4125 4125
4920
169
6970
4919
4143 203 2456 5929
2972
4921 4143
4143
4919 6969
4920
4143
4920 6069 1532
4142
163 4921
4142
163
4143
2972
4125
4143 163
3873 2325 6231 4532 4921
4125
4112
4921
4143
4142
3892 3900 263
4142
4919
1533
1155 890 431 264 6391 263 2202 5828
1692 6369 263
4104 4919
6722 4899
4112
4143
4921
4142
4143
4143
4125 4920 2956
4919
4919 4125
4920
163 5630 5629 6284 263 5633 1547 6289 5168 3274 3273 2374 3877 5633 4143 5629 5632 263 5630 263 5633
4142
4919
4143
4920
4919
5994 1531
4919
4921
5765 2321 600 2225 3437 4919
2946 4920
4143 2966 2965 2943
6012
4143 104 89 104 104
4125 4142
4921 1380
4126 6447
4126 4919 2968
4142
2968 4104
3653 5765 2665 6969 3944 4143
4125
4921
4125
4128 4142
5517 1731 3509 4920 4142 4112 2825
4125
4143 2968
2956 4143
4142
4112 4112 4112 4112 4112
4920
4125 4142
4125 6182 4142
4921
4919
4142
4125
4136 4919
2968
4143
4920 4129
4919
4920 4112
6549 4126
4920
4126 4919
4920 5929 6014 5929 6014 5929
4142
4125
4921 4919 4112
4125
4125 4142
4137
4129
4143 4126
264 431 891
4125 4920 4099
4142
4920
4920
4921
507 688 608 610 510 4921
1533 4920
6176 4125 4920
3278 2797 5925 263 2329 263 3889 6969 263 2797 3278
4143
4112
4074
4142
4919 4920
4142
4921 4920
4142
4142
163 4143 163 163 2944
4920
4074 4142
4142
4919
4920
4143 1533
1538
6980 263 6289 5852 6979 1547 6980 5941 6690
4142
4920 2968
4143
4142
4112 4142
4143
4919
4694 4919
4919
4919
4126 6154
4143
4919 6014 2362
4920
4125 4143
5951 641
4439 263 4420
4920
2956 4132 2901 4142
4126
1915 1980 6268
4112 3612 5951 2755 5940 1531 6972 6355
6924 3415 2333 4136 6457 3408 4112
4125
4142 1538
4112 169 4920 2956
3751 6907 2773 3376 2729 3559
4142
4921
4128 4919
4921 4921
4142
4919
4143
4125 4920
4919
163
4126
4920 5754 5623
2944 3503 4143
4143
4142
4136 4919
2797 6674 4920
4919
4921 1111 1389 1088 2640
4920
4919
4143
4143
228
4920 4112
4143
4921
3653 3274 263 3882 2665 3643 2317
4143
4921
4921
1737 263 510 693 1547 5929 3922 263 3900 891 264 1400 602 674
6185 4126 4112 6176
1686 1682
4919
4143
1538
4126 4921
57 4921 57 57 63 57
4142 4074
4142
4919
2968 4919
4921 4919 4075
4143 6014 4443 4139
4921
2968 4921
4142
4112 4126
4142
4920
2972 4919
4921
4074
3345 4142 4921 4919 4920 3347
4128
4112 4112 4112 4112
4921
4921 4112
2968
2972 4920
4125
4919
2635 3881 3297 3307 5468 5632 2762 4555
2968
4074
4142
5246 4263 263 2440 2797 693 1737 1622 721 263
4920
4920
4919
4125
4919
4920 4126
5940
4126
4143
1862 1669
4919 4125
4143
4921
4142
4142
4919
4919
4142
2972 4920
4921
3889 3509 4919
6012 1704
4143
163 4143 163 1538
4143 4112
4919
4087 2943
4143
4143
4920
4143 4112
4131
4920 2381 1533
4143 4692
4142 1829 2368 2465 1757 5650
4125
4921
4126
4136
2797 6723 6729 4919 6728 4143 1695 4112
4143
2946 4074 4125
4919
4919
4142 4112 2068 4939 1532
4919
4143
4921 2972 4112
4125
2956
263 3910
4143
4920
1797 2458 2528 2631 4218 2461 1795 6666 3298 2944 4920 4112 1797 2528
4921 4143
4143 3423 3423 5941 3510 3423 1532 3510 5941 2999 3510 3423 3510 2226 3178 1532 3662 3510 3423 3423 3510 3423 2797 3423 4125 3510 4125 4919 2880 3423 1533 3109 4978 2880 3510 3423 3510 3423 3510 5941 3423 2890 2565 4266 3423 4266 3275 3423 1533
4142 4112
4126 6713 2146
4104 4077 4112
4143
4920
4125 4112 4142 2968
4142
4919
4143
4921
4919
4142
4920
4112
4920 5867 4061 4099
6691 6690 1728 263
4142
4143
4920
4919
4920
4143
4143
4920
4125 4112
4921
4920 5640 1716 3510
5584 6723
4143
4921
693 1740 1622 1738 1672
4126 4919
502 460 699 4142
2972
4920
6953
163 163
4143 2968
1622 1862 4143 602 1164 674 1622 1737 2250 1737 3639
4126
1703 3274 263 2317 4437
4142
4920
4919 4125
4920
4143 4919
4921
4143
4920
6722 3922 263 3873 3874
4126
4125
4919
4920
4126
163 163 1538 163 1538
5740 5951 6723
4142
4126
4920
6978 6978
4920
1532 163
4920
2180
4919
4921 163 1538 163
1846
4919 4112
4142
2369
4899 2336 3875
4919
2287 1739 263
2759 4143 2773 4921 4142 2262 2382 4898 2759 2759 1532
4137 2968 4112
4919
1738
4125
4143
4920
4142
263 6012 3915
4074
4126 4126 4125
4142
4142
4143
4142
4126
4919 2972
4126 4142 4112 4074
6976
4920
4142
4919
5324 2631 1703 5980
2644 2317 2245 1703 2650 2229 2320 3874 3882 3881 3275 3274
4143 163 1538 163 1538
4126
5969 6988 2224 4920 1751
4920
2968
5808
4919 4104
4919
6448 4126 4919
4143
4126 1538
1846
4125
4921
4919
4919 1915 5451 1915
2628 2602 3419 1393 2605 2590 2587 870 263 6732 6729 2723 4420 5250 2297 2832 263 6727 6732 1767 6986 1708 6988 263 2634 6369 2628 2375 6727 6729 6729 6369 6988 263 6732 6985
4920
4142
4921
4142
4143
1737
2972
4142 2968 4112
4921
4919
4921 163 163 1871 1538
4920 4136 6183
4921
4143
3647 2643 5741 263 6792 2225 5749 263 3647 4420 263 5740 6410 2773 5740 1385 263 2363 3986 6410 6986 1385 263 3541 4420 3638
4921
2972 4920
4143
4112 4919
4125 2943
4142
163 163
4143 4125 6185
4919
4132 4130
4921
4920 4126
2944 4921
4112
807 791 765 820 5640 3275 3264 3347
4920
682 509 641
4143
4142
2968
2643 3944 3001 3906 2643
163 163 1538 163 1538 163
4126
6180 4125
4126
4070
4143 4921
4142
4920
2968
4126 4142
4142
2908 4629 2899 4126
1144 891
3639 5607 3320 5607
4920
1821
4142
4920 4919
4126
5633 5629 263
4919 4125
4919
4112
4136
163
4919
1726 1742 2972 6723 1862
4143
4921 2968
4143
607 478 3782 4440 3742 4222
4126
4632 4143 1707 4632 6971
4921
4143
4920
4142
2369 2362 4525 1547 4433
4919 4132
25 4919 4143 5907 4112 4112 4136
4919
4112
4142 2968
4920 1531 163
6978 3409
4127 4142
4143
4143 5951
4126 6555
4126
4051
4143 1853
4919 4125
3319 1759 1840 6827 6971 4921 3201 3321 2873 3321 2633
4112 6069 4126
4919
4125 4099
4921
4125
4125
2944 2180
4126
1538 1533 4112
2968
4921
2968
4921
4142
3408 3269 3898
163
4921
4126 4142
4143
4142
4125
4142
4129
3273 2458 2631
4143
2972
4143
2968
1915
4126 2956
6668 5980 2334
4920 4112
163 163
2944
4919
4920 2972 4919
4103 2972
4143
2934
1547 4218 5929 2773 3876 3880 4223 3878 2777
1532
4921 1760
4131
4125
4125 5994
3294 3274 3306 4388 5948 4391 2857 6381 3323 2857 5948
4919 4143
4125
4142
2797 1855 5560 4143
4920
4919
4126
4920
4142
4921
1538
4125
4143 4920
4920
4920
2944
4136 6447 4142 686 602 548 1738
4921 3441 5475
4921 163 163
4919
3201 4143 5941
4126
4142
4074 4074 4074
4125
4125
4142
4142
5215
4921
4919
4921 6976 5845
5929 3153 500 3510 641 700 4919
1685
1532 6069
4126
4126
3938 3548 5249 2801 3545
4919
4125 4919
6457 4125
4921 5951 2369
1846
4920
4143
4142
4143
4921
4921
4143
4920
4921
2930 2954 4920 2944 2181 2956
2968
4920 6014 5468
4112
4919
96 121 117 117 92
4920 4143 4921 4919
4143
4143
2968
4143 4112
4142
2968 4919
1759 6969
4126
4920
4920
4143
2944
4125 4099
1532
3176 4223 3171 2315 2996 3375 3052 3031 339 275 6971 2729 3436 274 4919
4142
4919 2968
4125
2331
4143
4142
2968 4921 4125
4142
4143
4125 4142
4920
4142
4919
1538
4129
1532
4919
1707 4131
4143 4074
1669 2641
4125
2797 4143
4125
4126 2972
709 1737 1615 4905 5339
4142
4920
4920
5806
4101
4919
163
4126 4125
4142
4921
4142 5752 2677
341 3737 1547 4263 3716 2398 3721 4523 1547 277
4919
6971
4143 4380 6361 5765 2374
4126 4143
4126
4143 4125 4125
3829 3814 2965 4125
4126
163
4919
2317 1724 1703 3275 263 6387 5632
4126
4919
4919 1538 163 1538 163
4136
3952 3889 3952 3889 263
3559 3560
4137 4126
6069 1533 721
2972
6251 2906 4131
4125
1533
4920 6484 4126
2944
721
4919
4920 5607 2362
4919
4143
4143
2968
4074
4920
4074 4074
4112
4921
4143
4920
2968 4136
4136 4920
4142
4142
4921
163
4126
4920 1760 4142
2968 3875 3273 3880 3874
4142
4919
4125 6178
4920
163 1538 163 1538 163 163 1538
4143 4921
5740 263 3922 2624 2750 3638 263 3655 263 3338 3637 5625 5740 263 3922
4142
1703 2565 2565 3631 1703
4919
2968 4112
2643 263 4440 5913 699 643 718 1615 1738
1547 2628 6343 263 2224 263 2578 3404 5827
4112 3404 3275
4142 2968
4920
1826 390 2633 4921
2944 4919
4143 285 23 26 4112 4112 26 4099
2968
4920
2965 5607 4422
4920
5747 5750 2899 4125 5475 5297 5747 5976
4142
4127 4921
4112
4143
4125
4919
4920 3625
2319 2806 2807 2319 5643 2483 1533
4143 1772
4142
2968
4921
4112 4919 4142 4920
4142
4920 6262
4126
4142
4074 2368 2375
4142
4919 4125
163
4919
4919
6690 3509
4920
2645 2374 5951
3305 4921 5468 1786
4921
4919 4920
4125 4919
4142 4921 4920 4919 4143
1538
4143 4920 3408
4920
4142
4920 163
4921
4920
2317 3878 1531 4899 2754 2261 4263
4920
4919 4142
3269 263 3924 3900
4921
4919
2369 5509 1547 2353 5415 5897 5395 5332 2800 2355
4919 1538 2538
4136 1538 602 720 2362 2378 1622 4731 6986 3269 5847 4443 3298 5746 3509 2378 6693 3298 5746
994 1394 1388
4142 4920
4126 4919 4136
2972
4125
6179 4126
4104
2944 4126
5994 1533
4142 1846 1846
4919
2651 2651
4921 4142 4112
4142
4126
4921
4920
2944
4125
4921 2968
4919
4920
4919
4065
3877 2956 2972 4218 4074 5801 3334
4126 4920
4131
4919
675 1855 1167 601
4126 2968
4921
3509 6292
4921
4127 2972
4217 5976 3893 5650 5796 5584 2956
4921
4919 2968 5450
4921
4919 2968
1531 6069 674 510 602 4920 1848 1853 674
4919
4143
2946
4143
5920 4136 2944
4921
4919
4921
6424 4126 1532
4143
4126 4112
4920
4112
4919 4125
4920
4920 4115
2321 2797 2853
1394 4920 1397 717 891
4142
4921
4920
4125 4099
4920
4081
2325 5941 6722 4143 1615 394 1361 699 460 1270 1882 373 1315 720 1364 500 1304 2440 4218 5977 5976
4919
4142 285
4920
4128
4132
4921
4443 3510 6728
2972
3509 5324 2229 4126
1968
4131
4921 6970
4143 3640 5326 2776 3875 3881
4143 4127 4135 4130
1538 1538
4142
4921
4126 4920
4921
4143
4142
4920
4920
4142
4126
4921
4142 204
4143
4921 2968
4142 2968
2634 4426 2628
6182 4126
4919
4142
4125
6722
64
4143 4074
4921
4126
4142
4920
4143
4143
4142
4142
4143
4919
2366 2250 4218 1785 4919
4142
4919 4136
3907 2258 2797 3270 4433 282 4223 6723 2214 2754 2968 6855 3878 2650 3045 1547 3898 4264
4142
4920
4920
4126
4142 2972
2584 3639 6320
4142
4126 4920
65 4143
4921
4920
4228
4143
3334
4074
2968 4142 2972 4136
2164
4112 4142
2944 2369
4142 2968
4921
4142
4125 4142
4127 4142
4142 68 2968
4126
4919 163 163
4074
2946 4142 2946
4921
2972 4143 4125
4142
4143
4126
4074
3902 3724 5634
4919
2968
4125 4112 4099 4142
4074 4142
4143 4112
4921
4920
163
2956 3668 6325 2944 6236
4143
4126 2944
6266 4919 4921 4920
4143
2318 2645 4126
4919
5980 6723
6487 4126
4920 4921
4129
1751
4921
4142 4112
4142
3543 2855 263 3543 2855 263 3275 263 2855
4125
4142
4142
1759 4143
4142
4112 4125
2968
4143
4920 4126
4919
4112
4143
2832 2369
4920
4920
2363 3274 1703 5749 2317 1389
3510 1547 1871 1622 5929 3510
4126 4142
4125
1375 892 887 1398 868 893 1377 1398 1377 892 1375 1394 5249 5740 1398 868 1377 1375 892 870 868 1375 897 1377 892 1398 1399 5913 3391 263 3391 5913 699 1164 642 643 3543 4720 2756 263 263 6377 2884 263 3437 6727 2390 6732 263 6729 263 2779 6732 6727 6014 892 1375 868 1398 887 1377 889 6986 3541 4716 5918 6727 263
2972 4087
4920
4125 4920
3642 263 5287 3509 1547 2643
4127
4126
4919
4921 2968 4112
1757 1704 6981 4143
431 890 4921 4143
4143
2896 4919
163 4921 163 163 163 163 163
4920
4125 4142
4112
4143
4143
4920 4143
4143
2797
4143
163
2968 6222 1532
4135
4921
4143 4126 4130 4112 4126
1507 1468 1477 1474
610
4919
4143
4143
2899 282
1699 4103 4921
3292 1760 3334 2797
4921
4142
2943 4076 2944 2949 4125
4919
2369 3906
4143
4074
4920
4921 4126
4142
4143
4921
4143
1740 545 1737 1622 2797 3639 2943
3892 2833 2635 3893
4112
4112 4112 4112
4920
4919 4112
4125
4126 4919 2968
2634
4112
4920
4921
4919
4919
4920
4112
4920
4112 4920 4112
163
4112 4920
4142
4125 4130 4135
4142
4125
6712 2640 2643
4126 6655
4142
4143
2968 4920
4919
4132
4920 2968 4142
4143
163
163 163
5489
4127 4919
4919
4142
4143
4112 4921
4921
4143
4921 4982 5953
4919
4921
4142
5980 6969 4921 2826
4126
2946
4919
620 1850 605 686 4921
4920
4920
163 163
4142
2287 1993 5938 1738 709 4920 709 2287 6299 709 709 4125 6185 2020 2220 2220 1547 2832 5844 3437 3350 2968 709
4919
4125 4142
163
4920
287 287
4143 2968
2956 163
4921
4143
4125
4920
610 607 1848 682 4920 2578 5844 5929 2326 3962 3559 3559 1813
4143
4142
4273
3737 4280 1547 2773 3510 2444
1532
4919
4142
4919 4143 4112
4143 4142
4142
4919
6979 4131
5951 2382 4921
4126 4142
4921
1710 4142 386 5550 396 4074
4919
1738 1871 721 693
4143
4920
4919
2873 1622
3309 6012 2369 2773 2779 6689 1758 1533
4125
1707 3510 3643 3260 5978 3265
4920
4112
4919 1967
4142
4125 6057
4142
4142
4921
4143 1846 1846 1846
4921
4920
5396
4143
4920 5324 3338
4125
4143
2461 431 2465
4919
2972 4720 4746
4126 4919 2944 4112
4074
4920
4112 4142 4112
4920
4074
4142
2643 2317 263 2643 3510 2643 2317
4125 4920
4143
2943
2968
4135 4919
4074 6242
4143
4919 2944
2368 25 1716 2972 1732
2946
4125 4919 2968
4136
4142
163
4142
4920 67
4919 1533
4920 6969 1547 3873 3269 4218 2363
3509 6921 5820 2320 5607
4919
4143
285 2968 4919
4919
1855
4919
4920
4126 4921 4125
4142
4125 4143
4142 6912
4142 4143 4921 4920
2322 3437
4920 4112
4919
6980 6969 2368 2216 3921 6971 2368 3880
4920
3899 2319 6410 5525 2325
4142
4142 1533
3309 263 3307
4921
4921 4074
4126
4142
4143
4112
4142 2690 1718
4112 2972
4142
4125
4919
4921
4125 4920
4136
4142
1533
4920 4921
3379 1685
4125
4142
4125
6178 4920 4126
4920 1538
4126
4919
4142
4142
2214 2325 4401
2333 2932
5823
4131 4920 4131 4131 4131 4131 4131 4132 4131
4115
4143
4129
4920 4125 4921 236
4112
4142
4921 5978 2459 2481 2466
4920 4101
4921 1862 1862
4921
2968 4920
4919 4127 4112
4074 4087
4143 2944 4129
4125
4921 2968
4136
4125
5624 5496 1697 6313 1547 2762 1692 3962 6012
4919
4142
4051
20
4137
4920
2876 2972
4920 4112 1538 4112
4921
5941
6706 2972 2966 4125 6266
4143
4142 4074
4142 4921 4126
4074
4125
4142
4142
4126
4920 4125 4099
4142 431 4143 1131
4142 4112
4142 4919 1538
4112
674 3510 1855 507 2983
4919
1538 3548 3509 1697 5344
4142
4142
4919 2968
4142
4142
6185 4920 4126 4112
4920 4112
4126
4920
4920
3340 3372 3887
4919
4919
4919
4919
1400 1378 431
5607 5633
4921 4135
4143 4126
4126
207
4125
4921
4921
4074
4919
163
4126
1538
2943 4126
4920
4920
4112 4920
263 5747 3338 3873 3338 5747 263 4074
4142
1738 1855 699 709 6969
2366 4428
4125
4112
4126 1776 2901
4143 3357
4919
3334 2251 3344 4303
4921
163
4112 4142 6187
4143
4127
4920
4920
4126 2766 2778 4126 4126
1081 1390 5852 5792
4142
4142
4920
4142 2968
4143 4074
1532
4143
4143
4112 4919
4919
4921
4112
4920 59 228
4126 4126
5607
2216 5616 2778
4126
163 163
4920 54
1615 2797
4112 2972
163
4919
4143
4919
4125
163
4919
4920 2944
4919
5844 2769 2552 3268 3269
163 4920
2968
5141
4099
64
2628 6318 263 4533 263 1776 4533 2628
4919
4074 4920
4920
6693 6906
4143
4125
4143
1862 542
4126
2968 4143 6364 5607 6382 1731
1780
2062 2063 2063 6971
4143
4074 4142
4142 4112
4143
4919
3324 6971 6971
4142
2972 4920
4920
4919
4126
4132
4921
4921
4074 2944 4921 4112
4101
2944 2547 6388
4142 2968
1369 1264 1352 394
4919
1532 4142 1532
4142 4074 4074
4919
163
4143
4142
3510
6443 4125 4143
4919
2972 4136 4920
163 163 163 163 163 1538
4119 4920
4143
4074 2944
4112 4921
2832 5919 6287 5952 4142
4920
4920 4125
4142 4126
4126
4136
4920
4920
5929 5941
2968 4920
4919
1532 5164 5406 6080
4142
4142
4125
2322
10
3851 7057
4920
1388 1119 991 1075 264 1479 1394 970 264 1075 1119 970 1479 1119 264 1394 1075 3270 3644 263 1987 1388 1119 1075 264 1394 716 3643 263 1988 3270 1394 1075 970 264 1119 1388 263 2263 2261 3270 1075 716 1394 1479 1119 264 1389 1394 1119 1075 263 1388 2263 263 3270 2261
2949 5925 6326 4919
4129
4919
4125
4142
4143
4919
4919 2972 1704 418
2934 2944
4126 4920
4126
4126 4143
163
4920 4125
2968
4142 600 5913 1853
4126
4919 4920
4920 4132 5521
4921
4143
4920 2972
4920
4919
2972
4142 3189 4696
4921
4919 6926 6927 6688
4919
263 5372 2777
1868 515 263 515 521 263 693
4921 4112
4919 4112
610 507 700 4919 163
263 1466 1495 1518 1474 1162 1479 1127 716 1082 263 1175 1211 1771
4919 4126
4920
4919
4126 6179 4112 4112
5945 4919 5941
4142
263 5770 6990
4130 4103 2972 2901 4143 4130 4132 4103 4130 4130 4132 4130 4103
4142
4143
163
4142
4136 2943
4919
4142
4919
2576 6796
4919 4112 4112
263 3423 2820
2835 2834 2834 2820 263 2820 890 1400 431 3558 4718 263 2820 263 1155 891 1400 264 2224 263 2835 2820 2834 1547 6395 6396 6395 5328 4439 2682 3261 5330 3338 890 1147 3338 6012 1147 1394 5329 6985 4401 3049 890 957 1156 5848 5328 263 3049 1547 2225 263 890 955 4264 3338
4142
2972 4920 4126 1697 4919 4112
163
4142
5951 6674 1818
4142
4131
4919 4125 4099
4921 4065 6313 2362 6855
4143 2802 5844
4142 4143 4143
2363 5629 1072 2363 5643 3269 3316
4920
6006 1533
5852 3334 263
5941
263 4631
4919
3510 1796 6800 2797 2631 4919 1538 2631 3510 2249 6690
4101 4142
6703 4126
2944
163
4143
4143
4142
4142
2368 3144
4919 2968
4919 2968
4921
4218 2754 3298 2769 2375 5339 3875 1547 4919
4143
2250 5326 263 5324
4126
4142
5606 2066 3877 1547 2236 5496 2369 2650 3275 3916 3269 3338
4921
12
4920 2936
5496 1728
4920
3338 5740 263
4919 1846
2949
4136
4919
4143
4142
4920
4919
263 4175 3420 6972 4443 5640 263
4143
2164 4126
4142
263 5801 3899
4920
4919
2326
4143
4920
4142
163
5941 2640 263
4920 4129
2134 4112
4143 4127 4103 4130
4142
4920
4074 2968 4112
6969 2826 263 6986
2853
4112 4142
2261 2262 3003 5607 3886 263 163 3334 6392 5918 1547 3717 4523
3260 1533 4112
4921 4919
4126 4142 4126 2911 5272
4142
163 163 4142 163
4143
4143
4112
4143
2585
4143
4920
1738 7333
4921
4919
4920
4920
4143
4444
5607 2552 2023 2645 4920
228 4919
4920 4112 4143
4920
4126 4125
6367 3510 4142
2633 5607 4142 277 2773 6926 1829
4142 4921
4920
4919 4126
375 4142
4142
6689
4142 6969 2249
4143
6722 5616
2956
4143
2465 2466 1760 3647 6972 2363
6969 3877
4142
1547 5925 6691 263
4919
4142
263 3919 6985 1988 6985 1547 3334 263 6985 2343 5740 5740 6985 5339
4142
4125
1533
4143
4125
4126
4919
1841
3952 2633
4919
3509 4921
2944 4112
643 1853 263 674 700 1672
4143 1532
2613
608 720 6346 1865
4919
350
4919
4919
4919
4103 4920
4919
4142
263 1547 2884 5925 263 6687 3391 1547 5913 1547 263 2643 5913 5925 1547 2643 5913 263 5925
4921
4126
855 857 4921 855
263 3263 2216 6377 263 3424 5287 3510
163
4142
4920
4142
4136 4921 4136 4136
4280
4921 4112
2797 1547 2366 1532 3270 3268
1538
4919
4074 4920
4143
4920
4126
4921
4921
93
4142 2968
4112 4919
4921 4125
4920
4920 4920
4921
5952 4921 1533 2317
4920 4051
4919
4142
4126
4921
4920
4136
344
5645 3900 3268 1738 3274 3638 3642 3881
2797
4919
4126 4143
4143
4921
4919 2833 2369
4919
3885 3890 3391
2773
19
4112
4142
4920
4127
4142 6333
4126 5951 385 1709 5941 4143 1738 6979 3334 2756 1738 1738 4126 5772 4440 3877
6690 6914 6688
4074 4126
4136
336 270
4143
2968
2956
2968 4921
4099
4143
4921 4112
4921
4126 4919 4131
4143 4919
2972
4920
4126
1693 2855
4126 1531
163
4143
4921
4919
2362
4126 2956 6690 4919
4142
163 4143
4921 2972
4142 4921
4143
4920
163
2944 4143
4920
4142
3391 3298 6674
4921 4129
4125
4136
4126 6179 4099
4126 4143
4142
4920
2944
2972 4921
300
163
2440 263 3261 263 1780 5875 6398 2363 2807 5925 3622 263 6284
4125
4142
4136 4920
2968 4919
4074
263 3647 6983 3921 4401 263 3318 263 6356 6729 2628 2797 2319 3889
4126 6178 2968
2369 1531
4112
4126
163 4143
1758 2369 264 2634 263 2369 4692 6969 263 6969
6691
2362
4921
4919
4919
2651 3910
4136
4143
2819 4 1 5752
2968
6970
4919
4143
4920 163 163
4921 2968 6441 4126
4125 4099
4920
4143
4919
4919 4143 4142 4919
4920
6972 3338
4920
4919
4074
163
4920 2944 2972
163
4919
4919
4136 4136
4143 4112 2797
4920 4126 4131
4142 4920
4143
4099
5633 5463
163
4920
4125 4130
2333 2362 6398 263 1547 2333 3944 263 2547 2333 263 3261 263 3915 2369 1547 3944 263 3915 3510 2333 263 3944 6308 5530
2723 263 2390 4420 682 1615 263 1862 1164 263 6398 5329
4112
2797 6398
4126 2944
4143 4112 4142 3274 5607 6012 3881
4126
4074
4142
4921
4131
2972
4920
3275 1533 3319
4921 2775 3341 3877 3299 3910 3887 1533
4142 2968
4143
4919
4074
4143
4143
4143
4919
4537 4438 2640 1682 2369 1743
263 4440 6969 3255 3317 263 3510
4143 4074
4126
4136
4142
3320 3952 3454 2968 3649 3323 6592 1532
431
1760
4142
1722 387 3509
4142 1776
4919 4142
4143
4126 2901
4919
4919
4126 2972
4920
4125
4143
4142
4921
264 1672 1738 1701 688 502 686 1853 1738 510 1672 264 502 1853 1738 701 264 163 264 701 1738 1672 1853 1672 701 1853 1738
4921
4126
4142
4143
263 6308 6723 6972 6723 2220 263 2220 263 3269 2650 2089 1987 6308 6723 2220 263
4143 4919
4143
2440 3153 263 4280 2870 6687
6969
4919 163
6251 7123
4919 6723
4919
2236 1547 3730 3716 3137 1547 3296 3730 3716 3655 2446 2446 3194 1547 3742 1547 3137 2446 3717 163 3721 2240 3730
4921
4074 4126
4919
4921
4143 1531 1531 6005
4920 2968
4142
4125 4099
4112
5827 2634 4790 2322 4631 2835 3137 2797
4143
2167 2946 4143
163 4143
4920
2943 4136
4142
4136 6458
4142
163
4921
163 163
4919 4142 4921 4920
4919
4142
2807 6972 1776
6625 1533
4143
4142 4919 4143 4921 4920
4143
3327
4142
4142
4919
4920
4142
4920
4921
4919
4920
4131
4142
3414
4126 2146 2911 3499
4142
4919
4143
4142
4919 4921
4143
4125 4921
4919
4919
3510
4142 2375
5801
4920
2651 2862 6722 282
4920
4921 6187 4126
2873 3873 3921
2220 1533 269 3642 1743 5607 2834
2851 1827
4920
392 720 3463 608 4920
4143
6927 6689 6299 2367 4142 1703
4143
2374 3282 3319
4125 4919
4142
2754 4217 3307 1837 4142 2873
1533 3806 5532 3805 1533
4126 4172 2972 4172 4632
4920
4126 4132
4143 4143
4125
4921
4921
4920
4127
1378 891 1135
4112 4142 4136 6176
4126 4142 5945 2828 2968
4919
4142 4919
4142
4919 4920
4125
4142
4805
4919
4142
4112 4125 4919
3297 4143 1859 1871 718 1840 1825 3297 2382
4143 1046
4920
2458 4919 2333
4920
4921 2374
6822
4919
4919
2944
163 163
4142
4919
6178 4126 4143
4921
2325 1783 2325
4137 4137
4143
2329 2331 2827
6969
4143
4919
2236 1547 263 2229 2230 263 3297 3656 3623 3922 2825 263 3622 1801 3922 2329 2769 263 4439 1547 263 263 2825 2851 2329 2633 263 2643 3376 263 2329 2623 3922 2643 263 890 1379 2884 5496 263 3655
2832 2851 5844
4126
3882 3653 2665 2773 3916
163 163
4921
4919
4920 1445 1424
2968
4919
4125
4142
4142
2319 1728 6979
4919
4128
4143 4142 721 1669
4920
4136 4143 1538 4142 4142 1538 5650
4921
2797 4462 2368 2628 1547
4128
4143 5628 1710
5099 5882 5941 5676 4746 500 6729 5088 5616 2645
163
1738 1853 1166 1848 504 264 1864
4099
431
6733
4125
1772
771 824 752 431
4126
4920
3309 2834 4074 1988 3318 6986
4132
1533
4919
4125
3404 4143 2665 6969
4127
5952 3974 3972 5335
4920
163
4125
2643 4125 4142
1737 1740 1622
4126
4125 6444
163 4142 1538 163 1538 163 163
163 1780 4692 2665 6732
2968
163 163
4129
4919
3559 1547 263 3541 1708
6165 4125
6926 6926
4920
1704 1698 1767 5806 263 1738 721 1737
891 264 1155
2363 4632 4126 6457 4112
4074
2797 602
6500 4125
3877 5929 3545 1829 1133 1118 1080 1082
163
1547 5827 6969 3510 2366
3509 6987
4127
1532
3922 3275 3510 3201 3265
163
4126
2833 6986 2382
1785
4125
4920
285
4920
4921
693 1737 1622 5081 5057
5839 1533
6261
4125
4132
163 1538
163 163
4074
6073 1533
263 2362 3882 2633 2024 263 2362 2024 2362
1750 5470 4129 6259
1412
4126
525 641 667 1853 720 674 720 641 667 667 509 1853 667 608 525 525 1855 667 641 667 602 525
4126
4126
163
4126
5925 4217 3307 2754 610
4920
4919
2944
3358 5975
4125 2943
4112
2972
4049
4136
3274 3275 3273 3275 3273 263 3275
2954
4112
4074
3510 6307 4425 3510 1164 680 602
5631
4087
2538
4126 4125
6182 4125
199 126 2633 4663 642 1868 1853 1615
4136 1378 431
4101
4136
6723 3441 263 3752 3045 3719 2646 6324 263 5826 3347 2646 2646 3559 3753 4717 4899 2382 3338 5826 3744 3441 1836 5826 6985 3753 2646
4125
6927 6926 7353
4126
4112
6711 3008 3171 3262 3157 3473 3415 2224 5844 2185 2911 5844 5844 2243 4401 2826 3510 5845
4126
163
4125
3880 2833 4264 2459 2797 2754
4125
2797 3889
4129
4049 4126
4143
4921
5250 263 2797 2624 4439 5913 3637 263 431 1144 891 5842 2587 2643 1547 5630 3877 263 2797 1382 2317 2832 3423 5629 6990 2369 5246 5925 891 431 3889 5918 1547 3877 2643 5246 2538 1547 2996 263 5925 5913 893 891 431
1533
4126
4920
4099
4103
4920
163
4112 4112 4112 4112 4112
3269
163 4439 2857 163 4631 3510 2857
6179 4126
4126
4920
6690
4136
4136
2944
6180 4136 1763 2362
1 1
2382
163
3907 3640 1533
4126
2946 3503
4126 4125
4921
3
