4142
4921
4919
4921
4919
4142
2643 2584 2643
4143 4919 4142 285 4919 4142 4920 4921 4143 4920 4919 4921 4919 285
4142
4921
4143
4921
4125
4921 4919
4142 408
4125 4142
4142
4142
3374 2862 2968
4142
4143
1915
4142
4142
4142
4112 4921 2777 2872 5925 3907
4921
5865
4920
4142
2968
4920
4920 4074
4920
4142
4921
4143
4126 4112
4142 6688
4125
3373 3269 2780 4143 6727 2780 6727 3386 3195 2968 4280 3268 2383 5950 3275 3373 2778 2211 5929 6722 6674 5929 3380 4281 3386 3386 3373 3408 6969 3379 3269 3268 6855 6969 3380 3379
4919
4142 4921
4921
4921
4919
4142
4921
4142 4649 1937
4142 2968
4920
4142
2968 4142
4143
4919
4920
4142
4126
4921
4921
4142
2968
4112
163 4919 1538 4142 4920 163 1538
4142
4126
4920 4142
2948
4126
2968
4125 4143 4112
4132
4125 4126
4142 4125
4143
4142
285 4919
4921
4128
285
4920
2368
4746 3655 3510
4142
4919
1538 4142
2944
4142
4142
4142
4125
4128
4125
4126
4142
4125
1 408
4131
4921 4112
4126
4921
4919
4143
4143
4143
4142
4919
4919
4921
4135
4142
4143 2940
4142
4126
3509 4 19
4142 4112
4921
6691 1532 6020
4142
4142 10
4921
4921 1820 2827 6377
163 2527 4027 5969 1707
4921
4919
4126
4143
2374 3318 6231 6855 4215
4143
4142
4142 4143
4921
4126 4142
2968 4920
2944
4142
3509
4142
1703
4919
5752
4142
4920 5953 1685
4126 4142
1119 1082 896 1517 1471 920 1498 1474 2382 925 2797 1119 2220 970 2326 4142
4919
4126
1827 1547 1835 4076 6722
4128 2943
4142
4142
4921
2968
4921
1745
4142
4142
4920
4919
4126
4921
2944 4136
475 525 667 2326 2326 500 699 475 2326 667 525 642
1916 4142
4919
4142 4064
4126
4142 4112
2968
4142
5796 2220 4857 4837 4216 5793 2390 2213
4128
4143 4921 4142 4920 4125
4125
4142 4919
4919
3510 4524
4142
4129
4143
4921
4126 4919 4126
4142
4920
4921
2968 4920
4919 4112
4919
4920
4143
4112 4921
4136 234 244
3388 4440 2466 3379
4126 4921
4142
4143
4125 1705
3028 4920 5218 6921
4090 4919
4143
4143
4142
4920
4128
4143
3269 3153 3546 3910 5827 3987 3268 6723
4745 4899 1164 4142 1738 1738 2369 4248
4129 4143
4143 4921 4142 4921 4920 4142 1538 4919 4921 4920 4112
4143
4143
4143
4920
4920
4920 4112
5650 5632 1704
4126 4143
6722 2369 2380
4921
4142 4291 3379 3195 3018 3030
4142 4921
4143
4143
4142
1749
5335 2322 5975 3269
2968
1533
4143 2968
4125
4142 4112
5
2946 4126
4919
4920
4142
1716
4919
4143 4126
700 542 475
3494
4920
4142
1871 610 1772 4143 1622 1772 610
4919
3857 604 1738 7358 1855
4920
4103
4143
4143 4142
6969
4065
4125 4099
4112
4142
4142
4142
4921
3138 4919
4126
4125
4920
691 547 607 602
4142
4921
4142
4919
221
2710
2764 3892 2801 2236 4125 6470
4112 4921
6723
4125
4125 4919
4125 1745 1844
4142
4142
4919
4112 4921
4921
2956 2972 4137
7056 4921
4112
4126
2605 4920 6969 1837
4143
4920
4919
4125 4920
4919 2944
4920
4136 2968 6457
4125 4920
4136 6179
5900 269 4921 4631
4126 4131 4130 3620
4125
4126
4142
4920 4143
4125 4921
1670
4921
25
1 4142
4126 6555 2944 4142
4129 4921
5469 1704 5495
4919
4920 4542
4126
4920
228 1533
4142
4126 4142
4142 4126
4142
4921
4112 4919
4125
4919
4142
5746 2893 1547 4865 4356
4142
4126 4921
4920
4920
4920
2216 2828 4921
4920
4919
4921
5325 3877 2497 3878
4142
5952 6330 2237
4921 1836 1785
2968 4921
4136 4919
4919
4142
4919
4919
4920
2968
4920 223 2368 6971
4920
716 5214 1086 1047 1120 1391 1128
4142
4142
2968
4921
4921 2369 5330 6392 2820 2326 4125
4125 4920
4920
2968
4126 4143
4920
4920
4142
4919
4143
4143
4126
4921
4921
4126
4126 4142
4920
4142
4919
4142
4126 4142
4920
2972 2943
4125
4921
4542
2968
4920
4920
608 4131
4126
4921
4920
4921
4143
4920
4143
2972
4136
4125 2968
2968 4112
4143 4920
4921
4142
4920
4920
4920
4921
4920
4919
4921
4142 4125
4126 4920
4919
4142
4143 2968
4143
2804 3559
4920
4919
4919
25 20 4142
4920
4919
4919
4412 5335 5839 3778 3318 3782
4142
4131 4130
4921
4142
2968
4142
4919
2322
4920
4143
10
163
3637 6355
1698 263 3669
2765
2968
4919
4125
4125
4921
4920 6921 4443 6732
4920
4920
4920 4919
4920
4921
408
4920
2956 4919
4919
163 163
2953 5563 2911
13 4920
4142
4920 2797 460 503 686
4074
4126 4921
4125
4143 1846
4065
4142
4920
4142 4125
2363 2237 3340 4143
4143
4142
4125
4920
4126 4920
2968
4143
4921
4131 4143
4142
4142
4142
6266 4125 6267
3869
4126
4920
4921
4921
4921
4142 4112
4919 4921
4920
4125
4920
4921
4112
2214 2369 5640 3193
4143
4142
4112
4919
5844 4919
4125 6178
4919
2968 4921
2828 4143 4112
4919
4920
4126
4919
4920 2934
2968
6927
4919
4126
4125 4919
4142
4143
4919 4112
4920
3278 3644 2317
4125
4143
2968 4919 4143
2968 4921
4112
4921
4919
4142
2368 4307
4112
4921
4142
4920
4142
4142
4142
4112 2968
4920
4142
4143 4142 4919
4142
4919
4921
4142
4142
4125 6183
4131 4919
2944
285
4142
4143 6926
4921
4142 2972 2181
6927 3638 5852 5475 3510
4920
4136
4125
4143
4143
4126
4142
4217 3374 2374 2862
1 1
1704
4143
4921
2968 4919
4920
117 102
5980 2362 6924 2851 6922
3643 3274 2317
4919 4142 4921 4142 4919
4125 4099
4125 2943
2972
4919
4142
4142 1997
5441
4142
2764 2644 3509 4904 2390 3875 5840 4223
4143 4142 4919 4920 4112
4919
4143
4142
4142 4126
4126
2363 4921 4438
2366 5750 5839 6242 263 1708 5793 2849 1708 5795 6360 6723 263
3201
5631
4921
4142
4142 6413
4142
2968 4112 4136
4143 4919
4126
4920
4142
4126 4142
4143 4142 2968
4143
4919
4115
4132 25
4582 2585 2631 1394 263
2972 4142
4142
4143 2943 4126 5609
4125
4136 2147 4921
4126 4142
4067
384 1681 4920 2972 794 794
4921 2329 2944
4142 1533
4921 2756
4142
4131
4920 2968
4142
4920
2229 4920 2317 5193 1547 4143 2384 5182 4443 4142 1757
4142
4919
4126 4919
4142
2754 1622 4919 6336 610 5625 6969 1855 1622 610 1622 6336 1785 1855 3510 5839
4921
2968 4921
4112
4920
4920 3509 3415 4920
4142 5844 3894
4921 4142 4920
6988 2220 6990 5929 1835 3437 5628 5623 5740 3261 1533
4921
6335 2635 2635 6335
4142
4142 4112 228
4126
4921
4920
4125
4920
4125 4112 2855 3334 3408
4143
4142
4142
2989 2934
5214
2944 2968
4921 4112
4142 4112
4921 2968
2368 3509 6723
6242
2968
4142 4112
4920 4143
4920
4126
4142 188
4921
4921 4919
4129
4126 6179
4126
4126 2191 4112
4921
4125
4125 4142
4112
4919 3106
1531
4142
4126 6183 6178 4126 4921
4920
4125
4142
4550
4112 4112
4125
4921
4143
6299 5623 6012 3914 5633 4223 3878 2546 5640 3907
4126
4921
4142
4919
4921
4920
4921 1820
4920
5941
4125 4099 4074
4921 5639
4142
4142
6969 2944 2797 6294 5977 5941 4919 6294 6977 2856 6978 4164 4920 5941 6969 2199
4920 4126
4273
4142
4125 4921
4129
1447 1425 1440 364
4112
4919
4921
4921
4920
4126
4921 4920
4919
4919 4125
2631 4919
4142
5827
4921
4142 4112
4920
4143
5941 3274
4919
4919
4142
4143
163 4920
4143
4919
6800 6969 4280 2497
4125
4143 4919
1533 6208
2944 4143
4920 4921 5451 4143
4920
4142 4919
4921
4142 4112 6182 4125 4126 1532 3502 5929
4919 6855
4920
4921
2956
1533
4921 4112
4142
1779 263 2586 2481
4126
6235
6359
4142
4126
4920
4919
4921
4142
4920
4142
4920
4142
4920 4081 2954
4919
4142
4125 4142
1533 1538
4126
2921 2903 6895 4921
721 1840 4920 390 1826 5941 3363 610 6855 6402 2968 394 3371 5941
4125
4125 4143
2968
163 1538 4142 1772
4919
5262 2566 3404 5256 3275 2282
4112
4921
4920
2943
4142 4103 2540
4920
4919
4126 4921
4142 4920
4074
4142
4125 4112
4921
1622 721 1871 2797 1871 3334 3274 1871 1871 1622
2944 4132 3408 1763
4919
4921
4921
4142
4125
4126
4921 4920 4919 2968
4921
4921
228
4664 4919 2797
6969
4126
4920 4919 4142 4921 236
4128
4126
4126
4125
4921
4136
4921
4125
5631 5512 2506 5532 2215 3102 2540 2226 6365 3423 2437 2806 2215
4103
2465
