2369
5951
4126
4694 5951
2478 5631 4112
5952
5951
5951
5951
5951 4112
5951
4127
5952
5952
5951
4126
64 4112
1538 5951
5929
4112
4136
5865 5865 5865
4125
2968
5951
4112
5951
5951
5951
4127
4128 4126
3275 3892 5770 3875 3268 4663 3878 1547
6969 3373 3276 3386 4291 3379 5951 5945 5952 6727 3373 2642 3274 5545 6971 6723 5945 3274 6727 3373 6978 4291 3386 3373 4291 6969 3379 3276 3380 2382 6969 4291 3269 3408 6969 3373 3379 3276 2811 3147 6727 4175 6727 6283 2209 3373 2382 6969 6674 3697 2381 4730 2382 3386 6971 6969 3379 1531 3386 3379 6969 5820 2382 5929 2811 6855 6734 6722 3269
2968
5952 4112 4112 4112 4112 2972
5951
5951
4129
5951 4125
5952
5952
5951
3268 6723 3910 3269
5952
4112 2968 5952
2972
4126
5951
4125 5607 2368
4125 1699
4112
285 4542
2968
5941 5951
2544 4128
431 856
4125
5691 5951
5951 2968
5952 4112
5952
3299 3341 6668 5624
5951
5952
285
5952
4112 5951
3 5951
5951 2968
5951 4112
1738 641 640 1738
4126 2944
5951
5951
5951 4125
6
1716
2263 1531 2862
4135
3374
5951 2494 5631
4125
5951
4126
5951
4112
6722 2319
2249 2437
2968 1707 4112
4126 5952
1738 1622
1531 3270 6431 3548 5952 5941 6359 4218 2833 2764
2968
5951
2968
5952
5952
5952 4112
7267 282
4125
5952 6014 2368
2968
4126 1532 1471 1517 1467 1496 1474 1473 1454 1513
5951
5951
5951
4126
5952
5951
187
4126
2968
4099
5951
4126 5951
1916
4136
5951
5952 4112 6855 3893 4997 3022 3881
5951 4125
2968
5625 2478
5951
4126
4125
6988 5951 6988 6976
5951
5952
2643 2776 920 2241 1547 2240 2649 3268 3898 4217 6976
2458
4542 2968
2968
5951
5951
3338 5951 3336 3260 3906
1927
2972
5951 408 3201 6971 5631
4129
4112
5951 4136
4125
5564 1829 6691 6366
5951 6978 5625
5951 2797 2968
4112 4099
5952 4101
5952
4128
4126
5951
3316
1531
5952 2503 2540
4132
2968
4126
4125
5952
4125 6454
5951
5952 3276
2968
2968
5623
5951 7
2968 4125
5951
1749
4128
5951 2968
4127 5951
5952
5951
1915 6796
5952 6169
1720 1720
5951 4112
4126 4112 5625
5951 2755 1701 5952 610 1772 2797 610 2972 602 602 1776
4125
5951
5951
4126
5951
5952
4561 4878
4904 4905
4125 4099
5951
5951
5951 2972
5952
3907 5952 3509 3642 3274 6012 4631 3892 4663
5951
5951
5952
2972 2968 2972
4125 4125 4125
5951
4914 3365 689 502 620 666 547 689 602 721 1622 693
4125 4115 4099
4112
1685 4125 5952
6372 5952 3274 1547 2236 6855 4444 3906 3964
6278
6914 1779 6926 2965 2972
5951 2968
5951
5951 2911 2152
4112
5952
1538 5952
5951 4112 2503 1757
5951
2134
5951
63
2968 5951 4126
5951
4126
5951
4127
4112 5952
5951
4112
4125
1738 500 512 1615 699 674 647 478 645 641
5952
5951
2972
5952
5754 5460
4125 5607 4112
2972
5952
5951
2968
5951 6719
5951
4125
5952
5952
608 610 548 677
285
4074 4074
4112 5951
5951
4127
5951
5951
2
5952 4112
163 163 5951
5951
5952 5298 2723 3165 2682 5976 3316 2326 3518 2729 1547 4525 5344 2634
4112
5951 4112 2968
5952
2968
5952
4112
5951
2797 1707 3055 5951
5951 2968
5951
4112 4112 4126
5952 1737 3269 1746 1737 3269 2367 5951
5951
4125
5952 4126 4112
4125
4112
2918
5951
5951
5951
6346 5625
5951
5951
5951 2968
5951 6346 3211
5951
5951
5952
4126
169
5951
5951 4112
4126 4112 2943
4125
4112
2968
2968
5951
5951 5625
4127
1825
5951
891 5951
2968 5951
5951 4112
5951
5952
5952
5951
4126
5951 2968
2968
5951
5951
5951
5951
5952 4112
4126
3545 3643 5335 5951 3509 2241 3889 2764 4899
5951
2645 5951
4126
5951 5625 2968
1708 4848 4572 1547 6250
4125 2968
2363 2528 5951
2968
5951
5951
4126
4131
5951 4112
4126
5951
5951 4112
4125
5951 5941
2968 4112 5952 4126
4125
5952
5951
4126
5952
1538 2458 2369
5951 2968
5951
163
6258 6796
4126
1862 6402
2972 4136
4112
5632 3153 1682 2465 2855 3269 2628 5372 2645 3271 3548 1547 4112 2458
4125
4126 4126 2968
1538
5952 608
2968 5952
6185 4125
4125
5951
5952 4112 4112
5951
3336 2369 4112
5951
19
217
5952
2184 4126
5951
3510 1690 3275 5951 1533
5951
5951 5625
5952
4112 5952
2968 2972
5951
5952
5951
5951
4126
4125 5951
5951 2968
2968 5952
5951 5531
5951
5951
4126
4112
4112
6008 4126 5951
5951 2968
2968 4125
5951
5952 1703 4112 2570 4135
5951 2797 5951 4112
5951
4126
5951
4112 4112
4129
5951 5623 5941 2968
1531
5951 4112
4078
2968
4125
2764 2333 2459 3756 6014 6666 1547 1703
5952 2797 4112
4074 4112
4112
4125
5951
5951
4125
5951
2134 5951 6839
4112 5952
2946 4136
5951
5951
3924 3269 2641 263 6727 263 3297 3924
5951 203 4126
5952
5952 2968
6985
5951
4112 5951
5951
4112 6346 5951
5951
5951 4112 4125
5951
4112 4112
5951
5747 3675 3794 5752 6929
1716
5951
3374
5607 3278 6366 5765
1
4126
4126
5951
5952
4132
4125
3274 3275
4125
6970
1967 5951
4125 4099 4112
2968 4112
163
3653 2320 7019 3898 3881 3890
5952
2968 5951
5951
3278 3650 5845
5951
6346 5929 5952
5951
5951
4125
5951
6346 6343
5951 2972
2982
3488 4081 4112
4126
5951
2368 5951 3509
2428 5951 4132 4131
5951
6346 5952 1757
5952 2459 2540
5952
2471 5623
5951 6346 4112
5952
2972 5952
4112
2956 5951
4112 5929
6346 5623 5951 4112
1916
5952
6855 788 3408
5951 4112
4216 5951 2303 5752 3316 3275 5752
5951
5951
2972 4128
5951
5951 5951
5951
5951
4126 5952
5951
2755 5952 5839 1855 604 3510 2968 6299
5951
2968
4125 5952
6299 2645 5951
3340 3881 2634 5640 5607
5951 2968
4126
5951
4125 4112
4112 5951
2944 2901 2898
5951
5951 5941 5625
4112
2972
4131
2571 4115
5952 6955 6722 6855 3264
4112
2968
2191
2185
5951
5951 1532
2968
3510
5951
2972
5951
4112 5952 2325 1973 2317
1531 5951 6346 2368
5951
2806
5952 3720 3914 6012 5295 2645
5951
2817 5624 263 3437
4125
4126 3668
2944 5951 2758 4112
1531 5951 4126
5195 3853 5344 5200
5951 2578 2461 362 1439 1447 1425 1076 999 952 1130
5951
4126 5951 4126
2968 5952
2140
5951
5951
5951
5951
5925 3340 4663 5925
5951 5625
5801 3412 5952 6974 6976 6976 6969 6012 4389 3412 6662 2901 3412 2635 4389 4440 5952 5950 5951
2972 5951 4112
4126
5951
1532
5951 5951
5951
4099
3638 3923 6929
4126
285 5941 5951
5951
1795 1738 1703 5952
5951
2922 2145
4131
4112
4136
4125
4074
4125 5952
5952
5951
2922 2907 3838 3517 4990
4136
4125
5951
5952
2968 5952 2461 2459
5951
5951
5951
3275 2368 3276 2023
5951
5951
4112 5951 5625
5952
5941 1772 6318 3153 5951 1772 3153 5941 388 5941 1723 610 3696 389 6855 5941 1825 389 3696 1825 5941 3692 5941 610
5951
5084
2968 5951 4126
4125
602 3509
5951
2972 4126
277 1533
5952
5952
4103 4099
4126 5951
5951
4125 4112
2368 5952 3268
688 1855 503
4126
1622 721 721 1622
1155 890 1394
4087
5531
6674 5475
6936 6936
1394 264 890
4125
4074
163 163 163 1538 163 2211
6696
4125
228
4126
4905 3509 2367 3265 2333 2775 4905
1547 3420 5624 6318
4125
2643 5610 5668
3086
1915
