2972
1378 431
1846
3893 3900
4112
4125
1622 1738 3510
4112
4125
2972
4125 4112 755 739 431 744 824
4126
3660 4126 4126 3660
4126
2968
277 6901 2440 3558
163
7334
4126 4125
4112
4101
1538 2968
4125
2901 4112 4126 4632 6666
2968
2972
4074
163 163
4112
4112
4129 2972 4112
4104
163 163 163
4125
4112
4126
5461 5460 5451
4125
163
6
4099
2369 2216 2379 2369 2368 2754 6330 2368
682 709 642 709 682 607 709 642 682 667 607 709 682 510 607 709 607 674 607 709 682 682 642 510 5829
5640 1622 604
4126
3274 2317 3644
4074
2645 4218
3541 2754 6410 4263 3338 2317
2968
721 1738
4632 4129
4112
4074
4126
4126
4126
163
4112
3869 3869
4126 2956
4125
3294 5827 6723 1532 602 2820 1738 6723 2237
2817 6981 1532
4131 4131
4127
4136 4112
5840 3962 3275 1862 1669
163 163 163 608 163
4136 4112
5820 2918
4129
4112 5839 6361
1738 1622
4125
4796 4112 2817 5634 4174 2140
718 1532
4632
4136
1538 3273 3875 3655 1986
4125
4112
163 163 163
4125
4112
4273 4136 4636 4074 4136
4126
1846
285 4694
4126 4126 4126
57
2968
4125
2968 4112
4126
4128
203
7175
163
163 163 163 163
2944
2191
4112
4126
3343 2375 3959 2369 2262
4126
2972
4126
4128
2164 4132
4112 4126
163
2945 4125
4136
2956
4131
4125
4074
57
2369
4129 4126
4126
63
4126 4125
4125
4126
2956 4112
3316 3893 2368 2817
4126 4112
1699
4126
2968
4125
163 163 163 163 163 163 163
4129
2177 4136
4126
2968
4112
2968
2968
4112
4125
163
4112 2972
4112 4125 6179
4112 4112
4074
1531
4125
4099
1855 3649 6814
4125
4126
4126
4101
163
4063
2944
4125
4125
4125 6458
4136 4112
163
4112
4132
2968
4126
1622 693
6110 1532 4112
57 188
1538
4074
4112 4112
4112
6067 4112
4632
4125
2946
4126
4126
6487 4125
2968
1400 895
4112
5517 6358 1797 1807
4126 2972
4125
4104
4112
2956
57
4125
163
3334
4126
6668 1739
4125
4125
4126
6251
2968
4126
282
4125 6178 2968 4112
4112
1547 3404 3338 5619 5952 2762 3338 1547 5752 5952 3404 5105 699 602 524 1672
4112
4125
4126
4112
4119
2972 3008 1776 3894 6231 4217 6012 1547 2461 1531 6510 6012 1776 5339 4533 6012 6231 3344
3882 3510 3307 2224 3307 6014 3510 3877
2944
163
6012 6407 2333
4126 4126 2903 6707
4074 4112
5951 4899 3892 3275 2644 5532 4898
4112
188 2968 63
4112
2968
4126
4125
1846
2944
4132
2968
2968
3875 2374 5844 2583 3307
2723 3894 2229 1715 1547 3298 2317 2833 2723 2368 3298 2229 2968 3894 1547 2833
4132
4112
2972 5270 4081
4125 6178
4125 6513
4125
1760 2538 1776 5951
163
4074 163
2645 1698
2972
163
4136
2968 431 1378
1073 324 2382 4112
2946 4125
4112
4126
4131 2968
4126
2972
4112
4126 6538
2369
4126
4112
2972
2943 4126
4126 4112
1531
4509 4441 5764 2023 2635 1617 2372 2023 6970 4775 4776 2088 2762 2756 2635 1757 4441 6970 6970 3372 2020 3209 2023 2369 6981 3509 2378 6970 2023
699 2797 1853 1885
4126 4112
2602 5616 2461
5976 4218 1795 2723 3037 6395 2729 6969 3906 2682 5229 5298 3165 2274 3030 2326 4525 1547 282 4439 2682 3882 3195 4218 3165 2729 2863 5298 4525 4898 5230 6969 3037 2440 2863 3030 3881 3195 3436 2682 3518 1548 2274 1680 5298 2862 6969 3205 5231 4218 4525 3558 1547 1795 2727 4439 1547 2723 7200 6572 4525 3165 2440 2274 2727 3558 5976 2863 2682 6971 3518 3037 3881 1531 3030 5298 5640 2326 3560 4781 5650 4218 7214 3275
4126
1521 1474 1514 1471 1482 1523
2972
4112 4112 4074
2968
2972
2649
2623 5929 2862 5633 5172 5796
163
2968
4112
4125
2362 1467 5844 431 1474 5845 4112
1532 3338 1987 4112
4125 4099
1795 1738 389 6723 1825 7188 2968 4422
2956 4074
3889 3881 3298
2968
285
4112
163
1813 3900 2369 720 5765 6410
2944
2956
2944
2968
2968
4125
2954
4125
2956 2972
4112
1532 4112
1750 1707
4132
4908 4218 6313 2797 5471 2496
1862 1868 720 1855
1707 5607 2542 1760 427 3098 5628 6969 2546 3139 2972
4125
4126
700 509 1853
4112 7056
2972
4125
6723 6295 5324 3877 6012
2972
4127
4112
4126 4112
3298 1848 3297 2797
4129
4126
2968
3771 2968 2237
163 163
2943
418 1670 4112 1670
2182
4127
5995 1532
4126
2968
4125
4125
431
4125
1855 1164 1738 2853
4131 4131 4131 4131 4131 4131 4131 4131
163
4112
2968 4112
2968 4112
1862
4126
4126
4126
324
4112 2274 2458 2459
4126
1532 350
2968
6013 5607 6014
4125 6176
4112
4112 4126
4112 2968
2164 2164
2944
2956
4112
5796 620 1757 1707
4126
1538 1538
4126
4112
1531 6063
2645 721 2381 1622 2833 4438 1871
4125
4125 1538
4112
163
4125
4126
4126
4126 2956
2856 2856 3509
6906
1622 1737 1871 1738 2322 1853 2375
4112
2369 5640
4125
721
2968
4126
4126
1531
2956
4125
2368
4074 4126
2972
2631 5531
2972 5607
2972
3340 2853
4112
1079 1120 924
4125
1531 163 1533
2968
2968
5607
4125
4125
4112
4099 4130
4126
1670
4125
4125
431 890 2797
2968
2997 3259 2727
4694
1532
163
2944
2968 4112
2164
344
4136 4112
4125
2368 5584 1855
4112
2972
5945
2972
709 2325 5845
2164
63
2946 4126
4125
4112 4112 4112 4112 4112 4112
4103
1846
6696
4129
5941 4537
1254
4112
4112
1531
1
4126
4126
4075
2968
4103
4125
4125
4125
2825 5607 2563 3881 5752 5325
4126
4112
4112
2934
4136
4112
2944
3541
2968 4104
4129
4060
2972 4112
6722 3889 2769 3749 4218
4125
4126
4125
4125
1757 2855 1704 4112
4112 4112
2968 4112
5496 1670 1767
2628 3273 6850 3265
4125
2970 4632 2968
163
4126
5740
4126
4112
4126
4103
2968
681 1738 720 1701
2651 2764 3753 5610 3317 4065
2972
2965 2972
4899 2317 3911 2263
2972 2901
5538
1538
3494 2899 3029
163 2968 163
163
2948
4074
4112
2943
4132
4126
6182 4126
2972
5446 2968 4703
2972
3952 3767 2382 4883
2956 4129
1533
5441 3276 3408
4125
4126
2972
4126 4126 6448 6448 4126
4128
6146 2634 1533
204
3910 3509 2263
2970 4126
431 890
3020 2901
4125
2943
4132
1669 2369 1738 4126
4112
4090
6972 6981 6979 1850 6979 1850 2968 6979 6972 1850
163 6259
4125 4125
4125
4126
6179 4125
3638 5607 3877 2181 2956
2972 4136
2633 4112
5744 5339 3911 1750
2368 5952 1278 1258 4631 2368 6855 1269 1278 2369 1339 1300
1474
163
4101 4101
3510
4126 2944 4126
5951 2665 1742 5607
2972
1538
1807 4078 1813 1807 1807
4104
1758 6687
163
163 163 163
6241
4125
6266 4125 2965
4112 2944 4069
63 2968
4112
4126
3297 5793 4616 3271 2764 6723
4126
2797
2972 4125
4125
4126
2369
4128
2972
4112
500 688 608 1850 688 641
2968 4125
4103
4126 4112
6722 3952
4112
2972 4126
4136
4126
3510 2968
4112
4112
6266
4136
1862
2240 3546 3548 6326 2325 402 1384 1547 2241 2368
1853 1858
163
3001
4074
3334 3910 6974
4125
3603
2374 2956
2466 2459 2516 2465
6012 6723 3509
295 389 1467 1474 1825 431
4126
1047
4126
5607 3875 5631
6457 4127 4127 6457 6457 4127 4112
6025 1532 721 1871
5839 3509 1986 3962 3338 1547
5517 6326 5577 5723 2901 6326
3944 2855 3924 6307 5975
163 163
3719 2628 3650
4126 4084
2949
4126 2972
163
282 6971
163 2968 4112
2459 2458 2480 1757
1991
4125
6092 4129
4126
1391 1047 431 1388 1130 1111
5471 2497
2776 2968 2972 4112
2946
4131 4132 4131 4131 4132 4131 4131
6709
4126
163 163 163
4126
163
4136
4112
2833 3720 3405 5525 2833 5523
4125
4433 4427 2797 5616 1703 5921 5914 1756 1758 3390
6658 5631 4126
2968
4132
3520
2956
5844 2777 5951 5952 3334 5829 2210
2972
4125 2191
4112
2369
26
2968
228 228 64 64 228 228 228 228
2968
4126
4126
676 1615 5839 602
4137
5975 5844 3461 3649 391 5844 1797 391 3461 3649 6691
3
2972
4112 6242 6242
4125 4112
1538
4112
4125 4125 4112
2972
1939
6313 6364 6367 389 2432 1825 2369
2968 4112
4126
4099 163 4099 4099 163 4099
4126 6178 4126 6182
1
392 3463
2968
4125
4112 6067
2968
263 2214 5607 6723 5495
4112 2968
2972
4125 2797
4126 2287
2210 1791
2972 4074
4125
4126
1699 1695 850 4129
163
2956
4126
2972
4112 1538
4126
4126
4125
2336 5328
4112
4125 6538
4126
5530 2972
163
4112
2968 5945 2797 3267 6295 5945
4126
4112
4112 2968
3491 2968
4136
1846
4126
4125 6182
4126
4136 4112
5470 2946
4125
4126 6183
6162 4126
2968 2202 2249
4273 4129
4126
228
4125
4126
163
4264 2369 2261 3886
1853 545 699
2943 4126
4074
2317 4445 4446 1547 2127
4125
6119 1531 3759 3773
3318 2362 5844
4125 2968
4112
4112 2614 2968
6231
602 677 709 1855 691 507
1743 5607 4687 2245 3894 3653 1547 6326 3653 5842 3894 1743 2245 5607
4126
2968
3752 3740
3899
4126
4112
4125 4108
2756 6691 5925
6182 4126 1759 1759 1759
3414 2368 5925 682 502 2368 475
163 163 4074
2968 4112
4125 4125
2853 1692 3510 3297
3419
2645
4127
2972 4074
6295 2797 3310
4112
4087
3510
6969
688 1848 1855
6178 4126
4112 2948 2946 2944
2368 4112
4125 6701 4125
5460 5450 3517 6715 5451 5460 3517 3517 4539 3625 6259 6251
4125 4130
4125
4112
4132
4112
163
4126
2968
4112
4074
4129
4125
4074
686 1862 721 602 682 4090 2972
1738 6012 1740 6723
4112 4125 4112
1547 500 5287 3877 3510 1767 3275 2367 4112
4131
163 163 163 163 163 163 163
2968
5772 2826 1853 3638 5765 1868 1164
4125
3933 4217 2635 3898 2631 5846 5780 4074
2968
5844 263 1547 3759
4101
1532
4130
6434 1533
2968 4112
2968
4074
4125
4103
6393 6850
2968
4126
4126
4112
1531
4125
2968
4074
5840 3874
4112
4196
4126
2956 4074
6180 4125
4101
4112
2944
4074
3307 6855
4074 4074 4074
2968
4126
2968
4126
4126
4126 4112 4112
2968
2972
2968
4112
4112 4112 4112
1615 610 679
4126
4112
2968
4125
5807
4126
4130 4101
2956
2333
6457 4125
4126
4125
4127
4125
4125 6182
4136 6509
228 228
2969 4273 1785
4112
1704 3510
4125
1531
2968
4127
2944
6538 4126
6268
608 1850 543 688
2968
4125
76
4112
2642 3347 5941 3347
4087
3694 3275 3408
4136
4112
1826
2912
3877 1758
4112 1885 688 602
4112
4112
1797
4130
2956
2944
2968
2968 4112
4125
4126
825 749 3766 733
4112
3510
1
4125 6182 4099
4125 6182 4112
1758
4112
2944
2368 2368 4112 2368
2968
4074
4132
6907
221 4099 2926 2899 6831 2191 221
163 163
4125
4136
163
4125
3510 6320 6359 3898 6013
2946
4112
4112
2968
2797 3268 5845 5752 2857
2797 3899
4125
4125 2151 2972
4112
4112
4129
4126 2972
4125
2968 350
4099 4101
4099
2972
163 163
2968
1825 389
4112
4632 2901
2946 2922 4181 4663 4664 2319 4112 4112 2319
4126
1860 1622
2414 2414 63 2414 2414
4126
163 163
5283 4679 6148 5170 4678
2970 4126
1846
6722 3510 4112 2326 4164
4802
2956
4125
2368 3346 6985 5828 1547 2211 4425 4908 3908 6668 1547 2756
688 680 608 680 1848 644 699 600 524
4129
4125
4126
4126
163 163
2968 4112
4126
6178 4125
5325 5335 3318 1547 6289 4905
4126
163 163 163 163
2428 2956
24 24 24 24
4125
3334 2633 2229 3643 2229 6990 3334 1547 6985 2229 3334
4126
163
4125 6180
2968
5929 1615 608 676
2972 4074
4112
4126
4112
4125
4125
4137
4125 4099
4126
2968
2968
5531 1774
4125
5629 6289
1829 5952 2972 2337
2968
11
4112 4112
1935
4125
4074
3270 4898 6972
4112
4112
4112
67 67
2972
2968
4125
4125 6180
2726
4126
163 163
4126
163 3294 3324 1681
4126
163
1737 693 721
4129
2482
2972
4126
4112
2645
4125
6182 4126
4127
3510 431
5630 2633 2632 2773 2797 2578 3882 2524 1547
4104 1846 1846 4104
4125
163
4126
4112
4125
4125 6178
5994 1532 1531 5994
1760 3307 3876 3877
4126 2968
6971
4112
2797 5951
2972 4112
4273 4074 4126
2968
4112
4125 6067
163
4125
163
4126 4112
2855 3341 3923
2946 4136
163 2968
4129 4112
163
4112
4112
4125
4129 6666 1791 4129
4126
4125
4112
2972 4112
4126
2968
4115
2972
2968
4126
4112
2181
163 163
5749 5325 3622 6668 2230 1547
4112
3510
721 1738
2944 4112
3510
307
5952
4126
4126 6179 2943
5531 6402 5951
4141
163 163 163 163
688 1164 1855 6242 6289 6247 6690 6236
4126
2972
162
4129
2899
4126 4112
2944 4136 6176 4112
24
4125
4126 4112
4112
3962 5531 1547 3642 5827 3334 2369 2754
163
4132
2968
2968
2972
4126
4137 4112
4112
1533 5986 2966 2965
5945
5344 3374 5336 4223 3391 2729 3518 1547 1695
3
3906 5630 2634
2946 4074 2944
4125
4125
4074
163
4112
4112
2906
2968
1699 4136
4112 4112 4125
4125
2968 4112
4112
6970 3942 6722 4212 2723 6855 4223
4125
2968
2899
4126
4126
4126
4125 2944 6179
3752
4125
163 163
2948
2319 6325
2968
4112
1
4112
2968
2797 2369
4125
6969
4112
1813 4112
1394 264
4127 4099
2967 4990
2972
4127
4112
4112
4126
2968
6259 4126
4112 6057
163
163 163 163 163 163 2584 163 163
2362 2362
4112
6179 4125
2968
5952
5969
6986
408
4112
4126 2972 2918
4126
1738 721
6361 5488 3881 1547 2329 6988 3882
163
2968 4129
4125
4112
2968
4112
4127 4112
2727 6690 3376 4212 263
4125
6448 4126
4136
4126
2968
4070 4112
4074
4126 6182
4125
5929 6299 4380 3408 5929 4380 5929 4380 5929 2382
2956
4127
4132 2965 4126
3509
1732 1716
2325 2972 4069 5468
4112
4125
5752 263 4223 3877 1547 3889
4112
2972
285
3060 5806 3060
4126 2972 2968 4112
4074
4126
5629 2635 263 3877 2797 5623 6855
1699
4126
4112
1531 5982 1825 1531 5983 389
2972
4129
2972
2968
4112
5995 4125
4112 4112
2968
4126
163 269 2465 1622 2466 1760 5524
4112 2586 2797
4126
163
4125 3275
1531
4125
4104
4112
4127
1
2646 3265 2759 2780 1757 3141 6990 3637 6961 4112
4103 2972
4125 6008
163
4125
163 163 163
4125
4103
2369 2932
163
163 163
4125
2968 1531
4127
4125 4112
4112
4125
4919
4104
4128
3414 2333 2968
4112 2968
2968
2972 4112
1538
2585 2853 3334
4074
1
4126
4126
2968
2968
2934
4125
6538 4125
5302 2497 4479 2496 2944
4126
2968
167 4126
2968
4112
4126
4074 4125
5532 1532 5532
2972
2968
2968
4125 2797
4069
2965 4126 2972
3814
1133 1072 716
6284 6336 6722
5563
4112
4136 4136
2769 5623 3510
6179 4126
2922 2906 2912 2922 2911 4112 2972 2944 2930
4044 5607 2368
4074
4125
4129
4126
163
5531 5634
4112 2968
2968
4179 6666
1748 2382 3510 907 2972
4136 4126 2968 4112
4125 6261 2140 6263
2968
4126 4112
4112
896 890 1147
3423 2249 3463 3637 1533 392 1826 390 4049 2901 4129 2965 2833 4420
4126
2944
3503 4070 2972
3509 6367 6729 263 5826 6732 6372
4126
4112
4112
4112
163
4126
4127
2968 2972 2956
4127
4074
4126
163 163 163 6688 6686 3201
2968
4127
1685 3517 4065
4125
4074
4112
4136 6454
2367 1707 693 1737 721 264
4125
2972
4542 4112 408 4119
4074
1729 3510
4125
2972
4126
2968 4126 2972
4273 4074
6178 4125
2968
1538 2968 163
163 163 163 163 163
4112
3334
4127
4112
1531 1622
4125
2968
4112
4126
4112
4112 4112
2956 2944
2956
4136
2972
2972
4898 3941 2369 1787 2820 500 1701 701 1738 2369
4112
4074
163 163 163 163
4112 4074 4065
2968
4126
2968
2972
1622 3069 2968
4112
4127
2317
6855 3651 3273 5828 3510
4136 6182 4112 3877 4112
4049
4125
223
4137
1379 1248 1391
4126 6182
3705
6970 3762 3268 6674
4112 6178 4125
163 163
4125
5806 5607 5607 5806
4126 4112 4126
924 1119 1388 264
4112 1915
389 1825
4126
2440 3268 3307 2362
4136 2968
4126
5765 1801 5845 3001 263 5845 5630 4883
4126 6448 1547 2920 6666 6448 4136 4632 2876 4126 6454 4125 6448
4125
1785 5626
3022 4631 263 2832 3022 1703 263 2250 1547
4125 6657
2968
1379 1378 6722
4101 6176 4112 6185 4126
4074 4126 4392 3390 4391 1164 2643 1772 602 688 1164 1731 1622 721
4125
2968
4112 2908
2972
2968
4125
4104
167
4125
6657 4126
4099
4129
4128
4126
1379 2649 2650 1390 2650
61
4076 4074
6969
2968
4126
4129 6180
4126
4126
4074
4112
4125
4125
4125
2972
4112
163
4112 4135 2972
6181 4125
163
4112 408
2972 4136
4125
2
6924
4125
103
4112 6063 1533
163 163 163 163 163
4126
5806 5806 2972
2944
2968
4136 2968 4112
608 666 548 1738 676 503 674
4112
5634
285 1
4126
4126
163
5865
2164 2956
2968
1531 163 163 163 163 163
2968
4131
1531 6513
4125
4112
4125
4125 4112
6120 4126
5606 4112 2484 2146 2905 4125
4130
6134 4126 4112 4112 4112 4112
1400 264 1378
4067
163
2972
4125
4126
2968
6573 1533 3875
4126 4112
4694
2972
4112
3878 6459 2797 4125 5941 3268 2497
4126
2982 4112
2275 2367
2972 4136 6533
4130 4132
4136
4112
4125 4112
4112
1400 890 1378 1120
3881 5531 2362
4125
4126 2956 4074
2968
4136 2972
2972
4125 4125
4126
2968
2956 4074
4126
6437 1533
4129
4112
2968
4126 4112
163 163
4125
5977 3268 5339 1547 3334
4112 4126
4126
4112 2884
4112
4115 4128
4125
4126
4101 24
2640 6295 6346
2363 6979
2369 6906 5325
163 163 163
6182 2944 4126
4125
4126
5607 3546
2956 4125
2944
4126 169
1474 263 1517 1468 1455 263 431 263 2645 6723 6723 2368 2367 263
4126 2945
4126
4126
2956
4126
2968
4112
3878 2682 6696
4126
4125
2946
4136
1538
2968
2968
610 701 1615
3413
2968
4125
63 10 2656 3510 3510 10 3510 1685
4126 2191
4112
6182 4125
4137 4112 2371 6985
2968
1821 6666 1750
6178 4125
4434 6921 1757
163
2968
4112
4132
4074 4074
4136
2944
3509 4982 2827
4125
2968 641
2374
4112
4112
4126
4112
4112
2968
4125 163
3656 3889 6336 2214 2343 263 2797 3880 263 6410
6012 263 3334
716 1047 1125 263
2839 263
2968
4112 4112 4112 4112
4112
4112
1987 1785 2369 263 1751 1698 1987 1785 263 1698 5749 2369 1698 5749 1987 5634 2849 1751 2369 263 1698 1987
2369 263 1862 1848 1166 263 2369 2797 1394
4074
163
4126
4127
163
2968 3001 1547 4631 2250 6344
4125
1394
1699
2972 4076
4112
2944 2944
4126 6178
4125 4112 2943
4126
2640
3651 3922 3933
163
4112 4112 23
4126
6178 4125 4112
4112
4129
5929 4216 3876
4126
4126 6538
2458
4125
4112
4112
4112 4126
4720 3900 1547 2129 3751 3781 3916 4720 3961 263
4126
3307
5623 1785 2440
4125 4130
4125
3878 4720
4125
2956 4074
4112 4112
1689
4125
4136
4112 163
2182
1531 2216
2944
263 6398 6722
4125
4126
4126 4112
4125
4126
6185 4126 6185 4126
4112
4126
4125
4112
4126 4074
4126
2546 2088 1547 3345 263
2968 3510 1830 2631 3269
263 1479 1474 1522 1468 2250 2329 2317 1820 2249 3964 1547 263 2797 3908 3338
4131
263 3878 2645
2972 4076 4074
3880 3275 263 6723 2754 3510 4264 2833 3637 2644
4125 4125
4126
2913 2967 4125 4112
2972
4069
2181 2956
4112
2968
4132 4101 4132 4101
2968
1547 3692 2249 5632 6855 3274 3509 3509 1738 1672 2249 686 600 4112 3558 3874 3509 6855 6850 2820 3922 5631 4112 1622 1738 1702 2631
4129
5846 2362
2968
231 4136
4126 4112
4125
4126 4112
4125
3320 2224 2369
4129
4136 3835 2972
163 163
4125 4125
6181 4125
6041 1533
1
1868 2211 1615 1855
4131
2972
4112 4112
4126
1797 2325 2329 3317 3640 3269 1797 6722
1538
5451 5451 1915 5451
2968
5298 5306 5309 263
4112
1531 1529
4112
4126
3261 5969 1987 6979 6980 5978 1547 3696 1531
6986 2828
4127
4125
4452
2944 4128 641 686 543
4125
4125
4125
5625
5324 5945 1074 2756 892 5584 997 431 1152 6907 431
2191 2899 2146 2147 2972
2968
4126 6178
2968
6297 5631
4126
602 1615 674
4126 6447
2363 1547 1992 3882 4216 2723 1776
2968
1987 2363 2855 2851 3343
6780
4125
4126 6178 1532
500 1615 521 1672 263 709 1542 5640 5664 5664 5640
2968
221
4126
5634 2855 263 3305 163
1742 1622 3509 5801 6976
419
2776 3877 3643 5603 2319 3307
104 104 4136
2968
4104
4132
4125
4125
163
4125 6180
6181 4125
163
4112
2968
2968
641
2972
2968 4112
4112
2968
4126
4112
4081
4074
4126 4112
4112
4136
4126
163
1720 5623
4126
4125 4099
4126 5801 6185
2949
4126
509 2369
5925 3278 263 3622 3510 3622 2211 263
4125 4112
4125
4112 4112
4112
163
6548 2946 4126
3509
4112
4126
4125
4115
6178 4125 4099
163
4127
4420 263 5625 4439 4420 263 4439 5623 263 1156
6266
4112 6969 1726 4804 3623 6012 6971 5951 1742 2213 2224 5951 6972 5947 6971 5951 3437
5626 4403
6533 4126
4112
2839 6343 2851 263 263 6343 3350 2216 4439 3643 263 5324 6391 5324 6343 263 4420 263 4439 6341 2834 6343 263 4439 263 2834 6343 6346 263 4439 263 2839 2216 4731 263 4731 2216 2839
4103
4126
6850 2911
475 688 699 720 509 4136 6178 1855 509 699 688 1848 641 699 502 460 688 475 502
2944
2956 163
7399
4136
3509
2968
1538
1742 2972
4125
4126 1846
2968
4112 4126 2920
2853
4112 4125
63 57 57 57 57 57
2968
4127
2968
4135 2972
5925 3390
2968
4128
4128
2972
4125
1533
2968 4112
3320 2756 2371
2968
263 1547 3261 6855 5925 868 955 264 1400 3297 263 3510 6858 2755 2797 2547 5581 6976 263
4125
4125 4125 2968
3298 3908 3922 1547 3909 2363
1967
4125
2972
163 163
163 163 163
4112
1400 1074 894 1111 1128 264 891
4112
5941
6014 5620 2968
2968
4126
4126
4136 2944
721 1862
2972
4074 2968
4125
4126
4125
1720 3874 4222 263
2972 4112
2539 1791 2528 4112 2528
4112 4125 4135 4130
3510 4030 5941 1531 4030 3408 3510 5941 3510 6936 3423 5650 3510 3423 1531 418 5929
4112 2968
4126 2972
4112
4112
285
1797
4099 2972
1531 6761
4129
510 692 263 533 3655 263 2797 3545
163
4125
2956
4125
1848 699 502 602 4112 2901
4125 2968
2956 5650
163
6921
1622 6722 1737
3408 2826
4125
6289 3307
4112 2968
4132
4112
4074
2968
2766 3293 163
4112
4126
2910 2146 2908
163 163 163
4126
2643 6668
4112
1531 163
1743
163
3309 2325 1818 4304
4112
2287 1739 263
2779 2775 4112
24 24 2944 4136
4125
5344 3510
2972
2603
4126
2972
4126 4112
4125
6971 3317
163 163 163 163 163 2968
4126
641 510 1868
4125
3212 3216 2972
4126
2972
4127
4125
2329 3876 2262
4437 3878 263 2754
4125 6182 4112
2972 4126
2944
2972
4125
163 163 163 163 163 163 163
5044 3206
4112
2944 4126 4112
3541 5741 3650 263 2851 2643 263 2826 2643 5324 2369 263 2635 263 2369 6792 2773 2834 263 2834 2214 2835 5329 2369 2773 263 3509 5741 3889 263 2754 263 2835 6398 4420 2216 5741 263 2225 2756 2369 4439 2216 263 2825 5741 263 2369 3647 6341 263 2835 6410 2773
2972
4125 4112
5827 6320
4112
5622 2586 263 163 263 4223 4217 263 3638 3264 263 3275 3266
5629 6284 5632
336 295
6969
4112 4125
163 163
5952
4112
5607 1547 2853
4125 2899
6668
5532 3261
5801 3278 3911 3510
4126 6179
4112
3675 4904 3796 3677 5840 1742 1547 3795 6723 3759 7132 1862 2266 1742 5326 3894 1726 3882 7284 6723 7298
6370
6110 1532
4136
4632 4632 4136 4632 1708 4632 4632 4136 4632 6823 2972 4798 4112 4632 4136
2968
5754
4112
4132
2968
4112 4112 4112 4112 4112 4112 4112
5744 3318 5745
6183 4125
4125
2968
1759 4068 1718 1759 1759 2363
4112 4112
408
4631 2397 5247 263 1742
4126
2968 4112 6067 4126
2943 2207 3334 5829
475 686 502 3293
3321 6986 2873 6988
4126
3347 3876 6722
5729
4125
4126
6185 4126
2362 5752 6336 2797 2540
163
1759 1692 3268
4125
4074
4126
7051
4103
4112 4537
2459
4103 2968
4127 6448
1760
4125
4126
2901 4126
4273
4126
2972
1825 389
3509 4125 2944 4126
6689 6691 6687
4126
4125
4125
163
2972
2944
247
5616 3510 5820 5929
2968 1538
163 163
4125
2944
4126
4125
6936
4074 4074
1531
4125
1862 721
4126
5929 2678
2180
3321 2853 3207 3938
2827 1748
1846
2972
2968 4126 6175 6175 4126
4112
4125
4112
4050
117 92 117 108 101
4126
3319 2859
4135
2756
2651 263 2851
4132
1669 693 1740
3379 3408 3408 4141
4126
6722 263 3910 1785
2968 2972
5619 2220 2210
4125
2645 2797
4125
2645 3882 3881
5827 6969
6682 1740 1861
1532
4126
264 996 1124 1047
4126
4126
4112
4098
4112
4131 1707 1707 1707 4131
4126
4126
2972
4112
5221
4125
285
4126
3881 5848 3391
4136
6974
2677 5752 5929
2643
4523 3737 3921 341 1547 5376 3716 3737 1547 277 4523
4125
163 163
5632 263 5826 263 6361 6387 6361 263 3269 6361 2857 263
6722 2756 263 3275 5625
163
4125 6176
6067 1531
4131 163
1751 5522 2972
1538
6723 2368 263 2214
3719 4444 263
4074
3876
4112
163
3509 5941 6974
2326
4126
1533 6035
2968 4112
2972 163 163
4074 2956 2972 4136 4126
163 163 163 163 163
5623 2643 1547 263 3510 5616 263 2643 6930 263 2643 3922 263 2853 3510 263 5625 5287
163 163
1703 2565
4125
4125
2806
1177 1771 263 1218
1927
4126
26 2 285
295
3408 6362 3408
6247 1706 1717
4112
6388
4125 4130 4112
4125 4125
163
1756 2855
263 1705 4439 6299 4439 263
4125
3316 3415 3320
6180 4126
2968
4112
2972 2911 6267
2968
2754 2231 3877 2320
6723
163
2968
4074
4112 4112 4112
4126
4136
4101
4112
4112 4112
2972
4125
6344 3269 6972
4125
2972
4125
4136
4796 4978
4125
6182 4125
1538
2972
1846
4112
4126
4074 4074
4542
4103
2968
4125
2956 2440 3376 3030
5607 2369 601 1855 667
4074 163 163
2956
2483 6691 2369 3420
431
4112
4126
602 674 510
4136
4112
4136 6184
5607 4136 2899
5536 2944
4115
4112
4126
1547 5326 6722 2440 3961 3959 605 1615 699 1701 474 2946 4218 3639 6722 4303 1547
5623 285
2968
6859 3437
4127 4273
4112
4127 4135 4130
3318 3334 3548
2968
2972
4127
2968
5339 545 1987 666 5793 3622 2764
2968 4112
2968
169 4136
1
4125
5623
4125
4125
4167 7340 5016
163
228
4131
1533 6609 1538 7358
2191 4112
6823 6823 641 4074
2968
4128 4127
4112
2956
1695 6326
2968
4112 4136
1743 1622
4125
4112 4112 4112 4112
4126 4126 2972
2195 2968
2972 2956
2968
163 163
4482
263 1759
2934
4126
3385 5763 3292
2972
4112 4126
4112
4125
4126
4126 2944
4126
163
4074
4125
6978
4126
2972
3120 2839 3358
4112 4125 4099 4112 4112
2968
2190 2146 2190 2151
2968
2968
163
4126
2972 6251 6711 6250 4137
3510 5827 5633 3878 3510 3877 2249
5953 1825
26
4136
3035 3060 3115 3006 2827 2578
4125
4126
2972 2921
431 891 264 4831 2353 263 693 1885 1622 1738 891 264 263 1796 2794 3869
2909
6723 263 3886 6723 263 263 6723 3297 6723 3297 263 263 3297 2855 6986 263
4125
4125
2972
2968
5451
163
1533
4104
4126
4126
1531 4631
4126
3881 6012 263
3543 263 3876 3510 6014 263 263 3207 2643 263 2643 2762 2250 5606 3543 2220 263 3437 263 2220 3622 6014 263 3922 3307 1377 1398 1379 891 1375 893 1378 890 3437 1398 887 1377 1375 1399 896 4264 3644 2237 5743
2922 2901 2894
4289
6294
2368 26
4125
2835 5941 3297 263 2333 5631 3916
2901
6969 1531
4112
4112
4125 6182 4112
4125
4131
4814 2362
2968 6268
4126 4130 4112
2600 3391 3763 4112 4280
4112
4125
602
3268 2797 2968
709 608 674
4125 2944 2949 4125
270
3906 2369 4016
4126 2968
2968 4112
2972
1538
2968
4126 4126 4126
2972
4125 6178
4112
4126
4126
4126 4125
5491 2968
4125
6712
4126
2968
4112
1760 2252 3048
2968
4112
4074
4126
1728
4125
5470 6850
6398 2369
4130
4126
2970
4112
4112
4112 2968
163
500 1615 542 709 2020 2021 709 2211 2207 5628 2209 1615 1885 6397 6364 709 6364 709 500
4125
1672 3086 5925
22 2268 4112 4112
6182 4125
2225 3962 7319 3962 5929 2225 5622
4074
4131
2968 4112
4112 5550 1710 396 386
4049 4126
4125
4112
2972
4068
1531 4112
4112 4125 4125
6366 2362 2645 2972
2920
4126
4126
4112 4112 4112 4112
6444 4126
2997 5344 2319
4125
377 4099
25 2368 1685
2944
4127
4127
2368
4126
4125
4074 4112 4136
2968
1855 610 2968
6445 4125
4126 2968
4126
1745 1750
4112 5808 4212 3910 4664 4880 608
4126 4125
4127
4135 4130
4221 6239 2322
4217 6013 4218 1776 6969 5994 4126
2968
4112 1531 4126 2972
4112
3817
3646 2884
4125
431
4125
4125 4125
4126 6180
838 1622 721 163
5468 5531
4126 6166
5524 6969 2538 263
5823
4131 4132
4125 4112 4112
4112
4112
1862 1862 1862 1862 1862
4126
4112
1531
4074
4129
2775 263 3878 2633
2972
4126
4112
891 264 1115 1076 1400 431 264 1115 891 1076 1391 1400 1073 891 996 1135 1123 264
4112
2972
163
4125
3738 3767 3756 6969
431 5941
4074
263 1738 693 1622
1538
4125
4112
2968
1760 5951 2797
2968 3509 5941
6533 4137 2972
169
2968
4128 6176
5607 5633 2972
4125
4112
4126
1531 5607 6129
4125
163
2968
4125
6972
2965
1825 389 2968 1738 721
2972
6292 3334
5284 4365
2466 3647 2483 6284 3921 5488 3873
4126
1047 2369 1547 5793 5328
4125
4631 3391 543
2249 5827 4137 4126 6907 1685 6695
4126 2956 4112
263 4864
4126
163 163
2930
4131
203
4126
2946
4136
285
4128
4126
2382
6012 2369
1378 890 891 1394 1400
163
2972
1759
263 2628 4439 3882 6318 263 3944 5524
4125 6500
4115 4112
163
2968 6457 4136
4126
3959 3894
4126 4112
2956
1760 1726 6907 5607 4112
4914
2968
4125 6183
163 163
2968 2972
6971 3324 6971 3324 6287 6969
1533
4125
4112
4074
2972 2968
4126
5404 5161 4615
4112
6722
1532 4125
2382 4074 4074 4074
4126
163 163
4126
4112
2645
3510
163
1307 1352 373 1264 394
2946 4126
2645 3623 263 4731 2214 263 2216 2249 2333 4439 263 2249 1547 263 3650 3623 1547 3623 263 6341 2214 5625 4439 263
4132
1855 674 1862 686 521
163 163 163 2968 163
4126
4125
163
2274
2369
891 890 431
163
2968
4136
4099
4074 1846 2968
1119 264 1388 1075 970 1394 1119 1076 1394 264 1479 970 1391 1119 970 264 1085 431 264 970 897 431 1119 1080 263 2263 2762 3877 264 1119 431 1075 1388 970 263 2263 3877 263 1987 2375 3270 1987 3643 3270 263 3269 263 3644 1988 1479 264 1119 1075 970 1394 263 1988 3270 3643 3644 3270 263 1987 970 1394 1075 263 1119 1479 2263 263 3270
4129
4125
2956 4125
408 174
4126 6182
4112
2922 4125
2968
4112
2944 4129
2968 4127
4126 4126 448 721
2972
1084 5925 2833 1073
3087 3408
2968
4112
2944 4112 2944 4074 2944 2956 4112
4112
163
1234 1234 6969 3510 263 1827 1251 263 4218 6971 6722
3875 5616 263 602 263 1868 515
2946 2972
163
5339 5747 263 5631 1703 1189 1174 1230
2968 4112
6796
4112
3509
61
3307
4112
4132 4130 4131 4131 4130 4130 4103 4130 4132
4063 2948
1531
163
2797 1760
4074
1533 6555
5008
4112
4851 7383 7388 4853 1547 7381 7382 5463 1974 7387 7386 7385 2107 1615 693 721 1622 1862 1740 1166
4125
1622
3282
6689 6690 1538 1685
4112
4126
4132
5806 3877
4136
2965
6985 5631 2369 3294
4136
1538
4112
1547 3776 3921 341 3771 3776 5339 3771 1547 5344 3788 2393 3137 277 1547 5339 1547 3921 5326 4523 4439 2398 3137 2216 1547 3510 3424
4126
4125
6727 1988 3423 1547 263 6732 5752
4112
3882 3274 3752 2237 1760 3882 3874
6293 1707 6399 6336 2839 5827 2972 2899
4074 2946
4126
2797 5297
1538
4081 6972 263 1531 264 1399 998
4125
263 5941 1547 6990 2642 263 5941 2640 1547 5941 6990 263 6990 1547 2641 1547 6990 5941 5941 2641 2640
4125
4136
2968
4125
4112
263 1692 2645 2797 2227
2972
3771 3717 2393
4125
2968
2644 2369 3921
4126
163
2944
1400 264 962 1135 1073 1120 891
5607
1531
4125
2968
4126
4126 375
2968
163
2956
163 6972
6922
2762 3324
5925 2643 263 5925 6687 263 1547 263 6687 5925 5913 5283 5925 6687 263 5278 5925
1988 6980 5336 263 2643 6980 1547 2216 263 5326 6980 263
4126
4125
163
4402 6703
6691 6914 1738 6687
6293 5820 3412
2944
2944
1547 2643 5925 2369 1848 529 263 645 701
4126
3317 6907 2972 2586 3696 6922 5771 3394 3692
163 263 5278 2826 2214
163
163 163
1748 1746
4136
700 1672 608
4112
4132
6233 4126
5475 1668
63
4125
163
4136 5952 4379 3273 2368 3268 4381
2968 4112 2972
4125 4112
4074
4112
2946
4125
2972
4112
5531
4131
163
4126
4125 4125
4126 4125
3274 1763 5607
1738 6979 2756 3307 1738 2756 1738 3878 6979 4126 1738 6979 2628 3882 5772 3334 4126
6969
4126
2835 2835 4112
4126 4125 4126 4131
2972
4099
6850 2968
4128
2972
2972
4074
5263 5264 5265 2146 5723 2922
4074
2946
4129 4112
4129
4073
4127
4126 6179 4099
1047 952 1124 922 431
4126 4112 4112 4112
4112 2968
4126
4127
4104 4104
263 3297 4718 5740 5650 3404 263 5640 263 5740 263 5650 6320 263 3345 3297 5925 2797 263 6985 3297 263 2797 5740 3261 3261 6385 263 1547 6972 3309 263 263 1780 6398 4439 263 1760 3278 1547
163
4127
4129
4125
6258
5607 3759 2430 1836
3647 263 3921 6729 3647 4401 2249 263 4265 1547 263 6729 3309 721 1622 1871 507 3921 2835 3647 263 4438 1547 263 4401 3921 263 5875 5431 2834 4731 3637 263 3404
2972
2956
163
2968
4126
4126 4126
3623 3622 263
2968
163
4126
4125
163 163
4125
4128
2972
4694
4074
4126 4074
2164
3840
5553 6690 5801
4126
163 163
4440 2643 5741 263 263 3944 6969
6398 2459 263 2997 6843 263 3024 2834 3986 2997 263
1695
4126
2972
2972
1707 6242
263 4589 5623 263 4594 5640 5629 263 2374 5650 263
4128
2968
3270 2367 3340 5634
2972 4136
2968
3245 3453 2109 1547
6176 4126 4112
4806
6355 2968
2968
4126
1538 2968
4112
4125
4112
5280 6410 263 5941
2369
2944
4125
1935
163
115
4125
4112 2968
474 701 605
4129
1691
2368
163 2446 3742 1737 607 1547 2401 2446 3642 163 3730 1547 2262 3137 6361 3651 2446 1547 3716 163 3137 3730 5335 1547 4716 1547 3721 5970
1538
2968
4126
163
4632 2902 2901
2968
2968 4126
2628
4125 4099
1531
163
4681 507 1853 700
163
263 5622 2764 2211 5622 6299 2584 3510
5650 4112
4126
2972
2180
163 163 163
2968
4126 6178
3409 2592
4131
2972
4126 4126 2944
4128 4128
2968 4125
6014 2633
4125
1531
4127
4126
688 460 641 510 1615 1853 475 720 677
5827 5495 3270 3877 2723
163
263 6990 1547 6722 6969 6969 5951 2024 6313 6969 6402 2333 6969 263 2461
4074
5801
2968
163
2968
2968
1720
2972
2968
2968
4131 6180
4112
4439 6361 1547 5540 5839 2843
6182 4125
4087
163 163 163
4126 6182 610 699 720
3408
5913 2643 3297 263 263 2643 5913 3391 2851 3261 4731 263 6668 3922 263 3437 3623 6668 3391 2997 3297 1547 2643 263 5625 2633 2275 263 4631 1547 2832 2633 1767 6397 2275 2214 263 4631 1547 6402 263 6359 263 3922 5475
2944 2369
163 163
4136
4126
4125
4128 4128
721 721 5793 2368 3743 1547 1669 1669 4112
4136
1133 890 264 1155
2972
4087 4135
163
4101
2461 5622 263 5650 6372 263 5827 5622
163 5496 163 263 5941 6343
6978
4136
6176 4125
1538
1777
4126
4126
163
4126 4125
6242 6236 6236
2863 3510 2862 1772
163 163 163 163 163
4125
4126 6459
5806 2646 6991 2631 5431
5496 2756 263 5521
1531
1076 264 1123 955 1387 891
5875
4125 6168
4126
5747 5749 5750 163
10
4074
163 4074
2972
6734 2652 3316
4135
1669 1797
285
11 4126
163 163 163 163 163
4112
6509 4125
163
1394 5214 1399 891
163
4125
2956
1538
4137
263 2558 6800 2621 3420 5743 263 6800 263 2362 3269 1760 263 5806 263 6972 2024 263 2362 5801
5801
4125
6914 6693 3994
6500 4126
610 681 1615
1538
4126
2249 4443
5855 2918 5118 4128
4127 4127 163
2956
6710 2972
4136
891 2547 6018 2635 2634 1077 897 4074
163
4129 2972
3893 3875 263
4404
3320 6972 3509 3759 385 1709 3509
4125 6185
4112
4125
4126
4663 1853 691 1672 606 4663 2641 606 1672 691 608 4663 620 2633 4663 1672 691 642 1813 1868 606 1672 1615 4303 692 606 642 1615 692
3420 2369 5531
2797
4125
3414
4128
4129
3721 3423 4263 3261
4126
4084
5250 3647 2624 263 5372 4420 6341 4264 6855 263 5246 3877 2797 5846 5606 5606 5846 674 1738 1615 2797 2997
1532 6068 721
4128
2797 3650 5848 1703
2333 5829
