1538 1538
2943
4125
2968 4750 1699
4104 1846
4074
1855 1855 5620
1538
2946
4112
3880 3878
2934
3881 2230 2331 2665
4125
3875 2224 6247
4125 4112
2946
2180 2968 4112
163
3106
4112
4125 4112
6666 2920 2966 3106
4128
2968
5307 2776 3269 4663 6972
1538 1538
4112
4112
1538
4112
2946
4104
3380 3379
163 1538 163 1538 163 1538 163 163 1538 163 1538
1538 1538
4125
4112 2833
1538
1538
2945
5460 6207 6261 5460
4126
4112
4137 4112
1529 1538 1538 1538 1538 1538
4112 4112 4099 4112 4099
163
4126
4070
6527 4126 6535 4126
2946
5631
2968
2968
2180
4112 4127
4263 3334 2754 1987 2368 2245
4126
163
699 608 484 1615 1738 890 431
4112
4126
1538 1538 1538 1538 1538
5865
4130
4126
4126
4125
4125 4125
699 5326 1862 649 2237 569
3898
2645
4126
4074
4112
163 1538 163 1538 163 608
4125
4074
4126
4063
4125
4074 4074
4112
4136 4099
2968
2968 1796 6850 6330
4136
4126 2945
5328 4858 1548 4590 5414
4126 4126 4101 4101
4074
1523 1469 1474 1484 1470 1517 1481 1533
5918 4126
4074
4126
4126
4125
4136 6447
1861 1738 1622 1991 1538
4074
2956 4136 2956 4087
4112 4075
4125
4126
4125
4280
4112
4130 4135
4125
203 203
2968 4112
163 1538
163 1538 163 1538
2968 4750
4112
4125
4125 2368
4125
2956
2968
4126
163
4125 6179
4125 2945 2180 4126 2972
163
163
4126
4112 4136 1538
4126
5552 3374 4215 2214 4508 2968
4126
2968
4112
4112
4112 4126 4125
4125 6535
4112
6346 2870 3334
4126 4074
4112
1538 1538
163
4126
4074 4074 1538 163 386 2797 1710 1538 163 1538 163 1538 163 1538
2374 5850 3758
4136
1538
4126
2968 1538
3298 2230
4112
4696
4112 2968
4126
4163
64 4126
4112
2975
6014 1705 2459
4125
4126
4126
2968
5288 2946
4126
1538
2284 1532
4101
4152 1538 4112
4112 7065 4461 2366 2946 2366 2366
1538
1538
1120 1388 1073
4136
4112
4125
3334 3545
4127 2968
3911 4017 3889
2369 3914
2968 4112 1538
4130 188
1533 3153 277 2602
4112
4112
4125
4125
1538 1538
4074 1538
4126
4112 5929 1844
4126 4112
1538 1538
2968 4112 6337
1807 1813
2968
6178 4136
6067 1533 2369 7079 2304 2851
4104
2972
4126 2968
2968
4125
1538
5335 3334
2968
3412 5531
4125
4074
4125
4125 2368
1853 5525 3509
6178 4125
4126
2946
5827 4905 5624 5951 3869 3651
4125
4126 1538
163
4112
2968
4127 6459 2968
4274
4112
163
4112
4112
431 2946
2180
1685
1867 1615 1887 3273 3509 3307
1538 1538 1538 1538 1538 1538 1538 4074 4074 1538 1538 1538
1532
4112
4074 4112
4125 4125 3510
2968
163
4126
2946
5754 1980
2565
4112
5625
1547 3894 5288 5750 2368 3964
4112
4125
2968
2946
1785 1801 6258
4081 6703
2375 2634
1693 1692
5607 2572 6713 2144 6936 2570 4136 2681 5123 5929 2681 2224 6855 2818 2225 5929 4632 6713 2224 2225 2677 6936 2144 2570 2907 5611 2904 6855 2900
649 2369 602
163
6394
2946
4125 4112
4125
4125 4125 4125 4112 4125 5829 3509
6722
4126
4112
4126 4112
5103 4815
2368
4125 4112
6
2180 4126 2180
3869
4126
3900
5752 5076 1547 2834 5772 3875 2369 3297 5752 5752
4112
4112 4112
4112
1538 4112
4129 2968 5867 4129
3915 2820
3334 6722 3347 6723
4126
4125
4125 4099
4087
4125
4127
4525 2274 5373 2682 3463 3195 3558 3560 2727 4879 392 2374 5313 1547 2326 2603 3882 4533 1795 3264 6971 2251 2249 3647
4125
4126
4074 4074 4074 4074 4074 4074 4074
2368
4112
3510 2862 2275 1707 5929 2623 2224 5796 5172 5531 5929 2275 2862 2363 3022
4074
163
4112 4126
4126
4126
2946 4065 4112
4112 2910
3334 2284 1987 5827 4112
4112 4112 4112 4112 4112 4112 4112 4112 4112
4112
4125 4112
6722 1825 389 5955 1813 6723
2968
4632
163 163 163
6823
6299 2524 5625 1707
3876 5199
4112 4112
2651 2769
4126
2968 4112
6455 4136
2947 4074 2968
4130 1670 1671
2972 4638 2966
2368
6988 6985 6986
4125
4127 4112
3875 4223 6365 6855 3298
2968
1378 1399 1394
649 1164 701
4126
4112
4125 2968
4125 4130
4129
431 4126 4112
2975
4126
1538 721 1669 1538 1538 1532 4149 163 1538 1538
2180
4125
1130 1089 1391
2968 4112
4126
1532 6002
2956
4101
3692 2797 4216 2369 3906 3952 2628 2764 3959 3873 6723 4222
4125
4126
4127
2956
4126
1743 5625 3431 4694
3274 4655
163
4131 4131 4131 4131
163
4125
4125
4087
3692 2381 3924 1547 3952
2968
2968
2556 6359 2369 3340
1532
4104 1683 6264 4112
1862 1669 2583
4125 6175
5941
4126 4112
2968
2134
10
1538
6370 5470
2905
4125 4125
4074
4112
2968
163
4112 4126 4126 4126 4126 4126 4126 4126 4126 4126 4126 2180
4126
3269 2250 1547 5749 5339
4112 4112
5929 2857 2227 4303 4441 2646 1669 2624 1622 3960 3644 1622 4441 2665 500 2645
5038 4112
163
1533 6554 4126 6554
4136
4128
1757 3952 2832 3736 5629 1547
4218 3373 3050
4126
2946
2856
6013 3906 2367 2968 3875 402
4136
4112
3837
4112 4125 2968
4074
2968 4112
2968
2968
4112
4125
6792 4537 5530
1120 1010 1073
2968 4112
3509 6014
2368 6295 163
4125 2368 2968
2943
163 1538 1538 4074 1538 1538 1538
4112
2946
4112
4112 4112
4125
2180
4127
4112
4112
4126
4112
163
5770 2651 3269 5622
4112
1538 1538 1538
4126 2946
4131
4112
2968 1795 4112
4101
4074
4112
2946 4136
1751 2229 2633 5607 1704 2369 2754
6284 1538 3529 2368
4125
4112
1824
3
4126 4112
4112
4112
4126
4101 1538
4112
4074 4112 4112 4112 4112 2968 1
4274
4126
2365 6404
4074
4074 4112
6176 4125
4074
4104 4104
4129
4112
163
4112
4112 4125 2968
4126
2968
4127
2362 2968
6936
1976
4125
1846 4125
4126 4107
4126
163
4112 4112
36
4126 2369 3373 3275 4112
2947
5750 3270 5845
1707 5624 4126
4631 3747 5531
2956
2968
2946 2180
2968
324 2946 6279
710 438 440 705 1215 1217 1210 441
36
1538 163 1538 163 163 1538 163 1538 1538 163 1538
4112
4125
2366
2968 1685 2488 5544 5530
5632 2211 2369 3877 1797 3647
4126 6175
4126 6536
5640 2362
4126
4112 6372
4126
6607 1533 4112
4126
4125 4125 4125
6445 4126 6445 4125
4104 4126
4074
4136
204
4126
890 431 2968 1538
1767
4126 4136
2968
2362
4127
4112 1760 5625
4125
4125 4112
4112 4125
4126
4126
4129
1538 1538 163 1538 1538 163 1538 1538
2368
4126
431 1047 5840 1767 1133 2806 1391 2968 676 1738 656 1615
2182 4638
4112 4112
2975
4125
1119 1076 1388
1538 3558
4126
4112
2968 2368
4112
4126
6346 3307 5517 3297 4885
2975
5373 1547 3270 2777 2440 2225 2624
4112
2947
4125
4078 4075 1813 1812 5515 1812
2898
4112 1538
2968
2968
5396 5929 5332 3900 5339 3944
4126
4112
163
4112 4125
2968 4112
2968 4125
1738 1174 1200 1215
6002 4126
4128
4103
4126
4074 2968 4126
1077
1538 4112
2461 3981 5848 3878 5214
2968
4136
3642 2633 3343 3264 2362 3338 3336 3640 2229 2968
163 163 163
2968 2946 6458 4136
3944
4112
3274 392 4085 3463
4101 4126 4132
4112 4126
4126 4112
24
4051
4074
5925 3743
2643 5771
4112
163
1738 1615 649 689
4125
2946
2479 2470 1785
3852 1751
3560
6117 3347 5844 1532 3334
3960 6723
163 163 163 163
4112
4112
4125
36
4112
4112
2968
431 890
64
2811 2276 2968 4112
4125
4126
4126
1538 1538 1855 163 1538 1622
4112 2968
4126
1533 6510
163
4125
4125
4129
4112
2968
3296 3270 1538 4525 2236 2230
4112 2968
2946 163
4125 1538
2968
2968
4074 4074 2968
4125 4125
6179 4136
2369
4112
721 1738 4112 4112 4112 4112
228 2968 228 228 228 64 64
4076
6850 3269 1683
2946
2968
4112
1669 602 709 686 5839
163
1098 1388 1074 1133 1077 1119
5792 5793 454 1738
6178 4126
163
2968
4112
4126
479 5631
6590 1533
4104 4112
4074
4112
1615 600 684
1683 1684 3869 5346
4126 4125
4125
4594 4112
5867
4099 163 4099 4099 163 4099
1
4125
856 431 2634 2369
2968
1118 1479 1046 2387 1010 4112
4126
6969 649 1715
4125 4112
4126
4074
4125
2382
4112 4136
4112
4112
2382 2203 6251 5844 2202
2633 2853 3275 3900 2547 3922
4112 1791
6178 4125
5430
4126
4136
4112
4128
2368
6259 4126 2911
6713
4074
4126
4112 4126 4125
4149 4149
163
4126
4126 4112
4126
4112
193
4125
5990 4136
163
4125
5754 2912
3255 3321 5470 4126
891 431 4145
2968
2911
2968
4126
4132
2797 3059 6370
2946
4125
4125
4074
4125
2229 5469 1763 2367 1987 3334
163
4125
2968 4125
1538 1538 1538
1531
3060 2225 5631
4125
2968
4112 4112
4112
7027 2968
4126 4126
4125
5531
167
4541 2795 5975 6729
2968
2968
4126
5524 6369 1821 2645 5463 2540
4112
4074 1538
1692 2926
2966 6266 2906 4125 1807 2317
4112
4136
3906 3964
4121
4125
2968
4663 2778 4905 6722
4126 233
1759 602 1853 1759
1868 479 1858
1748 1748
12 14
4073 1074 1119 1389 5941 504 692 500 608 4074
2245 2317 5339 3753 1683 1547 1751
4112
1710 1862 454 386
2968 4112
4126
4074
5829 2797 5470
4125
1538 1538 1538 1538 1538 2900 4149 6258 1538 1538
505 699 1855 1853 699 505
4074 6175 4125
3517 6243 1915 4945 3517 6258 4057
4125 4130
1538
926 6723
6554 4125
4132
6240
2946 4112
2968
2180 720 688 655 1738 4112 6308 1751 2764 5619
4112 5530 5496
5431 4112
4126
4112 4131
6894
163
4074
4125
2968
2368
4112
1538
2968
4883 1531
4131 4131
4126
2912
5544 5468 6295
4112
4125
2946
2968
3419 6855 3875
4101
5431
2968
4101 2946
4129
2210 2946
1477 1520 1144 1474 1468
4126 4112 2968 4074
2968
4112
2968
6178 4126
4074
4126
2146
1538 1538
163
1531 3877
4126
4112
4125
4112
6458 4125 4112 6241 6251
1538 4112 1743 6683 6684 4149 6295 1538
1785
4125
4074
4112
4127 2968
4125
4112
228 228
2180
4126
4127
5632 5633 4112
4126
4126
2968 4112
4125
4112
4126
4074
5651 6295 5467 4112
5805
4112
2756 794
2968
4112
2182
5344
4883 6901 3875 1547
57
3327 1717 2241
5693
2968 668 688 1850 605 2331 1850 3334
6175 4126
2968 4126
2968
4125 6178 4099
6178 4125
4112
4125
3509
2968
2368
2968
4129
4112 4126
4125
1400 890 1397
4074
4126 2968
1533
2909
4128 2968
4125
4125 4112 2947
3380
1615 1738 648 676
5729 2918
6926 2207
6178 4125
4112
3206
4125
2369
4063
2972
6410 5752 5765 1010 1394 6336 2643
1538 1538
1774
2415 2414 2414 5941
4112 4112
4112
2909 4112
3874 2317 6382 5623 4018 3515 4112
5844 3891 2645 263 5844 263 2645 3891 2302 2645 3873
4125
4908 5335 2368 1547 5741 3944 5752 5752 6674 4425 4908 1547 5846
4112
4112 4126
2968
2134 4074
4303 1986 5475 3260 1776 3260 1986 6299 3055
2375 1743 3644 6825 3338 3886 1547 2945 2797
4126
2968
3276 3009 2368 2229 3639
3058
4112
2368
1538 163
4125
4137
4125
5462
163
4126
2968
4125 2368 4112
1707 5952
2945 4129
4128 4112 4107 1531
4112 2956
163
6162 4125
4112
3502
4126 4132
1144 1073
2968 4112
2934 2918 2933
4125 6176
4129
2946
1538
1538
4112
2492 2509 2473
2946 4126
163
1707 5607
6179 4126
4112
4632 4112 4112 4127
4127
163 1538 163
4112 3706
4125
1745 1750
4136
4112
6258 5752 4769
4112 2946
2968
3878 1760 3309 4218 3264 607 608 3338 5607 4218 3307 3334 3259 2369
4112
1538
1531
4126
4126 4112
163
2946
2946
5273
4103 2947 4112
2181
1685
4750
4129
163
69
4112 1538
2968 2965
1837 6977 6974
4136
4112
2945 4125
4126
2634
4074
4127
4112
4112 4074
4112
4112
6137 1531
4128
4112
4129
4880 2319
4126
4112
263 3338 263 2764
4127 4112
5623 5754 5625
600 6972 2946 5806
2945 4126 6175
2180
163 163 163 163
4126
1737 1855 1164 688 4785 1615 1737 1855 688 1164 1737 688
4125
2943 4112
3259 3275 3694
4112 4112 6337 4149 4149 4112
4074
2968
4126
4112
3261 4717 2214 3894 5752 2381 5531
2968 4112
4112 4149 1538 4149
4074 2946
4112
4112
4112
4112
2387 3922 3910 3899 3922 2387
2946
2913 2911 2984
6447 4129 4112
2180
4126 4112
2968
163
4112
4126
2968 4112 1685 4127 4112
4112
2180 4112
6263 5544
4126
1704 1855 4218
3959 3922 3898
2368
4074 4126
6295 3275
4129
3546 5624 4509 3509
2586 1785
4126 4112
4112 2968 2202 1538
1538 870 431
4126
4099
2598
1
4125
4112
4112 4112
2968 4112
4125
2968
2912 4126 2946 2920 2911
4112 4112
4125
1622 1738
6242 2584
4125
4112 4112
2946
4127
3637 2832 2369
3509 2873 2807 1912
163 163 1538 163 1538
4816
2362 3757 3740 2362
4070
4663 2778 3268
6855 5607
4112
2524 5623 2540
4112 4125
5808 1738 4664 5826 3878
4136
2140 2912
228
4125 6458
2946
4112
4126
4112
1776
4112
6297 5625 5631 1707 5623
2968 1743 5631 5625 5623 1707
4112 5929 5929 2968
4125
4136
6423 1716 1716 1706 1706 1716
4126 6535
4129
4073 4126
4129
1533 1532
4074 75
269 6326
4126
386 1710 1538
2956
4125
4074
4126
2968 4112 3382 3380
4129
2968 3
4136
4129 1538
4882 853
4112
2181 2946
2968 4112
1538 4074 1538 163 1538
163
2968
4112
5867
4125
6178 4125 4099
4127
2968 4112
2180
4126
1532 4149 4149 1538 1538
2968 6850 6796
1
2797 3357 5629
4126
2968
6326 5839 610
4125
1538 1538 163 1538 163 163 1538 163 1538
2946
4112
4126 4112
1710 386 3510 1538 1538 1538
1538 1538 163 1538
2968
1393 4145 1089 1389 3338 4144 3873
4537 1704 6013 2968 4112
4125
4069 5629 3899 3881 2797
4112
3509 3890 4074 4087
1538
4129
4126 6004
3933 6284 5607 3719 1697 3800 6336 2374 5631
163
1538
163
4112
4129
4074
2956
1868 600 4074
4125
2968
3275 2762 3878 2769
4129
5844 4074 2946 5820 3622
4125
4126
2954
4112
1538
2366
6758
4112
4112 4136
2972 6340
4137
4125
6259
2946 2948
2369 2945
6293 6991
4631 5840 2762
4112
4126
2968
4074
4125
1813 5531
4126
4885 5068 4544 5069
3334 3644 3915 3299
4126
6800
163 163 163 163
4125
4149 1538 1538 1538
2968
4074 1538
4127 6176
1709 385 6723 6691 1826 893 1012 1073 390 3509 1709 385 1738
4136 4126 6549 4126
4112
2540 6972
4126
4112 6761 4136 2899
5647
2297 1704
700 608 564 4112
4112
4127
2214 602 1785 2381 3371 2362
4126
4125
2968
6325 2182 6326 4112 4126
2946 2180 1538
2968
4127
4128 4112 2368 4112
649 1862
4112
6246
3639 2369
4126
2369
4112
1538 1538 1538 1538 1538 1538 1538 6066 1529 1855
4126
2968
5468 2946 5122 5468
4126
4126
4125 6175
5754 1980 1846
4112 4126
4125 4112 2368
2946
4125
2968
1397 1394 5747
2374 3907
1538 4112 2930
4125
4112
4126
163 4112
4125 1538
1776 3880
4074 4074 4074
6536 4125
2180 3813 2945
1538 1538 1538
4126
4112
4112 1538 4112
4125 6177
4112
4112
6175 4125
4126
4112
4074 2946 4136
1707 3294
1862 721
4074
2968 4112 1
2968
163 163 1538
3558 5532 6372 2797
4070 4074
78
4127
5651 6014 4126
2946
4125
2362 5839 1855 2362 553
4112
4112
4074 4127
2968 4074
4125
4126
4112
4126 4074
63
4125 4112
4112
4125
4804
4126 4130 4135
4145 1009 998 1119 926 1017 1119 4145 926 4145 999 926 1119
4112 2368
2458 2797 3921 3900
2182
4136
2946
6449 4638 4136 4126 6447 6447 4136 4126 6447 4126 6447 4632 4126 6455 2714
4125
4067 2968
1532
4125
4070
6501 4126 4632
4126
4127 2458 2524 2459
159 154 195 146 160
4126 4112
4112
4099
4126
6447 4125
4125
4112
4127
1716
2362
6179 2180 2946 4126
4126
4125
4112
2368
4125
4074
4126
1738 1772 2583 2333 5640 3253 4304
6701
207 1 1
4125
4112 2968
4126
163
202
2946 4125 4112
721 1622 3509 1738 1740
4074
4112 2368
4112
4125
4112 4126 4112
2968
4112
4087 6556 1531
2764 6800 3269
4126 4112 2968
1538 4112 163 1538 163 163 1538
277 3737
878 1131 1162
4126 2968 2899
167 4136
2146
2968
233 4112
4125
5752 2263 3906 6972
4126 2946 4112
163 163 163 6259
2968
2968
1538
2968
1538 1538
1538
2947
2946 2947
1369 1264 1307 394 1738 373
2134
4112 5913 1912 3391
4137
4125
4074
4125
1622 5941
2968
6796
4112
2968
1797 6887 3319 2920 6886 2817
4112
4112
3880 4303 4663 6972 3650
1947
2946 2946 4112
3852
1538 1538 1538 1538
2807 2826
4125
4074
4112
4126 2899 2965 4112 2140 6710 4539
4074 4125
1704 2368 2634 5632
4112
4125
1846
2968
4126
4125
2956
4125
6179 4126
4125 4074
4125 4125
4074
4126 2968
4065
3898 2329
4112
4112 2484 6723 2299 4537 6242
4112
4125
4125 4125
4126 4112
4126 4112
4112
1855 4218 602 2857
1776 6267
569 610 699
2466 1724 1801 4112
1703
4112
4137
6178 4125
4136 6987
4126 2968
2 2 2 2 2 2 2 2 2 4112
4126
4125 6176
2968
699 602 709
4129
452 686 677
4125
5941 3510 2631
4125
6365 2369 5806
4125
1400
4127
6971
4126
6969
2968
4127
4112
4144 3914
4125
1738 263 455
4112 4125 2972
4099 4099
4125
2968
2968 3260 3877 5749 3274 2853
4112
263 2369 2797 1862
1046 431 666 3319
4075 2362 4112
2968
6014
2797 5532 1751
4074 1846 2968 1846
5844 4631 6377 263
2968
1378 1135 4145
2956
4074
4112
4112
163 163
3922 6723 3933 1533 6109 3924 6723 3911
4099
4112
2968 3404 5607 3274 4112
2368
4101
4125
1400 1379 1378
2369
4074
4125 6178
1538
4074
2968
2968 3877 5295 2645 5339 3878 2820 4125 5339 2820 3878 2645
163 1391 1077 4145 431 1119 6306 163 6013 5623 2140 3261 3022 2797
4126
4112
4126
2326 5806 5806
4087
4125 4125 4130 4130
4112
4125
6341 2249 1538
263 2240 3964 1871 263 1740 2282 2241 2240
4112 4074 2180
4126
4112
4125 6449 4125
2888 6309 4886
2968 4112
2369 2528 2458
4126
4112 1538 4112
4112
4112
5746 263 5741 263 4439 263 5741 4720 5740 2759 263 5741 4631 5740 263 6988 5325 6986 2832 5326 263 263 2832 6988 6986 6990 6988 4439 263 263 6985
4126
4074
1531
3334 2755 4144 3649
163
4126
1119 1047 1390 5929
6295 5530 5623 5531
6387 385 1709 1796
11
4104
2934 4126
2946 2180
4126 209
4136 4112 2965
1538
4125 4112
4136
4126
6012 4263 2088 3877 4144 6855 2480 2375 2583 4144 3952 2088 5584 6368 4144
4125 4112 4112
163
6712
4125 4125 1538
4126
4126
5721
4101
5629 5633 3274 6346 3509 1738 3274 1529 1531 6514 4290 3509
1531
2968 1703 1697
2968
6313 2369 2870
5801 1760 6971 5801
231
5344 1760
4126 2946
5867
4112 4136
4137
2968 4126
5499 1695
6179 4125
4126
4126
2946
4112
2968 4126 4112 1538
4145 891 1394 1391 431 922 1119
2368 5450
4112
4136 4112
2968 4112
2946
4074
2946
4125
2946
1800 5723
2968
890 431 4145
4112
263 5622 5929 5925 263 5622
6184 4126
4126
4074
4125
6176 4125 1538 4112
4125 6179
4137
5625
1682 1818
4125 4112
203
263 2382 2833 3986 5342 2853 2367
4112
4126
4125
4125 6535
2594 2754 1538
2368
4074 1538 1538 1538
4112
2362 3757 3801 3758 2369 4508 3798
2968
5451
4137
4125
4125 4112
3423 263 5846 163 4420 1548 163 2269 2270 1547 263 163 2270 2271 263 2269
4112
2319 4377 2932
263 2855
1538 1538
431 891
2764 6792 3437 601 2322
4112
4112 4112
2968
4136
4112 4136
4074
4136
4112
6175 4125
4125
1158 1152 1037 927
4127
6175
2265 5929 5929
4126
2368 4112
4137
5607 3877 5640
4129
4125 4099
4136 4112 2827 2538
4274
6729 6971
263 3274 3309
6398 3510 3278 2797 5925
2968
4112 4112 4112 4112 4112
2968 4112
1538
4125
4099
2946 4073
2968
1797
6977 5940 1547 5852 1538 6977 263 6980
1665 4112
4988
4125
4125 6175 2968
2949 4112
4112
4126 4049 2946
4125
2946
5625 5623 2919
5851 5746 263
1844
5544 6259
2368 6261
3510 1986 4195 1987 3546 2930 2369 6711 5716 6823 2968
3309 7296
2368
6336 3414
4128 2968
6365 263 6343 5827 1785 5829 2851 263 4426 5829 3437 6343 263 3437 5829 263 6356 5336 4426 263 2851 6410 5829 263 6365 2851 6343 3510 263 2216 4426 2851 263 6343
4127 2368 3517 2807 6014
4112
4126 6527
720 479 688 699 4136 502 649 699 502
1927
4136
2968 4126 4125
4125
2968
4632 4126
2024 3767 2590 3757
1862 1622
4126
4126 6539
4218 2773 4074 6067 4126 6067 4126 4112
4074 57 4074 57 63 57 4074 57 63 4074 57
4129
2968
6175 4126
4112
4125
5620
4136
605 527 479 699
4125 2968 1792 2911
4125
6969
5839 5796 2458 5839 5623
2944
6277 4101
431 955 1387 4145
4112 4112
3156
4112 4112 4112
2968 4125 2180
4101
4125
163
4136
4112
6337
4126 4112
2968
4074
6527 4136 4112
4125 2899 2943
5625
2968 4112
1947
4112 2945
4112 4125
6796 5754
5607
2461 4136
4112
4125
2565 2930 2565 2565 1531 3510 3178 3177 1531 2565 2565 4030 4266 3275 3177
4112
4112
4125 6185 6185 4125
4125
4099 2946 2905 2905
2249 263 6369 5607 6723 4112 4144 3669 4341 4144 6372 263 5607 6723 6372 1538
2968
4074 4112
4112
4112 4112
2968
4074
4112 4074
2968 4125
2946
4112 2180
1738 1855
2930
263 2225 4359 5840
2946
2649 2225 5624
4125
3181 1532 3264 3181
4126
4125
4125
2968 4074
4112
4112 2968
2853 3640 5607
221 4125
1538
3892 2601 2200 263 6972
4126 4112
6969 6969 6969 6969 6969 6969 6969 6969 6969
163
2968 1538
4126
163 2872 1708 4899 6722 1813 4222
2382 2261 4899 4898 2382 2261 4899 5792 2261 2382
4125
24 4137
4129
4125 4112
4126 4125
4125
1538 1538 163 1538 1538 163 1538
2368
1538 4125 4099
4112 2968
721 1622 1763
4074
6528 4126
4126
5450
4071 1916
2968
4112 4132
1538 163 163 163 1538 163
6712
4112
4129
2946 4131
2723 1547 1073 4663 4112
4126
3882 2651
4112
2588 2587
163 1538
2946 4112
5826 2641 5629 2797 4144
4112
4126 2374 5827
6722 3881 4126
163
4112
4112
2968
2180 2946
4126
1046 1388 1162 1037 1120
4074
5978 1751 4883 6723 6691 5495 5482
3298 1708 2921 4136 5952 4728 6412 1785 1533 6987 5754 4638 1785 3298 5951 4136 5348 6014 1785 5348
1622 5607
4125
1538 1538
4112 2972 4112
3545 2634 3546 3649 2873 1548 3881 2369 5752 6336 3656 3045 3898 2250
4132
1915
6179 4127 2908
2968 2249 3404
4125
4136
4125 4112 4074 4112 4112
4126
2968 4136 1784 2991
2229 2855 263 5431 263 6344 2374
4112
4126
1807 6894
188
1997
1837 6723
7216 7218
4126 4112 4125
4112
4126
7316 7270 7314 7268 7317 7273
1538
4125
4127
4112 6340 2275
3321
4112
6284 6395
2946
163 163
4125
4074
3942 2367 3273 5532 3923
2459
4125
3696
4125
4126
1538
4125 4632 2912
4126
163 1538 163
6261 5544
1738 1772 1738
4125
2913
4125
2946
163
5624
2180
6971 1760 6723 6969
163 163
2769 3273 3656 2369
4074 4112
4112 2946
4441 7067
1215 432 707 713 498 3908 1547 3299 4439 3207 3340 1547 5744 3545
392 3463
4125
1846
163
5606
4125
4136 2182 6707
2975
2968 6969
2975
6722 263 4631 263 4217 4222
431 1073 1120 1479 4145 891
4112
4136
4125 4099 4125 4130
1531 1538
4223 339 2797 2729 1760 5764 275 163 2968
2797 3945
3876 5845 1532 6695 2869 5623 2023 5640 6723 3264 2754
6895 1683 4074
5763 3269 6012 3274
2317 4144 1547 2249 6734 6851
2947
5845 2369 2369 4112 4125
1538 2968
1
4128
4126 2946
4112
4112
2968
2956
4127
4126 4125
1531 4283 6429
263 4443 3261 4631 2600 263 1759
2677
2284 2397 4439 277 277 2284 2394 3737 2284 2394 277 3737
1120 1077 1133 4145 5929 263
5840
163
2855 6361 3944
1538 1538 163 1538
2968 4112
4129
2968
4125 4099 1715 6259
2628 2968
1538
1740 693
2946 2949 3484 2949
4126
1538 1538
163
4126
1538 1538 1538 163 1538 163 1538
4074 6277 4125 4112
163
6723 6374 5531 1749 3509 1843
6971
2946
4125 4112 4112
6976 5531
4129
1947
3350 3655 1547 3622 263 263 3391 5925
2369
4914
4128
2968
163
1776 6259
4125
4126
4537 2911
4112
1532
2826
4112 4112
4090
4125
4125 6258 6796
4112 4112 4112
2968 4112 1538
4112
4081
4112
1759 3909 6253 6252 3317 4509
4217 2828 6408 3204 2220 2224 2272
4074 1846
2651 263 5285 2651 263
4112 2180
67
4112
3106 1668 2362
63
2968
4992
4128
163 163 163 4104 4074 163 163
4136
167
4112
7254 2458 2459
3274 2631
4125
6178 4136
4136
6178 4127
4112
3411
2949
4125 2968 4099
5929 5929
1716
6336 2368
718
2635 1037 3694 2797 1076 3275 431 2245 6914
3273 2754 3986 3906 4692
4127 4135 4130
4126
4125
163
4112
2319
5793 701 666 3521 5339 502 1738 5795 3622
2546 2546
4126
204 4074
2968
4126 6447
4112
4125 2968
5829 5463 2645 5607 5925
4136
4074
2968
3274
5515 4136
692 1855 1615
4132
1797
1538
2968
4125
2366 3882 5752
2182 4126 4112
3656 5844 3423 263
4112
6722 4112
2440 2130 3376 2991 3270 3647
163
4126 2180
4103
2180
4112 163
4689 2211
1005 1046 1119
2458 2524 2497
4074
4136
2968
4136 4112
2946 4126
67
4125 4099
4112 2968
4126
2773 3261 3892 5339
163 1538
4112
1931 1931 1931 408 1931 5918 1931 6266
4112
4112
4112 4125
4076
4126
1010 431 126
5607
4112
5431 6976 1837 263
2946 6265 4126
4126
1
5344
4112
6178 4125
4125
4131 4131
4112
2968 4112
2134 6267 6796 2909
6796
3322 3320
4136
4126
4125
4125
4112
4125 6068 1538 6247 610 6242 2387
2968
4126
4112
4125 2833 2826
4380 3408 3276 3275
4112
4112
4125 4130 4135
2933
4064 2968
6014
2210 1685 4263 6012 2754 1077 3876
4074
4125
4074
4125
2369 6430 4218 1531 3891 6346
1394
1980 5754
2946
2968
163
6293 2209 1858 1858 1858 1858 1858 2209 1858 6293 5624 6293 1345 5624 569 1344 6293 5620 5530 567 6377 567 567 567 2287 567
4126
4125
4085 2946
2368
4125
3559 1813 2326 3962 2968
2946
5623 3274 3898 2634 1391 1073 1123
4136
1855
4112
2968
163 4125
3338 5324 3334 5339
5475 2754
6971 2797
4125
2322 2797
6447 4126 4112
4126 2968 4126
2968
2968
263 4401 6356 263 3560 3559
2968
4967 26 2224
4125
5532
4112
1 6266
2968
1538
3275 2755 3877
4074 4126 6445 4125 6445
4081
4126
4126 4125
4127 4130 2968
4074
4112
4126 4125 2369
3876 6855 2631 5623
4136
4074
4126
4126
4127
6969 1742
2921 2904 4126 2972
1718 1759
2968
3880 5744 2325 2325 2210
6979 3408 2180
6340 4489 4074
4126
2944 2968
4125 4112 4125
4131
4112
4125 6178 6178 4125
1538 163 1538 1538
2489 2485 2488 2490 5530
2911 6259 5214 2908
2946
5823 5822 5822 5966 5823
1533 5995
4131 4131 4131 4131 4131 4131 4132 4132 4101 4131 4131
5622 5582
4074 4101
6261
4112 2968
1862 1622 1862
4126
2452
3875 5925 2387
4074
4125
4126
4125
5114 3463 4112 1825 2633 1825 1825 1801 3408 1825
4125
2968 4112
4126
2899 2972 4126
4126
4125
2948
4074
2369 4112
2968
4125
163
6722 2374 263 1547
5531 5622 263
4101
4125
1538 1538 1538
4125
1776
4132
4126 6179
2968
4112 2797 3510 6971
4125 4125
4125 4112
4126 4127
4125
4126
2368
4112 4112
4126
2946
4125
4144 3297 4420
4127 4126
3510 2769 3878 3914 4218
59
4136 4126 4074
2943
2225 263 431
54
2968 5531 1712 1707
4126
4126
4112 2968
4126
4126
4126 6175
4126 6178
1111 1077 1390
6662
1073 3275 3881
2466 5640
4755
2968 2369
2968
2968
4125
2968
2968
4820
4112
2899 6936 2901 4136
3324
4126
2946
4126 4130
2220 6397 2367 4401 5651
4132
4112 2968 1622 721 2776 5941 2180 4112
2946
1264 1358
4074 4074
2968
163
2968 6365 6346
2329 2935 2938 2932 2329 2857 2329 2329
4126
1538 1538 1538 1538 163 1538
1538
4112 4112
4125
2369 4126 2946
4125
1791 4125
4136 4112 2968
4280 354 4291
3877 3269 4692
4074
431 1388 4145 970 1119 1089 4144 3269 3875 1119 970 4145 1387 1089 1394 4144 3270 3875 970 4144 1394 1479 1089 1119 4144 2284 3269 1987 4145 1119 1089 1391 1394 1988 4144 3270 2284 1479 1394 1089 4145 1119 3270 4144 1988 1119 4145 1024 1394 1076 1394 1391 1076 1119 4145 3271 4144 2261 2263
4074
4126
2968 1821
2968
206 206 206 206
2362
3756 5632 3391 3944
4126
4112 2369
6529 4126
4125
6971
2968 4126 4112
4112
2968
6729 3510 1759
2946
163
4696
163
4125
4149 1538
4855 6242 2368
1795 6326 280
2968
4132
4112
4112 2972
4126 6178 4112
2968
4132 4130 4130 4132 4132 4130
4112
6369
6723 1633 1623 1621 1624
1531
1848 557 566 263 3338 4720
4136
4125
4126
1533
4126
1532
6341 5467 2968 3437 6341
2646 2851 3510 890 431 6971 3120 3420
4125 4098
4112
4126
4132 4112
2213 1615 700 649
4112
5741 3267 5844
4112
1707 2216 1784
1363 1296 383 373 394 1356 1278 1308 1307 1306 1357 1294 7030
2398 6792 1256 1547 1547 5750 2398 2401 2682 3060 1547 2839 1547 3137 1256 6986 2398 1547 3261 1256 3261 2216 3049 3269 2968 2727
4126 4112
2853 2968 2775
2968
2778
4125
2972
4112
926 1393 1390 1128
5482
4112
2797 5801 263 163 2797 5801 5801 2797
4443 6668
610 1737
2230 1547 2641 5941 163 6723 2641 5941 5941 3509 1547 2641 163 5941 6723
4129 394 1317 1357 373 1262
263 3334 2646
2968
2180 4112
4125
3639 5326 3137 2387 1547 3640 2387 3137 1547 4439 3963 4439 3640 163 263 4439 6969 1547 3639 5941 2387 4439
4074
2517 5754 1776 4539
4131
2911 4126
163 1538
3622 5746
3025
4126
1378 1394 1399
4125
5607 5773 4074 2590 3010 1533
4112
4112
4125
4112
4112
4718 263 5485 4720 2590 1547 5829 263 3437 6014 263 3943 3437 4420 263 4439
163 2946
2968
2968
2968
4112 2968
4112
4125
4126
4126
2180
2956
2946
2968 2368
3986 2778 263 3943 263 1547 3060 6729 3324 263 6336 263 2220 5763 5475 263 5475 263 2250 263 2214 2797 6336 2249 263 3943 5475 2250 5532 263 5829 1704 4420 263 1821 4439 4669 263 3261 2797 263 5475 1704 5925 6336 5475 263
2946
4125
4129
4136
6371
4112
5625 6299 1707
163
6944
2946
163
2180 4112
4126
2968
4125
4126
3307 2249 4112 2778 4437 2764 5619 3421
2968
2968
4126
3324 2506 6723 2524
4126 6528 5941 5495 3260 2759 6528 4125
3181 2643 5752 3881 607 2762
2946
1538
4126 4130 4131
5867 4126
1947
1234 1246
6277
4112
4808
2968
3944 2331 263 402 263 605 454 556 692
2325 6295 4443 2369
2322
4104 4104 4104 4104
163
6295 6013 2565
4126
2968
6990
2180
2946
1046 431 1076 1119 952 1120 1387
163
163 2857 4222
4125
6247 6368 4074
4126
163
5433 2375 3338
4125
4112
2362
4112
163 1538 1538 1538
1662
4126 4132 2968
5801 5801
4112
2968
4125 4112 4130
4099
2946
3463 4291
1734 2317
4112
4112
6242
1531
2362 3319 4137 2984 2362 3319 2920 3269 4137
4135 4130
4717 1986 3374 263 2369 3922
5069 5059 1548 3244 1547
4065
4112 6263
4112
6018
3906 3882 3944
4112 2968
4125
4112
686 570 1738 605
1538
1698 2369
2968
2968
4126
3765 3137 1547 6946 3802 2446 6946 3747 3716 3803 2446 6946
4126 4125
1760 3307 5772
4126
4112
4126
2968
4125 4099
4112
1538 163 1538 1622
2968
3876 2392 2024 1704
4126
1163
5808 6668 1531
4099
2968
5808 4663 2547 5771 4304 2759 5808 4663
1716 1715
4074
4125 4112 4126
163
4112
4125
2968 4112
2369 3878 4035 3334 4037
4126 2968
4112
4125
6284 1120 957 1063
4126
4126
163
4112
4125 4112
7069
4126
6723 2210
4112
4112 4135
2968
5482 2608 5483 5482 5485 1908
4126
6455 4136
1379
46
5532 2634
1531
2946 6828
4125
4112 4112
4112 4112
163
163
3874 3278 3298
4112
4466 3558 3374 4478 649
4125
4801
207
4074 2968
6175 4126 3491
3297 6972 6974
4112
4439 263 5740 1547 4439 263 1547 3981 4420 3981 1547 263 1547 4439 5847 263 3981 1547 263 4439 2839
163
4136
4112
4126 6535
4126 6458
4112
2968
4103
1531
4136
5829 263 5622
163
4127 6297 5525
4127
2488 6261 5754
2387 6251 6242
1538 1538 1538 163 1538 1538 163 1538 1538
2368
1531
4112 2181
4126
1683 6422
6166 4125
4126
4126
4126
4125
4125
1912 1821 5524 2506
4125
4125
4126
4112
2956 4112
163
6459 4126
2968 6662
5913
4125
4127 2968 1698 5470
163
2146 4638 2946
4112 4074
4125
163
1718 2833
4112
1709
4125
3869 3269 2628
4112 4112
4074
2968
1093 716 1111
2968
4074 4074
4132
4126
6971 2387
4126
4112
2968
6185 4125
2583 431 3420 2369 3423 2368 5630 3922 1986 3875
2483 2538
2947
4112
3274 1698
4125
4126 2972
2956
4112
4125 2946
2968 2910
4126
4125
4112 4112
6299 855 1801
4125
2362 5468 6014
2934 2932
2946
207 1 4126 4112
62 65
2825 6346
1827 5640 263
3269 2797 2756
649 507 688 4125 6535
2182
2946 4112 3408 1533
163 1538 1538 163 1538
4074
4125
1538
2966
1750 4112
4125
3380
1538 1538 6395 1538 1538
4125
4125
163 1538 163 1538
2968 1682 1683
6368 6969
4126 4126
2968
4126
4125
2643 6014 6850
4074
1538 163 1538
2956 4112
4125
4136
163
1538 1538 1538 163 1538 163 1538 163 1538
3545 4899 5752 4112 3638 3878 2762 3264
4695
163
3873 3875 4112
4112
2968
2920 4125
4135
709 608 674 6755 4485
2665 3881 2229
2946 4128
4112
2265 5470 6986 4130
4112
4274
2490 5754 6796
431 1077 4145 891 1135
4112 2968
1538 1538 1538 163 1538
2968
655 655
4112
163 163
2825 5740 1538 4112
4137
4126 4126 4074 4074
4125
4112 4112 1538
666 1737 605 1615 608 691
4112 4112 4112 4112
1738
4127
1799 6711
1531 3558 3800 6107
4112
2954
4074
4074 1846 4112
4126
3343
2946
4125
2366 5631 4663 3297
163 163 2968 163 163 163 163
2968
4664 5750 4663 277 4898 1785
2968
256 61
1538
1915 1915
4125 2945
2374 2946
4112 2968
4127 4112 1538
4126
1538 1538 163 1538 1538 163 1538
4074
4125
4126
2968
4126 4112
4126
4112
602 701 1853 1672
4126
4125
163
1538 1538 2369 2633 1538
2968 2968
4806 4816
2968 4129 4112
6178 4125
2643 1072
3178 3275 2797 2754 3274
3637 6293 2729 277
1538 1538 1538 1538
3827
1538 1538 1538 1538 1538 1538 1538 1538 1538 1538
2826 2387
1758 1722 387
6404
5467 2797 5607
4125
4112
4112
6014 5746 2968
2480 1685
163
2968
5792 2605 5398 1547 4664 5332 2375 7208
4128 2946
4074
2631 5811
4125 6179
4074
4074 4112
4125
4112 2968 4112
2968
2465 6974
6202
4127
2968 4112
204
1538 677 610 500 163
1737
2946 4089 4126
4132
4125
1531
2946 4132
4126 4074
4126
263 3650 6395 5573 3637 6395 263
4126 4074
2180
4112 1538
6202 5598 5598
4125 4112
4112 2 4112
1538
2968
4137
5807 5808 5808
4112
1846 4074
2496 1718 2602 2602 1759 2585
2968
4125
163 163
163
4112 4126
2968
2968
2968
4125
163
2968 4074
4125 6277 6444 6729 2641 5940 5941
5811 6796 5806
2946
1538
4126 6067
666 677 552 4112
1538 1538 163 3510 277 4496 5918 163 1538 610 163 163 1538 163 1538 163 1538
4103 4130
1532 2968 5008 3558 2362 5975
6970 6346 6971 6013 6855 3294 6972 1718 3274 5826 6014 6346 6969 5845 1760 6972
2968
6971
4125
4074
4125
57
4112
4126
431 4145 1077 955 1118
1785 2223 2265
1538
1533
4129
4125 6068
4125
2975
4074 4137
1681 1531
2968
57
4064
2946 4074 4074
4074
