67
1531 4112 61
4138 2229
1530
1531
3320 1395 5631 6958
1531
4136
4126 4130
4125
4125
1538
4128
4112
1581 2627 6850 1841 2780 6969 3640 1581 428 6850 374 2780 2645 2627 1577 1581 1531 2627 6969 1756 2780 3384 3386 4289 374 6969
4632 6722 2944
5818
1818
4125
4126
4126 4130 1531
4126
1031 1073 1135 1077 1033 1007 1104 1120 1119
285
4074
4137 2180
1669 1738 1378 431 1530
4126
4126
1
4125
1531 4074
1549 1562 1564 834 4129
4112
1862
4112
10
1530
4125
4112 4112
5043
2956
5294
4126
3882 4290 4289 6674
4350 6313
6266
686 1853 584 720 2764 2367 3889 3261 2325 3309 6926 6690 3509 4126 6532 2237 3261 607 2367 502 586 674 607 5941 2237 3261 2367 586
1530 2946
4126
4126
1532
3849 5625
4136
4663 4391 5969 3326 2369 4126 4383 3408 1531 3324
4101
4125 4074
4131
4115
4112
4125
2538
1531
1531
5740 3268 2853
4112
1531 6044 1531 3877
4126
2369 3338 3341 350
10
4126 4112
1115 717 1101 1388 1697 1666 5344 1667
6961 1533
3030 3195 3376 4281
4069
1533
4125
4074
4074
5455
2933 1705
4125
4126
2946
455 455 456 455 455 455
1862 3867 3869 649
4112
2947 5522
2180
4125
4125
163
4136 2946 6712 6262 2966
221
3842
2180
4126
2180
4112
4126
2594 4112 1530
4125
4125 6179
4125
2857 1813 6361
2775 2997
230
4074 2946
1530 4112
2972
4126
163
4112 4126
1530
4074
4112
285
4112
1538
5335 2367 3900 1737
4125
4125
1391 928 1119
4126
376
3858
5969 1836 2214
1737 594 163
4112 1530
4125 4112
1738 720
4126
4126
4125
6855 3338 5477 2339 2775 5339 6402
4125 2121
6457 4126
4130
4112
6539 4126
5989 1533
2972
2369
163 163
4128
705 440 1187 711 1211 1205 1224
4126
4125
4112
4112
1916
4126
4125
2180
4126
4696
5747 1395 2369 5631 1532 2214 6626
4125 2946
4127
4125 6180
4125
4126
3877 2331
1531
2944
4126
4125
4112 1530 4112 4112 4112 4112
2317 3273 3274 6855 5752 3643 6723 3890 3885 5764 5765 1538
4125 4130
4074
4126
2180
3839
4129
2650 4899 6802 3900 2649 2262 2261 4898 5607
6299
4112
1538
4125
4112
1584 1575 1577 1685 1710
4112
4126
1530
7220 7211
4125 4125
4090 6346
4126
4125
4125
4112
5754
2440 2252 3560 2851 2319 5749 277 4074
1530 1531 5839
1531
1531 5532 3045
4126
6855 1890
1867 709 662 5920
4126 4130
2220 5607 3436 2216 6013 6675 2362 3436 2628 5607 6013 3906 3922 5844 3874 3639 2220 1547
4125 4125
5214 2325
2944
5839
4132 4112
4074
6178 4126 4126 6175 4074 4126 6179
4112
1533 4809 4519 1531 4696 4699
2912 2325 1716 2325 4112 2325
192 4112 4112 4112
4125
6703 3869 2946 2140 6699 2965 2966
4125 4099
5940 5752 1703 1707 5940 1691 2480 6306 6299 1697 6299 5925 5925 5925 1707 6299 6299 5925
454 6972
1531 4126 6069
5477 6961 1091
4126 2946 4112
4126
10
4129
4136
4126 2091
6563 4136
3192 3188
4140 1722
4126
1982 1394
2797 3408
4126
4129
2497
4112
2327
3297 1757
3869 285
1760
4112
3272 2833 3320 2830 3272
4125 6178
1871 1669 607 1615
2475 10
1530
2538 2461 2458 4144
6938
4303 6179
2946 4112 4126 6611
4126 4112
4112
4112 1530
3858 6398 3334
1530
5827 2217 4731 1530 2807 2890 2224 2565 2851 5611 3372 2851 2594 2643 2540 4731
4125
4125
4125
691 709 641 4145
1530
1695 5620 3268 1698
2948
4126
4125
720 608
4135
1531
4074 4112 4132
4125
679 557 491
2319
4074 4129
2756
4112
1530
1707
