5844 1760
10 10
6612 2586 5632
4112
4112
5865 4112
4125
4126 4130
1538 1538
1547 3334 1987 5978 2369
4125
2540 6013
2780 6969 6731 3408 6729 2627 3299 2754 6969 3379 4982 6729 3280 6722 3380 2658 5617 2627 6969 3380 3274 5929 3408 2780 3062 5752 3640 3379 4291 3268 3373 6803 6969 2754 3268 3408
3408 6687
2121 4136
4126
4127
4125
285
4101
4126 4112
4126 4126
2944
1379 870
4112
4112
4125
4074
581 688 4871 479
4112
2972 4136
5795 5332
4112
4126 2121 4112 2903
4125
6704
163
2325 1609 3261 3268 2755 2325 3309 1987 6942 3408
854
4126
4126 2972
4126
2972
1916
3372 2252 6241 4444 2807
4112
4132
1947
4126
4125
2965 2966
4887 1776 2368
4125 6447 4112
5606 2578
4125 4112
1533
3405
2853 948 1391 431 4112
4126
1379 1400 1391 717
4126
6012 2387 2366
2775 2362 6398 3882
5632 6067 602
2944
4074
4125
4126 4112
2565
4125
4136 2121 2972 4136
3842
4125 4112
2944 4129
7056
4126
4112
2944
4126 6446
4125
893
4129
2972 4132
4125
6705 6701 2508 3412 5450
4112
64
4125 4126
4126 4112
4074 1538
2862 5316 4525 392 3420 2251 3560 5315 2326 3405 3463 3639 3264 5332 4879 6972 1547 3234 2682 3559 3906 2727 282
4074
4074
4126
4112
1538
4112
3307 2354 2367 1737
1947
4126
2972 2943
6326
4126
2972
4087
4125
4125
2956
4074
2944
4125
1538 4112
4126 6536 4112
4126 6179
2121 4126
3669 5744 4144
4112
350 4004 7217
1538
163 163
2121 4126 2121 4126
4125 4125
4112
4125
4112
2944 2965
2972
4125 4130
2180
4112
4112
4126
4126
6180 4125
4112
4136
1538
4125
4125
4112
4112
1757
4112
4152 1538
6239 4126 6536 6368
4136
1531
2357 2362 2241 1538 2833 2660 1750 3900
2210
4126
4125 4112
4126
5015
4125 4099
4136 6175
4112
4125
4126
4126
4125
4125 4112
5630 6104 5481 5485 3643 1757 3898
2944
10
2943
4136
344
2369 2754 2369 1855
169
3509
6855 1855
2481
2936 2965 2934 2972 2140 2966
4112
4112
1532 1531
4112
5632 6175 2325
3876 3273 3643 3405 6855 6171 6723 6170 2317 5623
4125 4099
6839
4125
6797
4125
4126
4126 2944 4112
2946 2778 6969
4112
4125 6547
1538
285 4694 3509 285
4136
2972 2121 4136
4112
4126 2121
4112
4112
4125
4112
610 1850 688 2203 4880 688 1861 1850 610
4112
2944
2944 4125 4084
6666
4103
4126 3875 6855 5328 2390 2255
455 1669 1871 2211 1871 1615 1669 3338 454 1615 5845 1395 1615 454 1615 454 1871 1669
2499 1707
4074
5630 6176 6184 5630
3379
4125
6932 1779 3910 341
4125
4126
6938 4129 2180 4126 4136 4074 4137 2972 2463 2546 4074
1538 3372 2225 5611 2215 2524
1538
4125
263 4666 4668 3644 4668 4667
4126 2121
2949
1765 6800
4125
1737 263 453
5802
4129
4125
6184 4126
2658 3326 5947 1841 2224 6972
4099
2947
4112
4074
4112 1538
163
2621 2839 2224 4144
4126 2972
4065
4132 4074
3882 2466 2665 2343 2374 3636 3694 7275
4126
2835 6986
4126 2121
2966 2899 2965 2910
4132
4103
4125 4099 4112
4063
