1538 1538 1538
4112
1792 1707
4125
1846
3299 3296
4112
163 163
2797 3273 3885 2825
4112 4125 4112
4112
4125
3878
1538 163 4401 1825
4136 4112
4126
3891 6855 5623 6012 3877
4112
2972
2972 4129
4136 4112
4104
163 1538 163 1538 163 1538 163 1538 163 1538 163 1538 163 1538 163 1538
1538 1538 1538
4126
4126
1538 1538
1538
5461
4136
4125 6500
1538 1538 1538 2797 601 1538
163
4112 4099 4099
163
4112
4136
4074 4112
552 607 682 4126 6533 552 608 682 608 552 682 682 552 608 4126 6533 607 682 1751 552 682 709 608 682 608 709 552 608 682 455
3320 2369 649 709 605 5640 700
4136 4112 4112
4112
163
4125
163
4126
1538
2180
4126
4125
1738 1166 721
1538 1538 163 1538 1538
2949
1538 4130
4126
6723 2237 649 2820 5326
2362
350 656
4112
2134
4131
4112
649 1853
4126
4112
1130 1387 431 930 3961 2224 3195
4801 5039 2932 2936
4128
6330
1538
4136
4101 4132 4132 4132
4112
4125
4126
2972
4112
1073 1130 1388 955 893 1538
2181
1538
2972
163 2972
282
3298 2775 7003 2229 3880 7000 2230 2777 3876 2665 1538 3882 2882 1533
4125
1992
4125
4112
1538
1846 1846
4074 4074
4125
163
4125
5623 2754 3877 6012
163
163 1538 4112 1538 1538 1772 163 1538 1538 163 1538
4126 1538 4074
4112
4126
4126
4126
4136
4112
3371 3196 5339 2802
1047 1074 1072
163 163 163
3948 4112 2367 2237 2723 3898
6178 4125
6063 4126
4112
4126
2972 4112 1538
1538
4104 4104
4125 4126
4125 6539
4112
4112
4112
4136
1538 1538 1538 163 163
1538
4104 5623
4112
163 1538 163 1538 163 1538 163 1538
4136 2972 4112
4129
4126
6373
4126
3881 3643 2240 3914 2823
4126
163
2972
4125
4125
4087
4129
4128
4126
2946
4112 2180
2972
1538
4126
610
4669 4218 5925 3875 5828 2773 3952 4671 6341 3906
4125
4112
4126
4125
1120 1101 1388
4126 4112
2968 4112 6069 4125
4112
4126 4112
6555 4126 1538
4136
2972
4126
4112
1538 1538 1538 1538 1538
2972
4136
4087
1538 1538 1538
4074
4125
1738
1533 1615 1848 500 1164
4104
4126
2180
4125
1538 1538
2180
4112
2972
4112
4125
4126 1853
4126
6049 4126 4126
4125
163
4125
4126
4074 2956
764 743 817 835 795 830 732 765 791 781 818
163
4125
3193 4207 4204
1538 1538 1538 1538
1710 455 386 1738 1391 3509 1131 1094
4112 2968
3510 3875
1538 1538 163 1538 163 1538 163 1538 1538 163
4126
5481 2853 3923 3297
4126 4074
4131
4112
4074 4112
4074
2968
4112
1615 676 602
6921 6914
4097
4112
4112
4125
4125
4112 2317 1716 3298 1547 2236 5844 2723
4112
4126
2972
4125
4112
1538
2225 2224 3668 4632
6459 4126
5632 2326 3907 3306 423
3869 6977 5802
4125 4125
4112 4126
1538
4112 1378 431
6
4126 2180
4112
4126
4131
3269 6722 3297 5772 5772 1538 5772
4582 6723
2944
4112
4136
2368 6972 3274 2755
2180 1538 4112
4125
3022 2628
1547 3952 2546 4533 5372 2863 4879 3195 6972 4670 3868 2682 3463 3558 392 3560 4525 2968 3881 2251 2540 5373 2325 2369 2326 2251 3463 4533 3558 4879 2546 4212 3195 4525 6972 1543 5373 3657 2682 3906 392 3560 2326 2727 2459 2727 2682 4533 3205 3264 2325 3560 4212 3882 3037 2603 3518 6972 4879 2326 2481 3949 4525
2968
5573 6372 3259 4663
4074 4074 4074 4074
4112 2968
4112
4126
163
6396 5929 2862 5172 3420 3022
4112
163 163
4104
4126
2968
2968
1987 3334 4126 1987 1531 3341 2284
2968
1538
2024 389 1531 1825 5471 2585 6000 389 1862 3894 1825 2024
4125
4632 4112
61
4125 2956
163 163 163
4112
2944
2972 4112
4074
1538
4632
163
4127
4112
4126
4125
2972
4112 4112 4112 4132
4126 6536
649 552 701
4125
6722 4670 6299 2755
610
2180
4125 4130
2968
4127
4126
2968 4125
4112
4126
2968
4125
4125
1991 2366
163 163 1538 1538 163 1538 163 1871 1669 163 1538 163 1538 1871 1669
285
1670
4125
4126 4112 4112
1538 4112
2968
4125 4101
4112
4218 6355 6336 6346 4217 1547 2344 6410
2944
163
4131 4131 4131 4131 4131 4131 4131 4131 4132 4131 4131
163
163 163
4125
4131 1862
677 1853 720 1850 686 677 1848 1853 1850
2241 4303 3510 3888 1704 720 699 651
4112 2972
4131
4112
4126 4130
4126
4126
1532
455 1862 4883
1538 4125
1538
163
2944 2944 2944
5591
2180
2182 4065
1532 3899 5999
6068 4125 6068 4125 1538
4128
2972 4126 4112
4074
4112 1538
3268 2645 668 4303 2252 4443 605 2723 6395 2646 4440 571 2723 5339 1987 4441 1707 6012 4440 5530 4112 4387 5951 2645 3298
6013
1538 4074 1538 163 1538
1533 4126 4126
4112
4126
1695
4074
2209 3510
4129
4126
4125
4112
4074
1538
163
4125
4112
1532 6077 2709 4478
4068
4074
4112 4112
717 1128 929 928 987 1388 431 1119
1538 1538 4291 3379
2968
4112
3269 5752 2368 5625
3275 2366
4128
4112 2972
2972
4125
4126 4112
4127
4129
2972
4126
4112
4136
4131
1846
2968
901 1393
4126
202
4125
1100 1018 1119 1096 3692
2146
2972
4125
63
4126
4125
1824 1538 1824
2972 4112
500 699 608
4126
6175 4126 4126 6179
4126 4112
4125
6162 4136 4112
4129
4694
4112
4074 4112 4099 4131
4074
2968
5752 3294 2834 2797
2116 2117
4112 4103
6536 4125
4112 4126 4125
2972 4126
1538
4125
4104 4104
7099
4099
4125
4126
1538
2180
2956
4125
4125
4112
6392 6346 2369
4136
4112 4126
4074
57 4112
4136 6459
4126 4107
207
2180
3294 1695
4112
2982
6178 4125
4112 4112
2972
4126 168
2946 4074
570 649 1738 682
4126
2901 6711
4112
2956 4112
4129
3459 393 1538 163 163 1538 1538 163 1538 163 163 1538 163 1538
4074
1538
4127
4126
4074
4074
4126
4125
4126 4125
4074 4126 4104
1538
3878 1698 3898
2946 4126
4462 4137
3509 3914 3898
6293
4112
4125
2378 6372 5929 4112
4125
4112
6555 1531 1538
6549 1533
1538 163 1538
2968
4126
1615 479 699 5339
4112 1538
4112
1538
2417 2417
1538
4112 2930
2972
156
4074
5995 2944 1531
4112
4127
2946
163 2777 5373 3270 1547 3391 2440 2625 3001
2968 3869
4074 2972
4125
1812 4137 1808 1812
4104
1538
4126
3391 3906 1547 4306 3949 6284 2775 5826 2839 1547 5796 4224 6722
5607 3881 3900
5829 6336 2387
4125 6459
2968
5544
4126
4074
4126
4126
4126
4883
4125
6447 4137 4126 6447
2968
4112 4126
4125
1046 1076 602 604
2337 5606 5845 2826 2317 5475
4136
4694
4126 4112
3510
6178 4126
4112
4112 2968
163 1538 4149 163 163
1538 4112
4125
4132
4126
2968
2968 2538
4126 2944
4136
1394 883 1381 1394 4112 3062 454 1862 1394 890
4112
4074 4126
4112 4070 1689
163
2274
1120 1379 1119 1378 1073
4632
163 163 163 163
2634 2628 3638 3952
4074
4112
4112 1538
4126
1533 2882 4112 1538
2956
4112
1538
5929
4112
4087 6259 2946
1538 1538 163 1538 1538 1538 163
2972
4127
4125
4112 1538 4112
4126
4125
4112
1538
1538 4067
4125 4112
1531
1538
4125
4136
4126 4112
4112 4074
2956
163 1538 163
4112
2968
228 228 64 228 228 228
1532 6428 1538
3637 3882
2972 4112
5980 2284 1703
4126 4125
4112
4125
2826 3509 5471 3881
4112
4112
4112
4104
4074
4112 1538
4126 4125
4638 2972
4136
4099 4099 163 4099
4112
4125 4112
2968
4126
163
4112 4112
4125
4129
4112
4125
4112 4126
4112
5623 2754 263 4149 6723 3876
3900 6723 6800 1547 7121 6668 3275 5752 1759 7111
4126
4126
2946 4129 4112
2943 4087
4128
163
4125
163
3510 3839 6815
2972
2883 1532 2968
6422 4137 4112 4136
4125
2944
1538
1538 163 1538 163 1538
4112 4126
4126
2827 5925 3510 6336
6443 4127
2180
4125
4126
4076
2633 3280
6850 5522 3520 4074
4126
4112
4112
1538 1538
6178 4126 6178 4126
4074
1538 4112
5974 4669
4126
1532
4126 4126
4125
3952 5607 2640 386 1710
4126 4112
2956
15
4125
4112
4127
4052
4126
4074
5810 3898
6898
4125
4112
4135
2946
2944
2972
4673 3924 5969 4665
4112
4126 233
4125
649 1848 699 2956
4112
1533 2972
5593 1533
4112
171
2088 6722 5847 6344 3299
4112
4125
2943
2968
1538 1538 1538 1538 4149 4112 1538 1538 1538 1538 1538
4112
504 600 699
4074
4112
1947
3517 2940 2940
4125
169
4132
2972 4126
4074 4129
1538
4112
675 1738 649 688
2882 1533
4125
1538
2972 2954
4125 4074
4074 4131
5867
4112
431 3405 3839 2465 6722 2249 6474 4137 4069 4632
4074
4112 6549
163 1538 163 1538 163 1538 163 1538
4101
4112 4126
4112
4126 6585
4619 1750
4130 4131
4125
2956
1538 4112 4126
4112
163
3509
3509 4281 6336
163
2946
2972
4136
2972 1538
6969
163 163
4074 5607 2224
2284 5842 4671
64
4074
2968
2461 248 3201
4126
4125
4126
4126 4112
4126
4074
3559
1119 431 1391 1098
3334 3877 6723 4444
4126
4126 4112
4129
4125
2797 2865 1538 1538
4126 2911 4090 2912
4112
267
4126
1538 1538 163 1538 1538 1538
268 8
2956
4126 4063
6178 4125
163 163 163 163
62 228 228
2972
2180
6179 4125
4126
2972 4112 2972 4112 6299 1047 4509 4508 1118 1020
1047 1099
4136
163
4126
4126 4126 1538
4126
2968
2944 4126
2910 2908 76
1538
61
2180
4112
4125
4125
57
4217 2540 2465 2466 2461
2968
551 699 3260 1855
4112 4126
4112
4087
4125 6175
1538
2944 6242
2968 2972
4112
4125
4126
6094 4126
4125
3961 2369 3334
6969
4112
1531
4125
4125
4136
2180 4112
4074 4101 4125
4112
4125 6175
4125
4126
1538 1538 1538 1538
4112
2414 2414 2415 2415 2414 2414 4069 2415 1685 2617
4389 5607 4218 2497 1547 4511 3297
4126
1538
4125
4136 6459 2922 4074 4136
2227 3694
3910 4217 1862 3899 4664 4303 4304 4306
4125 1538
2944
1547 2368 2211 3558 4908 1538 2764 3882
4136
4112 4112
1538 3906 3881 3948 6811 3278
4692 3880 2764 6341 1987 6850 1547
4126
4126
163
4126
5428 1861 4127
676 5929 1615 479 5929 3334 4987 3642 4126
4136 6449
4125
955 891 1156
4112
2843 5532
4126 4074
4136
6267
267
163 431 1388
4112 1538
163
2972 4112 2972 4112 4107 1531
4132
4816 5117
2972 3494 2944 2948
5339 2362 5741 5969
4126
6336
6186 4125 4112
4126
3269 6823 3874
6184 4125
4137
4126
2726
1538 163 163 163
4103 4130
2911 2912
163
4126
6970 1547 3882 5765 5335 4112
4074
4126
4127
1703 5750 1703 2828
163
4112
1119 1089
4125 2968
4127
1846 4104
1538
4112
163
4125
4136
6447 4125
4136 3814
3334 655 649 5607
163
163 1538
2946
4103
2540 4433 2602 2628
4129
2797 1531
1538 4112
4112 1538 4112 1538
1538
4125
4112 4125
4137
4112
610
2968
4129
1757 4670
6179 4125
2956
4126
3155
6251
4883 2227 5633 4898 4222 6662 3261 2862 6396 6313 5373 3259 3334 3338 2602 2590 3696 3264 2586 4663
4112
4126
4126
4112
4112
4126 6184 2945
2605 2779 5826 3269 6723 2546 1798 6734
2965
163
4074 4070
1737 1120 1148 1388 1073 5531 1987 3320 6295 2369 6690 163
4074
4126 4632
2180 4112 2972
4125
64 4112
3201 5628
6969 4346 2944
4112
4068
3854
4126
4125 4112
4136
4136
1531 2883
4914
5929 3946 3881 5633 4218
4129
4125
4126
163 163 163
2968
4112
4112
4125
1846 4112
2972
6175 4125
6065 4125
4126
4125
2945 4125 6183
6535 4126
1679 6921 1073 6969
4136
2972
4112 4112 4112
27
5839 280 5929 3491 2982
1533 6028
824 781 813
4112
5929 6013 263 5531
1120 2946 1074 1391
4112
5645 1533 6074 2882 1533
4112
4125 4099
163 1538
5612
4127
4125
4132
1538
4074
5995 1531
4074
163 295 336 1538 163 1538 1871 163 1538 163 163 163 1538 1538
6533 4137
2853 3298 4012 6295 2362 5651 2362
2956
2665 6299 2317 3900 2261 3278 3881 3641 1703 3273 2649
4112 4112 3273 3275
5951 502 607 3696
4125 6176 2972
4126
4125
4112
2956
6178 4125
4074
4126
1846
4084
4093
4126
817 431 781 725
6459 4125 4112
1538
4136 5991 4136 5991 1538 2820 4420 1531 500 699 1855
4112
4126
4074
2943 4815 4074
4128
4126
2381 6666 2560
2911 2972 4126
1538
1706 2972 1716
1697 5925
263 413 707 498 1195 1228
4126 4126 4112
1738 479 1615 674 2972
4074
3510 3412 4128 3839 2913 5332 2236 3270 3640 3875 5752 2229 5325 6392 6365 1547 4908 4223 3298
4139
4112
4126
4074 2972 4112
2369 263
163 1538
4125
4125
4125
4125
1538
4125
4104
5607 4112 5488 3640 3160 3174 5752 3067 3090 6392 6961
709 684 604 1855 1615 608 1868
4112
4126
4126
4125
1538 163 1538
2180
4112 4112
4074
5867
163 1538 1538 163
163 1538 163 1538 163 1538 163 1538 163 1538
163
4125 6175
4031 3510
4128
5629 2797 3899 3881
4125
4126 1538
3889 2634 6855 3509
1538
4104
4127 4074 2968 4112
5619
1538
4112 4112
2972 4112
4126
2180 4112
163
2374 5752 4303 3178
4112
2180
5496 3960 3638 4074
4125 25
4125
4126 6153
4126
4125 4125
3341 2211
4112
1538
4112
4112
2912 2919
4136
4112
4149 1532 4149 1538 1538
4074 4112
4126
4129
1538
4112
4136
6293 6306 2633 2369
163 4125
1538
1538
2972
4126
4126 6178 1538
6800 2972 4663 6800 6313
163
4112
4129
1538 1538 4149 1538 1538 1538
4126
4218 6015
4112
891 1144 930 1026 930 957 385 1716 1709 6969 5978 4112 890 3509 4112 390 1826 1026 6970 6723
6547 4136 4126 6547 4126
2374 2600 5744
4112
4126
3106 2972 2934
2968 2944
5647 1712
1861 455
163
2855 4880 2457 2431 6325 2911
2972
5867
4670 4671 4112
2945 1538 1538 4125 4670 1703
4112
4112
2968 4112 1685 6250 4539
3545 2665 3877 2783 3264 3881 2262 4303 6855 3906 3636 3296 5623 3268 2797
4112
4126
4136
4112
1538 1538 1538 1538 1538 1538
4126
5651 2480 1748 1746
2901 6447 4136 4638
2911
4125 6176
4136
4483 4495
4125
4125
1532 6549 4112
6792 5764 3640 3881
4125
4125
163
4125 4074
4112 1538
4074 163 163 163 163
4112
1538 163 1538 1538 163 1538
3509 3379
4125
3526
455 1737
163
4112
4112 2624
4125
2883 1532 6103
4125 6178
1862 688 455
6178 4125
4126 4112
4074 4136 2972 4074 4136 2972
4127
1750
4069 1047 1390 431 1113 700 479 1738 500
6178 4125
1
6969
4126
163 1538 163 1538 163 163
4127
2180
4136
2912 2093 4136
2968
4127
1827 3510 1704 6644 1538
4112
1538
5296 5607 2862 4663 3374
222
5397 3209 4263 3340 2633 3207 3340 2633 4263
2325 1716
163
4112
3194 7165 4409 2322 1547 2625 7304 7170
2972
4112
4126
431 1119 1027 1077 1391 4145 431 930 1119 4145 986 1024 431 1119 929 999 4145
2972
6369 1821 1703 4144 5524
4136
4136
4126
6447 4126 4126 6446 4112 6447 4136 4638 4126 6447
4125
4112
4127
3878 5929 2756
3309 263 2640 6377
5640 6690 263 5640 6723 6850
4125
4112
1533
6125 4126
1538 6179 4126
8
4125
6894
4125
4126 6459
6535 4126
4101
4126 4126
1846
2956
4132
4132
4129
4126 6459
4126 6179
4112
1538
4125
4125
4126
4126
4074
4125
4136
4125 4112 4125 4112
4112 4101
4125 6179
4125 6533
3668 4074 2944
2943
6014
4125
4112
4112
2944
4136
4074
1533 2972 2882
163 1538 163 163
4136
6626 1533
4125
2968
285
4126
163
1531
4131 4112
4112
4125
4112 4112 4125
2972
4128
4129
4145 1378 1400
2946 4087 4125
4126 2968
4112
4126 2956 4112
4126
4145 717 891 890 890 891 4145 717
4112
4125
6850 1707 5920 6284
4987 349 7337
4137
1533 3297
4112
1538 3334 3932 2851 6969 4126 2972
5607
4137
4131
4112
5332 4306 6397 3949 5335 1547 3285 4907 5607 5336
4126
1947
2946
6894
4126 4112
3491
163
1672 699 552 608 1119 1094 1390 431
6894
957 1125 1073 4112
2642 5941
2932
2946 4065
4112
4112 1538
4125
3852
1378 431
1538 1538 1538 1538 1538 1538 1538
6175 4126
4126
4074 4129
163 4112
4112
1837
4074 4074
163
4125
2944
4126 163
4145 891 1400
4112
4126 1538
4051 4074 2972
4129 4112
4126
4074
4126
6700 1913 408
4125
4125
3558 1728 6985 263 5740 2381 263 5875 1728 6383
163 4125
4074 163 4074
1538 4112 4112
4125 4130
569 610 699
6336
4099
10 3510 10 10
4112
6184 4125
5532 1693
4125 6179
3877 3274
1538 1855 602
4218
4125
4125
6000 1532 5875 455 2466 2586
569
4126
5957 4400 4398
4125
2968 4128
4125
3640 431 1073 1155 891 1397 999 1135 5401 7336
285 2508
2946 2180
1796 1795
4125
4112
4074 4125
2944
1072 1100 431 1120
4112
2930
2944
4126
7244 4485 7243 7241 7239
2972 4112 4125 4112
4112 1538
2968 4112
431 4145
4125
4128
4112
1987 1751 4144 1698 3964 4144 2729 1751 1987
1400 4145 928 1117 903
6449 4125
2944
5640 2369 1547 507 1738 263 263 507
1538
4136
4462
263 1716 1796 1795
1947
1846
1076 716 1479 1131 1128 264 2250 4631 5844 263 2214 2216 263 3423 3120
2972
163
4074
6497 4126
1538
4883 4631
4112 4125 4112
4074
4126 6447
4112
4125 6178
2461
4126
163 4274
5952 5806 2853 649 5806 3882 3961
2944 4074 4125 4074
1135 1072
454
4130
1538
1538
4074
2284 4144 6242 2282
163
4112 4112 4112
4112
4127
2180
4112 6458 4125
2972
4126
4112
4136 2972 4112
263 6961 6990 6985 6985 263 6990 263 6961 3009 6990 263 6985 6990 263 2633 6961 263 6990 6985 263 6961 263 6985
716 1098 4145 1119
303 3438 308 6986 310
4127
4112
4126
4126 1538
1796 5105
57
4104
4112
6796
5801
1538 2972
4126 4125
6012 4144 3875 3638 2089
6178 4125
693 263 1871 1737 705 263 414 432 439 1207
2944
4125
4126
1615 709
4074 1126 1077
3558
4126
4125 4125
3952 3910
4125
4112
1538
4126
4101 4112
4112
431 4126 3558 4112
4074
231
4112
4129 2972
263 3510 3899
2820 5845 4998 1394 2826 1393 1162
163
2944
4126
4125
4112
1504 1474 1517 1467
4126
4112
4112 4126
4126
5451
5643 5633
4112 4112 2901 2972 4112
1538
4074 4074
4130 188 57
5752
3023 3510
4631 5772 2387 4144 1726 4144 3510 3890 5770
1538 4125 2956 6179 2944
4126
4112
4126
4074
62 203 2940
4112 1538
4126 6966
4074 4112
2968 4112
1538
4125
1538 1538 1538 1538 1538 163 1538 1538
4126
4125
5827 4144 3649 5663 5827 3510 1813 6336 5663 4144 3639
6446 4126 4112
4145 890 1394
3286 2362 3319 479 3959 2362 608 1120 1073 928 1388 3961 2362 4670 3334
1429 367 263 1443
4127
4125
163 1538
4074
6175 4126
4099
3829
4112 4112
1538 1538 1538 4074
4125
4125
4112
4074
3274 2317 1703 6299 3275
4126
4263 3297 2797 4456 4973
4125
4125 6175
6179 4125
1997
64
930 1119 1100 1096 1022
4126 2972
4290 3911
4126 4112
4112
4126
2180
5929
4125
2968
4126
4125 4099
4112
4112 4112
4090 1538 2956
891 431
4125 4112 4125
5929
263 1848 1738 720 1868 602
1209 1178
4074 4074
4087 2972
5867
6805 6980 2853 263 5339
2968 4112
4457 5846 2362 5941 4401
4945
4112
6336 1862 3404
4125
4125 6176
263 1703 3644 3275 2317
1538
4126
4125
6179 4136
3639 4112 3875 6311 3268
3921 263
1538 4112
2180
1538
2369 6990
1538
4126
4112 4126
4125
4401 263 5749 5336 263 5829 5750 4401 5740 263 2851 6343 5628 263 6346 3437 4426
163
4129
4112 4112 4126 4112
5623
2956 5531 502 699 479 688 479 1615 4112 720 688 676 500 479 4112
4136 4112
163
3496
4074
2968
4126
4112
1862 455 4136
2634 2503 1760 3201
4126 6178
6536 4126
57 4074 57 57 57 4074 4074 57 57 4074 57
4152 1538
4112
4125 1538
4112 2968
4074 4125
5808 2322 5960 1162 1073 1100
2387 2224
4126 2972 4112
4125
4112
4126 2972 2968
1538
1538 4125
4126 1538
163
1931 1931
4126
4074
4125 4112 2972
163 1538
1531
1073 2209 4444
4074
4126
4125
1826 390 2459 4439
4104
2538 2528
455 454
3177 3343 4266 2949 2565 2631 2565 3510 3510 2565 1698 2565 3179 3510 5941
4125
4112
4130 4101
2946 2908 4112 4099 2972 2951
3670 2797 6723 263 3670 263 4341 4144 4343 6372 3670 263
1531
4112
2371 5826 4218
4074
163
4112
4125
699 4112 567 479 2317 1837 6969 479 699 502 479 699 502
2180
4126
455
4126 4112
6668 3275
1538
4136 2967 6706
112
4112
4125
169
6177 4126
163 1538 163 1538 163 1538 163 1538
4125 2946
6969 6969 6969 6969 6969 6969 6969 6969 6969 6969 6969 6969 6969
5828 2224
163 1538
4104 4104
4112
4112
263 2287
4125
4129
4125
4044 4043 3217
4126
4126
4127
1772
4126 2968 4112
4125
163 1538 163 1538
4126
4131
4074
4125
6261
4696
6529 4126 4112 4112
4126
1538
861
4112
4112
4112
3269 5749 3204 2559 4420
4132
163 2972
163 1538 1871 163 163 163 1538
4074
4137
431
4074
4132
4112 2797
4126
4112 1531 4112
263 890 1156 1391 1388 1391 264 1155 890 1399
1947
1795 4438 263 3906 2643 3933
163 163 1538
4112 4112 4112
4126 4112
6263
4074
4112
1047
4126 4112
263 5633 5629 6284
4125 1538
4136
2883 6970 1532
1708 5348 5952 5752 4547 4546 6971 5347 1801 5752 1801 4112 4112 4632 6969 5752 6967 6966 3201 6287 5348
4132
1915
4127 6178
1
4112
2972
2944
4112 4112 4112
4125
505 1738 484 688
1239 1406 1236 1231 1242 1538
4112
4125
4126
2946 4125
2946
4136
7206 7221
4126 6536
4125
2972 4126
4125
2585
4125
4074
4129
4126
4074
6179 4126 2180
4074
2972
163
4125
2181
4126
4103
4049
4126
3372 3655 3892
1689
2134 4126
2180
1538
1750 1792 1538
163
163
1538
1538
4125
277
4125
1538 163
3914 3338 3296 2764 2369 3338
4125 4112
2956
4112
4126 4125
1760 4440 5959 4074
4125
4125
4125
6969 5640 263
4125
2180
1846
4112
4112
6178 4126 4126 6178
4074
4112
6263 6263
4126
3869 4112
1073 431 891 1479 1120 4145 1120 4145 1089 1479 891 431
4112
4112 2972 4112
1683 4126
163
4074
4136 4112
2369 2369 2820
4112
4129
2943
1 1 1
4125
4125
4125
4126
4126
2180
3298 3873
4136
4126
2282 3717 2398 277 269 277 4439 1547 2440 263 5247 2282 2727 163 1547 5247 4524 2624 277 2284 2440 2727 3195 2607 3876 607 1850 689 3637 1547 2727 2440 2727 277 3637 2440
5633 5929 1547 263 6361 2369 5929 1547 3265 263 3265 2642 5929 263
4125
4112
5214 2972
3932 3885 3309 3338
163
1538
1538 1538 163 1538 163 1538 1538
1531
4112 4129 2181
4125
1533
2918 2911 2899
2946
5691 2369
2918 2920 2972 4126
1531 1538
3898 3275
6014
163 6969
4125
3876 6969 5763 263 263 5623 2628 3643
163
2968
163 1538 1538 163 1538 1538 1538
2968
4126
163
4112
4126 4112
4074
4126
4126 4112 4112
4125
4126 6536
2947
6974
4112
4112
1737 3001 452 2387
4130 4131
4112
4125
163
4112
1538
163
2972 4112
1712 3026 4217 5866 2206 4218 2220 2972 2362
1531
4136
4074 4074
4132
2946
6985 1726 263 2651 263 1720 2651 1547 6986 6985 263 6986 6985 2651 6985 263 2651 4112 3899 263 2853 3309 4019 2651 1720 163 3670 5842 263
4112 2972
6422
4125
2282 2807
4126
2883 1532
1757
1538
4129
4074 163 4074 163
4125 4099
6396
4663 2631
5839
1076 1388 1119
4087
3
5929 3639 5154 2440 5929
1716 5623 5631
4127 4130 4135
1538 4112 4074 4074
4074
1795
2180
2968
2480
2954 4126
163
163 163
4131 4131 4131 4131
2369 3878 2869 1547 1760 3889 3347
2911
4112
649
4112
4126 6179
4126 4132
4074
3381 5514 2369
4125
3463 392
4136 2905
2968 2180
6449 4126
2440 2130 3647 2440 2130 3657 2440 3376 2130
2972
6163 2943 4125
4126 6055
4112
4127
4125
4127
4125 2972
4130 4131
4126
4112
4125 4099
4126
163 1538 1538 1538
6251 6241 6711
2946 1538
2180
1931 1931 1931 1931 1684 5920 6266 1684
4112 4112
4125
4137
4126
2968
891 4145 431 2687 5622
4112
2972 4074
3009 5929 2459 6668
3268
4125 2972
7 1738 1615
5607 1871 2658
6970 5827
4126
263 1738
2968
263 3889 6971 1387 1077 4145 1121 431
4112 1
4125
4125
4112
6894
5754 4065
4099
4112 4060
4112
1538
4126
4125
163
4112
4125 4135 4130
2180 4136 6706 3835 2911
4112 418
4125 4125
4126
4126
4126
163
2180 4112
2972
6178 4125
4112
4112
163
5941 5664
4125
4112
2797 3274
3546 3545 5847 3880 2229 3407
4126
4125 6175
4125
3559 2882 4793 2326 1533 699 608 607 5929 2326 2870 3908 3265 5929 4775 3559 5929 2326
2972
4112
2972
4074
4125
1967
4087 4112
4136
5326 3338 5325 3338 5339 3334 5325 3338 3334 5749
6277 6971
4126
4444 2826
4126 4131 4130 4136 4126
4125
4112
2972
2882 1533
1538 6976
4136 163 2972 4112
2399 2480 282 5074 3510 5752 5099
3692 2778
5623
6441 4126 6443 4125 4112
4126 4125
4127 4112 4130 4135
2944
4125 4135 4130
830 835 836 3546 837 737 732 822 2230
4667 3307 4126
3509 6911
4125 4099 1533 2882
2946 4126 4112
1709 1709 6012 4112 1709 1718
4112
1868 1785 2777 604 2643 1740 1164 6800 600
2369 3372 5530 6388 4112
1547 5439 5808 2236
3306
4125
2972
163
163 1538 1538 1538 1669 455 163 1538 1538
4450
4112
5823 5823
2387 1532
5995 1533
4131 4131 4131 4131 4131 4125 4131 4131
4126 4112 6972
4101
1862 1862
4074
4898 2369 3881 3340 2384 6723 4899
4112
3274 6972 2387 5925 4218 3899
1538
4112
1047 957 1121 1090 986
4125 4130
4126
1825 4401 5611 1801 4430 2643 1760 3390 3178 1825 3509 5929 3278 1759 4993
2146 4112 5102
4126 2899 4112
1379 4145 1378 1400 1135 1135 1378 1077 4145 1400 693 1871 263 1669 1737
4101
1538 1538 163 1538
3541 3987 5326 1837 1547 5744 6974 6308 502 500 2369 610
4125
2777 2946
4132
4126
2540 2481 558 2287 6340 1862 1738
4125
4074
4125
4125
163
5530 4126
4126
123
4112
701 500 649 5339 1538 3285
4112
6397 5522 2369
2948
4126 4126
4129
2944
4126 4112 4125
2777 4264 3882 3906 2547
4128
2968
6969 4905 1697 5295 2369 1698 3892 2649 4670 6313 2776
4126
4126
2972
4126
4218
2797
1099 1119 1388
4112
350 3994 5679 2538
4112 4136
5941 3324 6971 5941 5467 5941 6971 5941 2387 6972
4126
1538
4074
4112
4126
2972 4136
4126 4126
2756 3960 2540 5852 5829 2362
4126
2368
5746 1862 2946 394 1287 1369 5746
2968
4112
1532 4125
4126
163
2329 5665 4885 2162 2938 2645 6826 2939 5951 4796 2645
4136 2944
163 1538 163 1538 163 1538
4119
167
4152 1538
169
4074
5297 1862
1394 1076 4145 1119 1388 2250 4144 3269 3644 4144 2263 2262 3271 1388 1394 4145 1073 1119 4263 3267 4264 4144 1119 4145 1394 1388 1101 3270 4144 2284 1987 3875 4144 3923 4264 1394 1119 4145 1099 1479 3120 2261 3269 4144
4074
206 206
4112 4112 4112
4112
3347 3643 3874
5530 2851 4443
4112 2906
4126
4125 4112
4126
5286 5286 3962 5286 3962
4112 4112 4112
4125 4112
1868 1672 1853 263 5632 1672 1166 602 263 693
4126
5521 280
4126
263 557 602 689 455
2972 4070 4112
4126
2972
2797
285 4119
4132 4130 4132 4130 4132 4130 4132 4132 4130 2972 4130 4132
4125 6002 4112
2853
3997 3996 4003 6668 4002 3995 4001 3995 3996 5521 3997 6814
4125
163 163
4074 4125
3509
1531
6796
4126
4125
4126
2180
4132
4126
4136
891 264 1147 1378 1669 1868 263 1615 607 3037 6990 1547 4524 3639 6990 1256 1547 3261 1547 4524 3037 6990 3518 3261 1256 1615 607 1868 2440 1256 3965 3656 6347 4524
4074
1732 2333 4128 4112 2972
813 824 777
6971 5875
2769 2797 4144 6410
3181 263 6346 6014
1388 6855 2633 1074 3307 1128 4112
5801 2797 2180
2934
1531 1738 2972 1738 2912
5941 2230 1547 2230 3509 2641 1547 5941 2665 1547 5941 163 5941 1547 3509 2665 3509 5941 1547 263 163 1547 5941 3509
3494
3637 269 263 2826 1547 2727 3637 3195 3637 3640 2727 6990 2625 1547 4524
2972
6425
1538 163 163 163 1538
4125 4135 4130
1720
1538
4112 2590 2756
4126 4125 4112
4136
4112
2538 5925 5744 263 2797 3915 263 3545 6320 263 1760
5335 1547 3878 3509
4112
2972
3894 2013 3881 3921 5344 3880 1547 5339 3900 2645 5806 3275 2236 4218 2087 2764 2229 3875 2797 5951 3922 7130 3366
607 2180
2940
1124 1077 1389 1076 1153
2972 4126
2968
4125
2797 5801 3510
5475 263 2797 3437 1547 3261 5749 263 263 2839 4731 3001 3889 263 3437 263 5475 4439 3437 2660 6990 2658 263 263 2665 4437 4437 263 2665 2660 263 2665
3356 1795 686 1853 1713
2972
163
4112
4125 4112
4112 4112
4112
4074
4131
4125
6855 5929 3334 3509
4127 4112
163
4126
4074
3510 2603 3643 5925 3261
4126
2633 3307 2778 3421
1119 878 1074 4112
4112
4136 6528 6528 4126 6528 4126
4125 4125
4125 4125
607 5286
4112
4126 4130 4131 4130 4135
4112
5848 2245 1378 1394 1119 930 1022
163 2943
4129
4112
163
2972 4136 6178 4074
2506 2497
4070 2944
6536 4125 4125 6539
4136
23 4112
2944
4104 4104 4104
4126 4131 4130
3273 6990 6995 4099 4130
4112
3274
2369 3209 2252 3206
4112
5625
700 1848 608 610 4171 5801 452 720 838
4126
4125
4136
5975 455 5976 454 5976 5975
6239 4112 4074 1813
163
4125 163
4631
4074
4126
1
1538 1538
5801 5801 5801 5801
4125
6969 263 3261 5765 5752 3297 263 5741 3261 6410 263 2362 1750 263 2497 3297
4112 4112 4112
4112
5952 2825 1776 3414 2839
4112
3372 6242
6969
4112
2369 2920 3319 2362 3268 4136
4136
3320 5929 5093 5061 5929 3898
4112 1538
4112
4112
4126
4112
1853 688
1538
2946 2949
1547 3765 3636 3962 2387 4439 6985 3334 6986 3518 2863 277 163 3137 3338 6990 3964 3137 1547 3636 163 4524 6990 2625 3030 3037 4420
4099 4130
4126
4112
4125 4099
4112
4112
163 1538 1538 163 1538 163 1538
5773 4669 3414 2624
4074
4112
2972
4126
4125
4126 2180 4126
4125
2180
163
4112
163
5467 1715 2317 4434 1391 1126 2211 1099
2825
163
6444 4126
4125
8
4112
4136 4112
4067
2946
4112
4112 4112
2612
4126
4112
2497
4074
163
4112
1073 1076 1119 901
4125
4126 4107
1751 6972
4112 4125
4112 2943
2972
263 3347 5925 1547 3889 3910
3921 2754 3269 2649 3880 2797 3334
1738
454
4439 3981 263 1547 2839 1547 3981 4439 263 263 3981 4439
4126 6535
4137
4112
2952
2956
4126
4074 4112
2968
4136
63
5640 5829 5829 5622
2497
4126 3668
4112
6970 4631 3275
2968 3638 5827 3546 2214 4882 3658
3382 3269 2754
4125
6251 5339 1680 4112
4126 4125
4126 4112
4125
163 163 1538 1538 163 1538 1538
4128
2946
6165 4125
4022
4112
163 5808
2946
4074
385 1709
4135 1707
4112
4125
2972 4127
3278 3298 3874 1757
163 1538 1538 163
2944
4125 4125
4126
2920 5623 2918 2333
4125
6175 4125
6969
163
4126
1538 4112
4112
4537 2843
4126
1538
4126
4112
4126
4126 3835 3837 2944 4112
163
4074
2797
4112 4112
4051 3510 6895 5532 5051 3510
1019 891 1400
4136
1378 2368 431 3420
4132
3877 4263 6855 2631 263 1622 1862 1164 608 263 676 263 3898 5530 2756
4125 4112
2483
1538
4126
4136
4112
4126 5803
4125 4074
263 3558
2947
3875 6689
4126
4125
4125
5632 5629 1704
163
4074
1772
4125
4125 6178
1538 4129
4112
2633 5628 855 5628 6410
4112
4810 1796
4125
1531
1538 5920
4112 2934
6277
1 207 1
4439 2362 263 2635 2645 6395 263 2807 2628 3278 3297 2362 263
5941 3941
1
2913 3408 3408 4074 3408 1533 5532
163 1538 1538 163 163 1538
4125
4074
6012 1538
2972
1538
3379 4291
163
4112
1538 163 1538 163 1538
2972
4112
4125
163 1538
1538 163 1538
2968 4125 4112
4112
4126 4132 4112 1538
4125
1827 1720 7197
163 1538 163 1538 163 1538 1538 163 163 1538 163 1538
4112
2972 4112 4112 1538
207
4101
163 1538 163
4112
4126 6986 3277 6392
1538
163
4125
6013 4224 5925
2180 6988 2371
1538 4112
2899
4112
2631
1538
3509 1704 2250 6315 5845
4063 2906 2918
4125
4137
2440 263 893 1119 263 1399
4112
1543 2546 655 607 655 1772
4874 2230 2855 4063 3882 6359 5607 3637 4250 5795 2009 5345 2807
163
163
4126 4125
4127 103 109
4129 4099
4112
4112
1846 4126
163
4125
163
2848 6012 1703 5470 3512 3055 6723
163 163
3558
2972
2944
1915 1915
4097
57
4074
163 1538 163 1538 163 1538
4126
163
4126
4074
4132 4112
2797 5925 1760 5918
4125
1538
3839 5556
163 163 163
2481 2797
4132
2972
2458 2480 5530 2374
1538 4136 2899
1538
4149 1532
1538
1538 1538 1538 1538 1538 1538
1538 1538 1538 1538 1538 1538 1538 1538 1538
1722 387
5651
4126
2319 1697
4126
4125
3409
2956
5867
4112
2968 4112
4128
1829 6668 3209 5483 5840 2249 2353 1821 2224 2587 2459 2946 1704 5640 6668 1810 2538 5622 2466 6792 1547
4126 4126
1538
4074 4074
2592
4063 2944 6263 4087
4125 4074
4103
4112
4112
4125
4132
1846
6926
4112 2
4125 61
6547 2387 883 1533
4129 2972 4074 4112
4112
4132
2918 2906 2944
1538
163
4126
4074
1538
3280 4433
3638 6395
4074
6977 5573 6976 6977
6203
4136 4126
4074 4074
4112
1538
2220 5463 1538
4135
4112
5817
4112
4112
4126
6277
6457 4126
5607 2797 2578
163 163
4125
2387 4439 5941 6369 6392 4420 5941 2387 2281 4439 6392 3959 2387 1693 4439 5941 3137 1685 4420 5848 4439 2387
4136 4074
163 163
2369 3338 5328 1547 3880 6666 5339 4591 3689 4678 3880 5416
4136
4074 2944
163 1538
4126
4074
5521
5607 6898 6894
1718 6336 2362 5995 4136 1718 5801 270 6336 336
1538 163 1538 163 163 1538 163 163 1538
4130 4103
479 502 1860 699
6971 2797 5606 2595 6855 3275 3286 3306 2797 6971 6346 2595
4081
4112 4125
5631 5651
4126
6971
2968
4125 4112
2283
163 1538
4137 4137
1748
1704 6014
4136
4125
1538 4112
4897
4126
2911
4074
4112
2968 4126
5813 2459
4074
5867
