2927
4136 4112 2921 4112 4112
2968
2947
4112 4112 4112 4112 4112
2916 1538
2968
5544 2461 4112 2458 2480 5623
1799 2459
4131
5865
1684
2968
4136
1738
2946
2968 1997
4128
10
4136
4126
2139
6969 3381 3373 2627 3274 3373 3380 3379 3377 3386 6969 4281 3380 3377 3274 2754 2100 6969 4688 2100 2627 6727 6969 3373 4425 3381 3274 2211 5929 1784 3380 3282 6969 3373 2627 2627 3377 6969 3373 3386 4291 3380 3268 3379 6727
2374 2946 4136 5496 6722
4112
381 3274 3881
2968
2975 4912 5352
2968
2968 6800 1813
4126
4125
2362
4132
4126 2905
285 285 2968
4103
5531 5530 5634 4982 6014 2968
2947
4074 4112 4112 4112 4112 4112 4112
4126 2946
2946
2937
2968
4074
6
4112 4103
4127
4130
4112
2968
4542
2968
4112
4126
2202 1912
4126
1738
2968
4112
4112
4125
6297 5631 1707
2968
4112
4112
4112
4112
4112
2968
4112
5503 5968 1520 1467 1471 1473 1474 1481 1516 1391 5951 5925 2459 2326 2331 2325
4126
6404 1695
2362 1826 6711 390
2591 2459 5696 2146
4112 2368
1532
2368 4112
4125 4112
4136
186 20
4112
2905 2902
4112 4126
1916
4125
1707 5623
1773
4126
4112 5603
2905
2945 4112
163
4112
4126
4112
4136
2968 4112
3334 1757 2263
4112
2946
2368
952 1123 1091 1077 1391 947 1390 1063 717 952 1115
6013 5625 1703 6014
2387
2968 4112
1724 1705
429 4112
2540 1825
2968
4136
4112 4112
2968
4112 5
4126 4074
4112
4127
4125 4112
2968 4112 4126
1871 4533 6855 3882
163
2968
2368
4126 4112
4099
4125
4112 5952 3324 5951
4112
221
1731
6424
4112
4127
4112
2968 6297 5631 5530 5623 1703
3414 602 3414 654
4125
2968
4126 2968
4112 2968
1538 4112 2946
4126
699 720 2853 650 3371
4099
957 870 1119 3309 1077
4112
4136 6458
6326 6977 5808 1837 6280 6974
4126
4125
1670
4125 1716 3321
2968 6263
2968 4112
2899 4125
2905
4126 2947
2368 2968
4112
4126 4112 1785 1796 4112
2369 4128
4126
4125 2968
2984 285
4112
4126 4125 4537 2857 6014
4126 2968
4125
4126 2912 279
4112
2368
163 1538
5918
4112
2968
4112
2224 2225 2975
4112 2968
4112
4074
4112 4112
4112
5464 5625
6012 2392 3647 1547 5764 4731 2723 6343 6397 5764 2369 5749 4264 2440 5246 2250 2723
4112
4125
2968
4136
1937
2968 1531 3213
4126
2368 2224
4125
4112
2943 2946
4074
5719 4756
1821 5938
4101
4112
4112
2968
2180
2968
2968
4126
4112 4112
4112
4126 13 2945 4132
4112
4132
3318 3307
4112
6219 890 6368 1533
2968 4131
4129
3786 3782 3793 5339
6525 4126
2968
2860
4126
2369
4126
163
1997
1862 6662
163
4136
4126
4126 4131 6014 5634 6013 4126
4125
2946
4125
2968 4112
2968
2946
1989 2201
3409 3321 2946 2921 2139 2905 4126
2968
4112
4126 2968
2369
2946
4126 4112
4126
2797
6259 1703
10
4112
2968
4125 1538 2140 2966
5215 2368
4074 4078
3625
4126
4125
4127
4126
4126 6176
4136
6258 5754 1980
4126
2968
4112
2968 4112
4074
2968
1531
4112
4112
5544 1776
4642 5827
2946 6700
4112
2968
2968 2911
5530 3881 1547 5829 3320 2643
5451
2524 2672 2346
2180
4126
2968 4112
4112
4126 4112
4112
2968
3643 2362 3282 6990
2968
3877 3297
2968
2946
2480 2975 4126
4126
4136 2946
1538 4152
2968
2968
5773 6690 5929
4125
2908 2899 2968
6858 5750 4144 1992 5795 2358 5793 2357 4144 5750 2827 5750 6377 4144 2249 6855 2828 4144 2227 5750 5747 2284 4144 6858 6377 4144 2284 5747 5844 6242 5750 4144
6259
2947 2640
4128 4112
2724 5544
4125
4112
2949 4112 4125 4125
10
4115 4115
4115 4132
2368
4112 1698 5634 2461 6014
5325 3274 2325 2362 1133 952 1046 2320 2245
2362 2851 5839
4112 4112
3261
4112 3814
686 666 1615 721 1622 1855 6855
2754 3903 3903 2754 3509 1622 721
4112 2203 2603
4136 6459
2968
1531
1622 1855
4126
4112
4112 6243 6258
4126
2947
1820 2584
2968 4112 4112 4112 4112
4125 2934 2919 2140 2910
4132
2968 6029 5625
2968 4112 1992 7161 7163 1728 3960
1703 1685
2968 188
2946
4125
2368
2910 2899 4112
4125
2968
4112
5623
4112
2946
4125
2946 2139 4112 2368
4112
4126
2227
4126 4112
4112
4132
4127
2968
4125
4112
2968
4112
2946 4126
4126
4125 4125 6303 7402 6722
1278 1301 1361 1274
2968
3 2968 285
4112
2946
4125
4112
6263
6259 6207
4135
2755 2249
5470 3501
2968 2914
4112 2968
1531
610 688 527
3276
4125
6066 1533
4112
3391
1785 2642 2968
4126
2968 3268 6398
2968
2946 4112
1615 2207 721 1615 1164 2207 1615 1615 1622
2968 4125
2968
5754
2368
4125 4112
4125 6176
3550
163
4541 4126 6261
4125
4125
4112
4274 4068
4112
4126
4112
4112
1147 890 891 264 264 3643 3881
6969
2919 2918
2946 4126
4112
4112
2368 4126
6833 2914 4125
2968
3183
4129
4099
4087 4112
4112
5485 5467 5467 6416 5467 6972 4101
4112 1931
2975 2946
1685 1792 1686
4112
1538 1538 1538 1538 1538 1538 1538
4131
5754 5617 6796
4127 4112
4112
607 6986 4533 3509
4112
4125 4112
6894
4112
4112
6985 2578
4112
4125
2968 4125
4126 2946
4112
4112
4112
2930
2968
2968 4132
2968 4112 4125 6179
3962 5840 3275 5320
163
2484
2968
4132
2954
4126
