5844 689 610 3338 720
163
4129
67
4091
4136
10
4125
408
5829
1538 3341
4125
4125 6536
1915
2946
1707
4125
4112
4131
3187
23
4125
2237 3266 5840 2180
6242 6247
4126
4125 4074
1538
2634 2797
1772
3384 2627 3265 4281 6969 428 3386 4289 3388 6299 2627 4389 4291 6969 374 4289 3386 2634 2627 6969 5839 2627 1581 5480
5819
4126
4652
1032 431 1096
4129
1615 1166 3524 1862 457
2481 2459
4125 4125
285 4694 285
2947
1738 455 1738 709 688 662
2898 4137 2899 2901
4126
1530
1530 4125
1530
1398 431 1616 1072 892
10
4112
1531
4112
3580
4126
2945
4125 4130
163
4562
4136 163
4126
4126
5343 1532
2975 4074 6707
3326 4663 2834 4382 2369
6336 2214 6855 2334 2628 5532
4125 4074
4068 2948
4126
4125
4126
285
4112
4136
4126
163
2797 3889 4387
1530
4125
4126
5667
1280 1296 2466 6961 3350 2722
1530
4136
5343 1532
4112
4127
1915
5532 6295 2975
3 2934
4126 4126
2440 3374 3269 3030 3869 3307
1031 928 1121
1530 2975
5844 1871 6284 1871 5844 3259 5844 456
4125 6179 1531 5343
4112
4112 3334 3888
5343 1531
4723 2723 1984 1862 1708 3881 2324
2890
2975
2183
10
2180
4112
4126
4125
2322 3877
4125
4129
230
4125
4074
1530
4125
4125
285 285
4129
1530
3509
2946
2461 5532 3404 3405
4616 4225 5624 2368 6336 4112 2317 4225
6251
4074
1538
3881 2367 1737
2387 2241 4180 3900 1547 5795 4125 1533 1533
4125 4125
4125 1530
4126 2139
3221 3374
4112
4125
455 1738 454 455
4126 6501 2945
1538
5246
10
4112
2139 2645 2362
4074
4568 1757 5411 4885 4112 1692 4883
4136
4131 4126 4126
163
163
1530
2947
4112 4126
2369 2797 2274 3518 3298 4280 3949 3878 2857 4663 2776
4126
4112
1530 1538
4112 4126 4125 4125
4126
2946
4129
838
4126
4126 4112
4125
4126 4126
4074
4125
4112 4112 4112 4112
1927
4049 4631 1532 5343
1710
1530
3408 1697 1697
2975
1531 1531 2975 2931 4126 2922 2964 3835 4136
3297 5607 5828 1774 3278 4670
2362 2850
4126
4136 6176
4126
4126
3377 3893
4125
448
4125
2180 2276 163
1113 1047 1389 1013 1105 1128
4126
3264 5752 1821 2210 2755 3881 2797 3910 4433 2723 2744
2203 5008 3867 2551 5144
4125 4125
2282 2317 5339 1757 1547 2183 5325 3261
4126 4074
3639 1547 3275 2255 3640 3877 5752 6855 3273 3892 2246 2245
4125
4126
2387
1531
1531
4112
2755 1668 3510 1785
1531
4126
1772 2440 456
5951 2006
5343 1531
4128
2975
4126
1531 5343
5343 1531 2180
4074
1531 4112
3268 3969 4304
4125
5392
4112
4112
5293
4125
4125 4099
4125
2946
4126 4112
5925 5940 5467 5839 2458 2975 2619 5606 5940 5531 6299 5940 1760 2975 6299 1707 5940 4032 5925 2458 1703 5940 6299 5946 5946 5532 5946 5940
4125
5531
163 4126
4126 2975 4112
507 500
1738 455 507
3276
4126 4125
285
4125
2704 2914
4112 4112
4126
4103
202
2619
4126
6895 4136
649 543 688
6990
1531 4112
2966 2965 4136
3869
3405 3269
4112
454 1615 455 1615
5625
2964 2975 4126
2461 4144 2458 2538 2603 4144 2538 2601
2946
4112 1538
4136
2806 3372 3002 3324 2844 5632 6367 2023 3372 2230 3275 2237 3002 3102
4125
4144 3264 4260 4217 3881 4144
4136 2946
5721
6675 6295 5925
4129
2180
4112
4112 4125
2633 1760
1531 5343 1531
2826
4090
4125
4126
4403 4877
4112
4112
163
163
1530 2946
4132
6320
2180 1530
1530 2935
163
