1760 5844
61 4061
4112
2368
2369
4112
1915 1915
1703
6855 2578 2583 2369 3253
4112
4131
4112
5865
6022 1532
4098 4126
1622 1862 559
6344 5298 6013 6969 2946 1862 1622
4125
10
4074 6549 4126
4099 4130 2968
2367 5743 4904 5332 2825
2946
6969 6722 3380 3386 3377 3380 6969 2627 6969 4291 3377 3288 3377 2241 3380 2100 6969 2627 4982 3326 3377 3380 3380 3386 4291 6969 3268 3373 3379 6969 3327 2627 2756 2211 2634 6969 2100 3377 3380 3379 3380 3408 6969 3379
2369
4112
1792
4112
4112
2368 5069
1841 2825
4126
2857 2374 4112
2968
2916
1717
1680 3831 4125
4131
4125 4112
2968
1538
163
4694
4112
718 1738
2369
4128
5925 2983
4063
1791 269
5941 2968
62 1
4127
4126
5999 4126 2946
4132 4112 4112 4112 4112 4112
4074 4074
1533 6196 5785 1352 373 1342 1278 1296 394 1253 1363 1882 1285 1361 5052 1547
3341 4772 2387 5390 1622 2387 1862 721
10
4125
4126
4112 4112
1703 2374 4112
2956
277
2495
4126
4112 6372 2755 4750 4112
4125
163
6266 2578
6207 6849 5754
6961 3259 6922 6855 3900 6990 3963
4112 4112 5297 5845
4112 5918 3408
4126
4126
4112 187
4517
2975 163 2909
2968
4112
4112
2806 4444 2252 2807 6268
5581 2140
5625 3201 5625
2914 6424
4125
2947
2362 4129
5752
4074
4112
2968
3
5631 2506
4112
4125
6447 4125 4541 5335 4631
4125
2968
4126
2945
4136
6179 4125 4125 6178
4074
717 1091 1479 1135
4125
2368
4750 2945
4112
334
4112
4094
285
4112
5443
4126 4112 2946
171
1705
4125
4126
4112
2945 4112
4125
4125 2968 4112
610 2139 654 6279 1772 452 1772 1772 5941 2853 610
1538
2368 649 649
4103
4112
4099
4125
2968
2368
2368 4112 4136
2968
221
6424
3
2968
4112
163
4126 2139 2828
3376 3656 2643 3376
4126
4129
4126 4112
2968
674 654 1850 5793 4223 699 2585 1850 608
4125
4125
4136
4136
4125
10
6268 4112
4126 4125
4112 4125
4136 2975 2975
6259
4126
263 3643 5644 5325 2263
2947
64
4126
4112 5646 5530 13
2707 5702 2946
5531 6306 1801 1707
2540 2461
4125
4112
4128 4112
163 1538 4112
5623 6388 5631 4101
4112
4112
505 504 540
4112
6320 2797 4526
4126 4112 2595 2827
4129
163 163
6002 1533
4112
4126 2368 4112
4126
4132
4112
4112
5450 6243 2896
4126 4112
2363
2911 2299
1848
2968 4125
4112
4125
4125
3268 3269 4112 2975
2368 4126
4112 2968
4112
4112
5631
2946 2180 4126
4131
4112
6002 4128
4131
4112 4112
4112 2265 1707 1668 1822 6361
496 6398 3649 500 674 2440 4112
5754
1748 1746
4126
2968
163 163 163
2968
4125 5829 5827
4126 6894
2946 4112 2909 2920
4125
4125
4126
4126
4112 4112
2968
4136 4750
4112
163
6800
5941 2216
5828 4291 3379
4126
2956 2946
2908
4112
2194 4087
5530 6796 1776 5754
1915
4127
1699
4125 2546 2603 6330 2211
6261 6207
163
3168 6660 1734 3034 3032
4112
4126
4112 5625 1683 1707
2942
4128
2946 2946
4125
4125 4112
4112
4129
2326 3024 3062
4126 2368 4112
4112
2945 4125
2968
4101
4112
203
2180
4112
4125
2968 4125
4126
4131
6250
4112
5754 4112 2913
2914
4129
1738 2368
4125
2975
1937
2368
4112 1767 6185 4136
4112
2365 6357
4127
1997
4137
6971
4136 165
4112
2342 6336 6306
4126 4112 4130
4112
4112
4125
419 2897
4126
4112 4126
4115
4126
4126 2945 4112
2968 4112
4125 2968 4112
3814 4136 4112
4129
5754
2946
1691
4112
2945
3259
4190 7168
4125
1682 6207 1801
4112
610
4717 2382 3894
1825 1859 1873 1862
4137
2946
4126
1846
2911 2975 2267
4125
3625
5625
4112
4112
4129
4112 4112 4112
4112
188 2368
4126
193
4126 4112
3571
4126
4112 2946
4074
2968
2968
4547 1533
1988 3881 263 1538
6867 6207
4112
4126
4112
4125 4099
1997
2968
4126 4087
3442
2461 5607 2540
4126
5307 2564
2368
4125 4112
2945
3388 3379
1703 5634 1774 1748
4126
4126 2946
4125
1532
4126 4125
5628 1785
2968
2975
3933
4131
4126 6239 1708 6239
4125 4112
4074
4126
2946
1616 3408
2180 4112
2368
4060 2968 4112
4129
1840
610 4880 4126
2968
4129
4103 4103
4126 2946
3268 3269 2833
4112
721 608 1704 2207 1615 5622 1615 3334
2500
4112
6936
4125
4125
5524
4125 6178
4112
4112
4125 4112
4125
4126
4112
2968
2945 4125
4112
4112
1682
4112
4104 4112
2319
1538 1538 1538 1538 1538 5539 4149 1538 3910 1538 163 1538 1538 163
2968
4132
6264 6207
4112
4112
4112
3509 3890 5630
4112 5113
6293 1986
1731 1912 4112
2935
4125
2977 720 2975
163
4663 3035 1799 5929
4112
4132
4136
5839
163
4132
4125
