1861
1394 5844
2968
2968
2807 1751 1818
285 61
1517 1483 1470 1490 1474 1516 1471 1523
2968
4125 6536
2968 1915
2968
4129
4112
6267
4126
4126 4098
1869 1891 1925 1923
4074
2368
4074
2368
2945
2946
3373 6969 3379 3276 3268 3380 4291 3379 6969 3274 3377 3380 3408 2754 6969 3274 2211 2627 2642 5929 6729 2627 6299 2211 6969 3274 6729 3276 2627 3373 3268 3379 6969 3408 3380
4112 4125
4112
6240 1795 6242 1751 6251
4129
2459 2506 2368 2503 1785
1533 2968 6462
5628 2767 4028 6985 2362
4125
2968
2956
2330 2633
4126
4136 4136 4136
4125
4125
4112
285 285
4126
4750 4112
2368
1391 955
2968
4520
2968
2146
6366
2912
4112
4112
163 1538 7071
4074 1538
4126
10
4136
4125 4112
2968
2968
2968
2368 3081
10
4112
2968
5445 5445
4112
4112
4126
4125
3830
3269 2325 3268
163
4126
2369
6689 1251 5744 3049 1252 3388 4280
4126
2968
2480 5532 2466 2586 6800
2968
1615 479 666 454 689 564 561
1538
2968 4128
2202 4422 2807 2764 2252
4112 1844 13 6251
4131
5625 5623 10
4125
2946
4126
4112 2968
2968 1785
4099
4112
2968
4112
1531
2946 4074
4126 4112
3546 1987 3869 1697 2554 3297 3643
2968
2946
4136
2968
6013 5530
5443
2968
2968
5451 2368
2968
1705
4112 4074 4112
4126 4112
4126 6179
4125 6001
1772 6284 5941 5844
604 604
2968 4125 4099
1538
4125
221 2968
10
2946 4112 2968
2287
2947 2180
2968 4112
4216 2773
4126
1531
4126 4074
4126
4137
4126
5467 419 4126 1538
4112
699 572 1855
4112 1685
1538
6449 4126 1791 1784 6242
2220 6392
4126
4128
4125
2968
4112
163
285
2968
228 64
2968
4126
2968
1848 1615
2180 2946
5867
4131
2180
2946
4112
2968 1799 3408
4126 2975
4112
2968
2968
4125 2387 3647 5328 5246 2440 6410 4440 6398 5246 5829 4264 2723 5632 3639 2440 2362 4263
4126
1707 6365
2968
4125
2368
4126 4112 1715 2461
4112 1668 2925
2968
4125 4112
4126
4112
4542
4127
4126
4112 2968
4126
2764 3880
2946
2755 5607 3287
4112 4112
2965
2956
4125
4694 2968 4694
2968 2134
1743 6250 2488
4125 4125
2368
3269 3892 3893
6705 2968
2363
4112
2968 4112
4144 3669 4144 3669 3274
4218 4223 4144
2968 5915 2640
4126
6395
408
5754 5625 5623 5544 1801
163
2461
1940
4129
1862 6662
4074
2369 4112
4126
1533 2368 1538
4112
4126
3867 2807 2968
2975
4099
4126
5754
2968
2968 4125
4112
4125
4271
2968
2968
5744 3510
4126
4126 1668 2903
4112
4136
4533 5335 6906 3923
3
4127
4126
4126
1807 5631
4131
4112 2368 2968
1738
4112
6264 5544
6796 6243
1737 452
4112
2820 1532 6112
2965
2180
2368
4136
2901 4126
4127
2968 4112 5625
4112
4125
4125
3517 5544
1
2855 3898 6723
4125
721
5844 6800 5801
2968 4112
92 123 107 117 121 209 92 117
2368
4125 4099
6179 4136 2946
2946 4126 4112 4130
2968
5531
4112
4112
2968 4074
6377 6365 4144 5744 5750 4144 4311 4352 4335 5750 4144 2249 2284 2250 5750 4335 2249 4311 4144 2317 4322 4144 4144 2368 4359
4112
4112
5631 2945
4112
4112
4128 2968 4135 4130 4112
3165 5485 2367 4280
4126
4112
4126 4112
2945 4126
4126 4112
4112
1774 4112
4112 4112 4112
4112
6855 721 1855 455 2754 454 552 1855 1855 2754 452 552 1855 6855 454 602
2968 6261 1776
5062
4112
4126
1772 1855 6855 610
4112
1791 4444 4321 4174 5015 705 441 711 1215 1531
4112
4126
4126
2948
2466 2362 6299 1538 4112
4125
4125
2325 6259 4074
6839 1980
1776 5754 5530 1684
4128
4127
6796
1425 1447 364 1438
4525 1382 6972
4125
4291 3388 3379
1707 1912 6293
2968
4112
2946 4112 4126
4074
4126 4125
2968 4703
4126 170
2968
4130
2797
893 1017 1120 1063 1092 1047 1119 998
6422 2508 5754
4126
1750
6265 4130
4081
6261
4112
4126
4112
4112
2968
6035 1533
2913
1776 3517
4125
3268 3268 6346 3204 3268 3840
4125
6175 4125
1622 1615 1622 607 1615 3334 1622 1853 2207 1615 3334
4112
2946 4126
5631 263 4218 2129
2968
4136
5607
6371
4126
4125 2911
4126
4126
4112 177
4125
5531
2968
2807 3009 4030 6346 3372 3060 5929
191
4126
3643 3260 3510 3915 3882 692 649 1615 452
4137
4112
6700
3772 3797
6179 4126
4880 4881 2480 2966
4112
2968
4112 2968
4125
2946
6258 4132 5840 5839 5485 4125 3322
4401 2368
1931
1538 1538 1538 1538 1538 1538 1538 1538
2968
4125
4112
4112
4125
4126 1855 394 6179
4125
163
2182 4136 2946
4112 2968
4672 5929 3372
4125 6259 2968
4126
6971 4130 4131
4049
4127
4129
1776 3875 5840 2387
4132
4125
2946
4125
2968
4103
