4112
3306 3510
1530
4125
4104
4112
4112
163
163
4137
4101 4112
4074
163 1538 163 1538
1538
4112 202
4136 4112
1538 163 1538 1538 1538 163 1538 163 1538 1538
4128
4126
4090
4126 4126
1538 1538 1538 1538 1538
5459 5458
4125
4136
4125
4112 4112
4149 2797 1538 3275 1538 4149 5925 1855 1538 5925 1538 1538 5925
1531 6003 4074
1738
4112 4099
4126
1530
4263 1547 3260 1813 2797 2797 4537 3986 3994 269 4176 3996 3997
4126 607 682 584 709 455 682 608 682 5471 709 608
604 700 601 709 2387 6012 3320
4074
1530
163 163
4125 4125
163
4129
5035 5018
4125
163 1538 1538 163 1538
1531
163
2734
4125
163 4074
2820 1738
4074
2180
4112 4112 1531
163 1538 163 1538 163 1538
4125 1530
163
4126
4126
4136
4112 1538
4112
1531
1797
4126
1530
3882 3881 2634 1531 3881 2797
4132 4132 4131 4131 4132 4132 4131
4056
4125
4112 1538
4126
4125
163 163 163
5845 1530
4074
1196 439 431 710 705 440 708 1198 4777 1530
4087 4112
4074
4074
6689
4125
4135
4081
2906 5729
4112
4126
203
1530
3659 1538
163 1538 163 1538 163 1538 1772 455 454 163 1538 163 1538 4537 4149 3899 163 1538 163 1538
4112 1530 4126
4125
4125
1532
4126
4126
1531
4126
1538
1531 5640 2466 5488 2466 5488 2466 5488
163
4090 4126
4136
2180
4112
4112
4125
5392
163
4126 4125
1530
2807
1530
4125
6530 4126
163 163
163 1538 163 1538
4112
1531
4125
4126
4129
4125
4101
4136
163
4112
4125 1531
4125
5645 1532 4631
6341
4112
5062 5087 1530 3320 1738
4126 4126
1531
688 600 543 1076 878 1120
4112
4112 1538
4126
4125 6536
3292 2369 6985 5750 2440 1547 3275 2839 6990 3294 3270 2839 2356 2440 6990 2362 1547
4126
4126
64 57
4112
4126
2944
4125 4125
1538 1538 1538 1538 1532 1538 1532 4149
2946
4074
1538
4125
2946 4125
4104
4125
163 1538
1531
2944 4074 2946
4125
1615 479 1738 699
4125
4125
4125
4074 4125
4126
4112
4128
4112
2930
4125
4126
6014 3510 3907
4074
163 1538 163 163 1538 163 5709 163 1538 1538 163 1538 163 1538 163 1538 1538 163 1538 163
2146
3510 4087 2920 4125 4886 3408 2946
5796 5747 3890 4617
2912 2911
4074
431 1135
4125
1531
2972
4074
4074
4112 4112
4125
4074
2382 6388 5839 1776 5625 5623 2382 2382 5623 5839 1776
4112 4112 4112
4127
5802 4560 6979 6970
4136
4074
1531
1047 4218 2631 1757 3274 1072
4126
6
4105
4126
4131
5772 2369 2051 389 4154 1825 3269 2387 5772 5772
6723 6855 3273
608 641 3296 3299 2833
1862 456
4125
4273
1947
4136 4074
4136
2946
4126
4112
4125
5881 5889 5368 6402 5885 3881 5366 5367 6971 1547 5369 5365 2930 5089 4772 4782 2991 5040 282 6838 2065 4780 5361 3260
4125
6921 1547 6905 5845 5607 6926
2946
4136
4074 4074 4074 4074 4074
4126
5417 2275 5840 5925 2783 3875 2764 2783 2387 5840 5925 2224 5417 2727
163 163
4104
4112
6012 3877 4260 5925 2324 3636 2665 3546 2220 6855 3906 4263 2754 5475 3545 1072
4112 4112 4112 4112 4112 4112 4112 4112 4112 4112
4125
1718 1825 389
4125
1388 1046 1131 1530 2797 608 4218 1615
4136
163 163 163 163
1795 6242
2387 2319
2926
4074 602 6969
4125 1531
4125
169
4074
4132
2965
3510 1797 3319
4126
1289 4112 1280 1308 1372 1738 373
4112 4112
701 1164 666
4125 4130
4112 1530
4127
5607 3153
4112
4112
4126
163 163 1538 163 1538 1538
285
4125
4126
4126
4127
4127
4112 1530
4131 4131 4131 4131 4131 4131 4131 4131
4137 1530
1532
4087
2381 1547 3924 4226 4670 5357
4074
6990 4132 586 1740
1531
4112
4112
4126
2601 6666 674 2775 1853 1672
581 689 1738 348 479 1096
2954
2944 2946
4074
4074
4129
2180
1757 2284 2812 600 1757 1853
1530
163
2944
4126
6924
4112
4074
4126
1530 4112
2647 6725 5278 4767 1547 2833 2651 2778 3960 2645 580 2647 5951 2227 2390
4128 4112
4136
5969 4016 6969 3334
5471 1742
2944
4129
4125
4125
163
4125
1784
4126
4539
4112 1531
4126 4112
4128
4460 4112
4125 2946
887 1098 1119 955 929 903 1074 1141 1124 1390 1391 5743 1119 3261 1131 5747 1046 1099 5750
4127
2965
163
4126
4074
2649 6333 2592 3274
5531
4125
4074
4125
5829 1704 2369 1531 2367 3509 4126 601 669
4126
63
4125
3268 5632 2756
6938 1824 1824 1824 6938
1846
1871
163
4126
4074 1538
285
4125 1530
1530
4074
4126
4125 2180
4126
1531
4074
4125
4104
4112
5793 3876 3643 3877 5793
6304
1530
4099 163
6326 3414 2651 3963
4125
4126
4289
4217 5317 2440
4126
4126
4126
4136 4632
4125
4125
4126
4126
5828 1547 3694 3949 4306 2461 2216
1846
4125
4126
4112
402 5326 3900 3894 5154 3294 3545 3546 3893 5325 3275
2944 2944 6341
4125
2956
5827 6355 5321 4112
163 1538 163 1538 163 1538
4074
4174 2887 4175 4280
4126
1531
2635 2852
4126
2180
4074
4125
6971 5817
6723 3921 3910
620 709 1868
4075 4075 4104
6970
3510 2944
4112 1530
7070 7063 7072 6691 2249 2317 3275 3546 3541 2764
4112
163 163 163 163
1538
4074
4126
4126 2944 2946
4112
4074
1531
5097 7306 5344
3637 1855 3510 4663 5278 3961 3259
4128
163
5467 6972
4125
4129 2180
4112 4112
1615 5749 601 602 2755 1672 500 3269 2634 2647 2768 2224 5827 2369 2216
163
1531
1530
4112 1530 4125
4125
4101
4074
204
1530
1807 1813 6333 1807 1813
4112 4126
4074
1530
228
6459 4125 4112
4273
35
4125 4125
4112
57
4074 2946
2956
4126
4126
4126 4074
4074
1776 6309 5839
163
2369 4112 1751
4099 1530
4136
3558
4126
1089 1077
4074
431 1389
4126 6184
4125
2944
5481 1530 2804 1538
4132
2946
4125
3278 3878
389 1825
4074
6031 2374 1533 3298 6675 2768 2382 6662 1547
2944 4126
4126
1689
4126 4112
1531
163 163
1119 1047 1024 1390 1141 1389 1073 1077 1390 1133 1046 1073 1121 1391 1530
1024 1120 1046
282 5096 1547
4175 1533 6522 2250 6971 2317
4125
1530
4125
4126
3024 4674
1738 641
2946 1530
4112
163 1538 1538
163
163
4125 4125
4112
2180
50 52
4125 4112
4074
4074
4125 6549 4112
6990 6966 6885
6247 6251 6242
163
4129
163 1538
4126
3898
228 228 64
1530
1
4126 4112 4112
1530
1738 1669
2236 5752 3881
1531
1533
5839 1703 2646
1531 3405 4112
4104
6335 4419 5938
4137
5867
163 163
4125 4125 4112 4112
4126
1
163
4125
1531
4126
1076
4126
4125
1533
4074
4136 4112
163
163
4128
1697 400 2369
2944 4126
1846
4129
2180
4074
4126 163 163
4125
4126 163
4126 4112
3900
1530
4125
163
4125
4087
4125
4074
2319 1862 4126 2319 2852 2227 2261 6336 479
1530
163 1538
5332 3275 3427 2368
2905
1531 2387 1728 6014 1046 5335 2387
4125
4126
2946 2944
1390 1097 431 1119 1094 4145
454 4145 1737
4076 2946
4112
4125
4126
5951 386 1710 5969
2944 4125
2946
1538 1538
4112 1530
1531
6985 3876 3268 2853
4112
1530
4112
4112
4127
53
4126 4126
4125 4125
2944 4112 1691 1711
4112 4129
1530
4125 163
78 85 4
163
2930 4112
4074 4074
6251
4125
3869 3869 4126 2645
4125
323 5325 1689 1743
2224
4112
4126 4112
1530
4126
878 1047 1119
4126
1530
1759 455 1759 456 1871 1759
3170 1531 6060
1531 2369 2681
4112
61
4126 4074 4125
4126
2853 6344 6961 1547 3545 2236 5847 3881
163 4125 4112 4112
4125
4125
4112 4112
4074
2943 4112 5524 2369
1538 1538 1538 1538 1538 1538
1855 580 699 699 580 1855
4126 6178 4126
602
5454 5454 5454
5473 4126
4126
6713
4074
4112
4112
6556 2944 4137
163 1538 163 1538 163 1538
4125
4125
4126
4074
4126
4137 2180
2956 4130 4131 4131
4398
4125
4125 4099
4112
163
169 4112 3877 6970 4672 2944 2369 1531 1547 5068
4126
4112
163 163
2944 2180
4125
277 277 277
4112
502 676 2368 602
4112 4112
4125
4126
1538
2180
4126
4112 1530
2946 4129
4126 163
4112
4074
163
3558 2443
4112
4126
4126
1531 4112
4126
4125
4560 4112
4136 4136
4074
2949
4125
163
163
3842 3843
1738
2944
4126
4125 4125
4112
163
4112
4074
4127
1530
4125
4112
4130
4126 4112
5531 3049
6709 6711
3625
1538
4112
6972 2225 1531 6106 1837
4125
4130 4130
720 689 2210 602
4811
6691 2225 2461 2497 2855 2857 3510 1698
4126
4074
6179 4125
4126
1531
3411
4061 2944
4125
705 1227 438 1199 414
221
163
4125
4131
3623 2211 1530
4112
6262
4125
4112 1530 4112
4112
2180
2972 2982
4126
4131
4112
4125 6184
1531
2362 1531
1862 1738 4112 1538 4112 4149
878 1120 1073
4127
4074 163 163 163
2414 2414 2415 2414
163
4136 4632 1531 4074 4136 4112 2923 5857
1533
4125 3509 1716
6757 1538 1538
4126
163
4126
4132
4125
2839 3275 4443 1982 4304 5752
389 6003 1825 1533
3276 5690 1715 5649
4126
4126
4126 4131
4129
4125
4136 1530
4074
4136
4125
4125 4099
3877
4112
4112
163
4112
4112
1531
1703 5623
2944 4112
1531
4126
2180
4126
4885 2944
3510 2210 2276 1761
4127
2797 1615 1868 1855 1853 1855 4149 384 2797 1688 3921
4112
4074
1846
2617
4074
4101
1531
163 4125
6970 3975 392 3463 6821
3236
4127 4099
163 163
4112
4112 2627
4112
2180
4126
163
1760 3264 3307 3961 3877 4663
3
4125 4112 4112
163
2946
2944 4112 7037 2369 3334 2944
5837
4103
2180
4125
4125
1738 455 1738 454
4074 2210 3643 1760 2943 4136 6453 3877 3643 1760
1530
1531
4074
4074
4126
4074
163 163
163 610
4125
2180
4126 4112
2946
1531
4136
4126
163 163 163 163
4880 6908 6345 2230 2020 1547 6668 5749 2242
1148 1378 4145 1381 1758 4263 4144 3264
5592 5622 3259
4125
4126 6446
4533 1796 4144
2972 2180
6986 6985
2943 4126
4074 4074
5521 2458 5522 5640
163
4125
4126
4112
228 228
4112
1530
4125 4074
4127
4119 4698
4112
4136
4112
4125 1531
3285 5770 3922 2387 1531
2972
4136
2362
4125
163
4126
1538
2797 5631 3911
2946 1531
1776
2458 2458
4112
2668
4126
4126
2180
891 890
4125
4112 4112
3877 5844
4126
3275 4149 3274 1722 387
4125
1531 1538
1530
1073 1133 4145 1027 431 891
4125 4099
6970
676 720 479
5236 3875 2857 3273
4189
163 1538 1538
163 1538 163 1538 163 1538
2362
2071 4125 4112
4099
666
4112 4112
2972
4074 1538
1530
163 163
1531 4125 4074 2944
163
4074
4126
1530
4126
4112 1531 4112
1862 454 1533
4126 2944
4127 2180 4075
4126 4112
228
4074 4126
4126
4126 4112 1538
2180 4126
163 163 2944
1538
1801 5544 6299 5544 1776 5623 1801 6299 6295
1530 4125
1538 5607
5752 3297 2381 4584 2899 4126
4433 2642 5913
1716 1715 5522
1825 389 3510
4145 431 1379
4074
5829 4149 5827 1707 6976 6969
1531
4074 385 1709 1738
5625 5467 2319
4074
4136
2946
4126
6668
4112 4477
4101
163 163
163 1538 163
4125
4125
4125
4125
3408 5541 5606
2912 4126 2911
4127
4126
163
4125 4112 3324 5961
4126
4074
4074
4112 4112 4112
1
5629 3307
4125 4125
4112
2912 4126
163 1538
4074
4112
6536 4125
2538 4440
163 1538 1538 163 1538 1538 163 1538 1538 163
163 163 1538 1538
2953
4126
4103
6691
3668 4074 1531
431 1119 948 1390
3899 2797 3309 4112
1530
4125
1538
4104
4074
2948
4099
4112 2180 2180
5471 2497 2366
5488 5490 5516 1533
1853 608 3391 2797 607 4224 3878
4112
4112
4126
4125 3509 6969
4126
4112 1530
3
4112
4125
4112
2944 4074
4144 2319 6675 2249
4112
6971 3882 2241 1707 2775
4125
4125 2943
1697
4125
4126
2944
955 1098 1094 1118
4125
4112 1530
2855 5844 4674
1547 5495 5744 6961 5287 3269 6805 4886 1791
4126
2944
4126
1538
4074
4126 1530
4126 2322 5877 6823 6313
4112 1538 4112 4112 4112 4112 4112 4112
1538
4149 1538 1538 1538 1538 1538
4074 2944
4126
4136
4074
1846
1709 385 1029 5475 904 1103 1709 385 2324 4731 3875 3907 6969 3651
4136
1531
1712 5050
188 5392
4126
2944
2180 2180
1531
2946 4126
4081
4125
2461 4273
4112
1538 1538 1538 1538 1538 1538
1931
4112
4126 1531
1538
4125
408
4145 891 1400 1135
4112
2627 3510
3334
2368
1530 4126
3922 3890 2375 5765 2832
4112
6855 5623 5607 3877 2202
4125
163 163
7331
163 1538 4112 4149 4112 1538 163 1538
163
1980
3960 4074 5977
4125
4125
4125
1530
4125 6178
1530
4112
6906
4112
4125
163 1538 163 1538 163 1538 163 1538
4125
4126
4127
490 1615 688
4125
4127
3275 6175 4136
2707
4631 2369 3165 5929 6689 4663 3374
222
4125
4125
5
890 431 1155
4112
6365
4126
1531
1531
6242 6239 1531
163
4136 2920 4632 4126 6451 4136 4632 2944 4126 6451 2461 4126 4126 6708 6720 6447 4136 4112 4126 6446 6446 4126
4125
4125
2230 6971
4125 4112
4126
6533 4125
2382
4125
4126
4125
4074 4125
4125
4112
4074
4427
1530
4125 6179
4638
4129
2944 4125
4112
4126 4112
2972
4126
709 699 1855
4129
4126
4222 4112 1532
4126
163 163 1538
2946 5806 4136
1533
5867
4126
169
3907 3510 3900
2634 2872 2755 3307 3907
285 5625 285
4136
2944 5348
1531
163 1531 163 163 163 1531 163
4112
4126 4125
4112
4112
1369 394 373 1882
4112
1825
2944
4112
4125
1743 2944 1703 2944
206
5941 3412
4126
4112
1538
4125 6261
4125
4081 2180
163
4112
4126
4129
4126
1738 454
1538 1538 1538 1538 1538 1538
5531
1531 4112
1531 4126 4112 2901 2899 4125
4125
4112
2387 455 1862 454 1864 1531 4112
163
2497 2503
4112 4125
163
4125
4126
163
1862
6280 5560
4144 2362 2367 4145 890 1393
2949 1531
4126
163
4126 4132
4074
4125
4126
4074
4126
408
4126
6012 5422
4125
4125
1531
1538
4074
2180
4075
4126
1905
4125
4112 4112 4112 4112
4126 4112
163
6311 3881
4125
4112
4126
1530
6971 6969 1776
163 1774 1776 6231 4144 5651
4112
1531
2911
4126
163
3120
6178 4126
4525 4144 3420
4099
4136 4112
431 4145 1120 1378
431 4145 890
4125
4112 4126
167
1531 4112
4355 4144
431 4145 1378
3319 6306
4112
3697 2368
693 454 1740 1737 4145 575 1868 4145 1166 1855 602
4126
163
4126
4112
3388
3900 3924 6723
4101
4126
4125 4125 4112
4112
4144 6662 6365
3350 2645 5325 3878 2841 4582 2841 4112 5339 2645 3321
4112
6171 1855 608 6171
2944 2946
1538
163
4074
2241 4144 2237
4126
4125 2180
2946 4074
5490 5632 1715 2369
4074
4125
1530
4126
4126
4112
1531 4112
4358 4144
1530
4112
4126 6500
4074
57
4104 4104
5035
4112
1530 4112
4617 1099 5801
4126 5662 2946
2547 6961 2585 4144
3639 4144 2249 2362 2250 2322
4074
1531 4127
2250 2634 6012 4144
1530
1530
4125 4125
2755 3510 3873 3952 4144
4125 4112 1531 4125
4112
4126
4101
4074
455 1738 1077 3509 1531
1531
4126
2461 5801
2216 4144 4443 4443 3148 4144 2216 4144 4443 4443 4144 4443 4144
231 5294 2797
4112 4126
72
1538
1693 5624 1720 4144 5160 6365 4144
4112
2944
2946
1531
4112
4112
4126 4112
5455
2946 4136 4112
4125
5633 2461 3878
4125 6976
4127
4128
163
5476 2362 3878 2233 3640
1530
4125 4125
2944 2944 4128
4112 4112
4125
4052 454
4112
203 3509
2946
4112 4126
1538
2334 6969
4125
7068
1531
4112
2180 4112 4112
1538 1538 1538 163 1538
4127
4126 4125
6369 6372 4144 6013
2362 620
4112
4125
163 1538
4125
4126 2946
1538 1538
4112
4221 1703 2369 4899 2886 2886 2651 4222 2242 4899 4112
4126
4112
4125 6498
4112
4112
6179 4125
4125 1538 4112
4126 4125 4112
1530
1855
2180
4136
4112
4112
3276 3182 2930
5929
4126
2956
163
10 5631 1785
3878 6361 6971
4126
4125 4099
4560
4112
3307 5612 4144
6345 6354 4426 4144 4731 3437 4426 4144 4144 2624 4426 5336 4144 4426 2224 3622 3623 4426 4144 5326 4426 2224 3623 4144
4125
4074
1530
1533 1533
4112 6069 1531
2481 6346 3624 5845 5607
1531
6184 4125
2631 2754
1531 6003 4112 4126 6003
6259 2180
4125
4631 4144 2884 1776
4112
4696
4126
2224 2633 2930 2707 1686 6990 3412 2767 5829
2381 2628 4880 2458
1703
163
4112
228
4126 4131
5754
1947
479 595 669 688 720 676 4112 4112
4089
1760 6970 3437
1135 891 4145 431 1124 1076 1124 891 4145 1076 1026 431 955 1009 1393 1076 1139 4145
3496
1750 1683
1531
2180 4125 2633
4112 4112 1538 1531
4126 4112
455 863 4692
4112
4112 4112 4126 4126 4112 4126 4126 4112
4126
57 5392 57 63
10
1795 5530
6184 4136
163
4125
5165 5490 2764 2362
4112
6365 5845 6308 2642 4144 3376 1547 5925 4144 2440 2729 2755
4125 2944
4125
6003 1531
2944
4074 5867
1531
1538
2595 2965 2966
4126 4112
4126 6711
3298 4443 4663 4112 3656 5336 5752 5467
4126
2944
1698
4126 4125
2180
2944 6666 2458 2458 6666 2458 6666
4112 4125
2618 1756 3510 2565 2565 3510 6878 2618 3002 2565 6878 2618 2618 2565 1531 3002 3408
1394
4125 4125
1128 4145 1389 4145 1152 1388
4112 1531
2180 2908 2910 2908 2948 3836 2908 2944
6369 4342 4144 2341 5752 4144 3670 6372
5640 4144 2634
4129 1538
4126
2944
2317 3274 5752
6556 4125
163
4074
1531
163 163 163
163
2224 4144 5840
4126
4112 1538
4125 4112
4057
455 454 1538 1538
6969 6969 6969 6969 6969 6969 6969 6969
1538 163
163
4104
4126
4129
4126 4125
4126 4112
4125
1531
4125
2241 3307 6972
1531
2946
5801
2180
4112 4149
4112
1947
4132
1538
5929 4144 5929 4144 4144 5929 4144 5929
163 163 1538 163 163 163
4126
3509 431
4074
4126
1164 600 1868 4145 602 1615 602 4145 674 600 1853 674 1850 4145
4132
4112 163 1538 163 1538 163 1538 163 1538 163 1538
6207 4149
5966 5823
4074
163
4125
4112
2387 5750 4144 6880 6969 4144 5744 2230 4144 6969 2886 6969 1547 5475 4144 2322
4136 3471 2368 4632 5752 1807 2645 4632 5752 4632 1807 5952 4136 2368 4632 3471 5752 1807 6991 4799 5348
436
4125
1915
5626 5875 4144
4507 4478
1
4126
4112 2954
4065 2948 2949
4126
4112
4125 4130
580 641 838
2944
4125 1530 4125
1164 1738 667 479 589 545 489
6722
2369 6346 5828
4126
188 1531
1997
4128
4125
4074
4126
4112 2949 4112
2459
163
4125
4126
4291
6988 3208
4128
163
1538 4149
4125
163
1533
2944
514 5929 502 4145 1850 1615 5607 4144 3907 3060 2262
163 1538 1538 163 1538
3362 1538
4125
4125
4126 4125
5925 4440
4087
4125
1533
4126
4127
870 4145 1155
4074
4136 1538
4136
2972 2952
163
2146 2919
4112 4112
4126 4112
4112
1531
4125 4112 4099 4112
1683 4126 6245
163 163
1530 4112 4112
1164 701 608
3558 2369
1 1 1 4137
1855 709 593 699 610 688 604 1164 500
5392
4125
1806 5632 3509
163
163
4126 4112
4126 4125
6365 6675 4144
4125
4126
2180
163
1845 2855 3881 6361 4144
5625
163 1538 163 1538
163
3298 5765 1531 3560
2956 4074
1751
4125
4125
4126
2972
4137
1532
6974
4129
4126
5624 4217 2642 4899 2754 4663 163
163
4061
2906
5651
1538 2038 4126
163 1531 1538 163
4112
4101
163 1538 1538 163 1538 163
7102 5631 5623 6013
4087
163
4074
4126 6536
5813 3309
500 686 602
2180 2944 2911 2912
4126
6396 2852 2833 4144 3292 4144 6691
163
4065
4112
4136
2362 2325 2948 2944
1538
6202
4074
6974 3876 5929
163
6969 4112 5328
2972 2965
3196 6354 3882 4166 2820 4170 6354 4169 5791 5790
4136
4074 4074
4144 5431 4223 1760
4125 6527
6547 4125
3510 4074
4069
4807 4112
3932 3948 3274
4126
4125
4112
4074
4155
4074 4074 4074 4074 4074 4112 4074 4074
4126
4125
4087
4112 4112
3637 277 3959
163
3829
1531
1532
6013 285
3882 6855 5749 5339
4127 4135 4130
1538 4112 4149 1538 1538 4149 1538 1538 1538 1538 4149
4125
3875 5010 3963 3509
479 2836 5339 502 699 4439 2783 4731 4420
4112 4112
4126
4125 4112
4126
4126
4125
781 817 813 772
4112
4126 3812 3825
4074
1669 1871
4125
4126 4126
4112
163
4125
4387 3657 3877 3891 2609 4389
4112
2965
6176 4125
4126
2946
4125 1531
4126
4074
4126
4125 4099
3893 2369 2863 3334 3959
4112
4112
163 1538 163 1538 1538 1538
6709
1684 6266 1931
6336 2578 2224
4074
4126
3987 4144
1089 431 1120 1024 1047 988
4112
4112
4126
4112
4125 6459
6895 2912
1275 1353 373 1280 1307 1353 1280 1307 373 1275
4112
2944
4074 4125
2899
2946 4125 6179
4125
4131
2
4074 2944 2901
4136
4130 4099
4126
4125
4112
2180
4125
4126
4125 6178
4126
202
4074
163
6970 4347 5839
2368
4074
163
4074
2180
4074 4112
4303 4306 4304 3510
4112
500
2211 5526 2207 2211 6284 6674 2211
5911
4112 4112 4112
3285 3374 1767
4125
1530
6985 5490 3276 1795
4125 4112
5929 3264 2775 3972 1813 4674
4074
1530
6972
4126
4074
3880
3334 3341
2650 5325 3875 2944
6722 6969 454
4126
4065 2952
4125
4074
264 4144 5929 1720 2659 3659 2319 2659 4144
4112
4074
2369
1530
4125
4126 4125
4127 4130
4125
4112 4112 4112 1531
1531 4126
2387 4906
2946 2574
4125
2368 1531 5951 1709 1709
3657 4144 2651
4125
4125
4125
1530
4126 4112
3957
6204 6204
4131 4131 4131 4131 4131 4131 4131 2918 4125 4131 4131 4131 4131 4131 4131 4131 4131 4131
4137
709 699 1853
5951 6307 5607
455 1862 1862
4126 4125
4112
4136
1531
2947
2901 4126
431 4145 1022 1399 1077 1379 1123
4112
4125 2946
4074
1538
4074
2946
431 891
4126
6178 4126
2972
6985
4125
1530
4112 4112
4126
4125 1531
4136
392 3463
4126
4125
4125
1530
4074 4126
4112
4126
4126
4112
4125 4126
4126
2944
163
4126
4112 1530
2946
6713
4074
2946
4112
4074 4132
5534
5467 3324 2910 5941 2918 2946
4070 2972
4145 2586
4041 1532
4126
4126 4127
4557 5516
4112 5531 4112
4126
1738 1738 5746
4125
4074 4074 4074
163
2633 2907 2381 3808 6012 2645 2645 2680 2948 2632 4978 6827 1751 2272 5951
4119
1538 163 1538 163 1538 163 1538 163 1538
2180
431 1530 3510 890
4156 4155 1862
699 608 543
3877 3269
4145 1119 1089 431 1391 4144 2284 3270 4263 4145 1119 1391 1089 2284 3270 4144 4264 1089 1119 1391 431 4145 4144 3270 2284 4264 1119 431 4144 1089 1391 4145 4264 4144 2284 3271
4126 4809 6070
1830 5514
1776 4136 4112
163
18 4112 4112 1531
4125 5697 5113 2946 3707
2972
6970 1801 5607 2209
1076 955 1118 163
4126
2956
4127
5827 3882 4303 2651
4144 5941 2369 5941 4144 1683 2362 4144 5941 2362 4144 1683 5941 6369 2362
677 577 4145 1390 1128 716 4145 1020 1029 716 4145 1004 1135 1021 1021 4145 1131 1077
2946 280 3982
4126
2946
5464
2362 6971 2631 3889 4144
4130 4131 4130 4131 4130 4131 4132 4130 4131 4130 4130 4132
163
4126
4112 1538
4125
163
5941 2656
2496 4144 4440 6690 4444 2586 4144
4126
1530 4112
4696 4699
4129
4112
163
4125
4125
3061 3697 2325 1735 3309
4126
4074 4126
1531
4144 6990 3900 5840 431 1378 4145 891 1388 5801 5845 3060 431 891 1378 4145 890 890 891 431 1378 4144 4264 5840 3297 893 891 431 1378 4145 3338 4144 6990 4144 4401 5801 2387 1378 4145 891 431
2943
4112
1846
602 1868 620 4145 1076 1120
4112
6792 1759 4144 1378 891 4145 1394 1759 6345 4144 1759 2797 6410 4144 4144 4663 1759 2797
4144 2220 2322 2369 6969 2220 4144 2461 2827 1981 2369 1547 1547 5339 4144 1981 5740 2496
35
4125 1531
4074
2723 2797 3518 4144 3195
4125
2911 4126 4126
4125 4135 4130
2944 4074
3320 4387 4663
2832 2317 6675 4112
4136
4087
163
4126
375 4112
4125
5530 5070
2944
4631 3350 4144
2249 1981 6969 2496 4144 2220 2443 1981 2459 4144 4144 1547 2220 1981 2369 5740
2946
2180 4112
1520 1523 1474 1480 1467
1530
674 610 591 590
5544 5586
4126
4112
6969 4112 4112
4125
816
4144 6792 2443 4437 4144 6691 4437 4420
4112
1531
4144 5281 3148 4144 2331 3845 3846 4144 3053 6986 5286 2727 4144 3846 2362 3845
1738 455
4131 4130 4112
6945
4125 4112
2911 2966
4126
4970
2464
1689 5925
4126 4130 4131 4126 4130 4131 1530
5339 5771 2841 3261 2237 824 782
4126
163
1531
2946 4074
4112 4074
2944 4129
4074
4104 4104
4136 5747 5749 3898 6722 3510
6967 6668
4101 1531
163 4159
5752 4213 3106 3203 3280 3276 6336 2229
4125
4052
1531
1538
1813 2944
5643 6990
3431
4074
4144 6675 6668 2656 4144 6668 1716 6668 4144 6675 4144 2844 3437 2820
454 455
163 1538 1538 4149
4074 4112
4126 4130
4112
1547 3309 2023 6700 3629 4217 4660 4444
4125
4112
4071
2369 3893 3907
1530
2817 1530
4074 1 4074
4112
2944 4137
3952 5929 3952 3659
4126 6184
1530
2983
455 5749
4074 5042 4149 6266 2930 1720 1685 5625
4126
4112
4129
2727 2440 4144 4420
4126
1947
163 1538 163 1538 1538 455
3911 6969
4112
1528 5309 5438 5750
4112
4126 4125
4126 163
4125 2944
4112 4112 4112
4126
4144 5844 3341
1533 6588
4128
4127
2362 4552
4125 4099
4127
5749 641 5925
1530
5801 5801
163
4125
2645
163
4112
4103
1538
1164 4434 600
4126
1531
5941 6971
163
2944 5773 6972 3878 4112 6675
4112
4112
3510 3409
4126 2963
4074 163 2946
4112
4074
500 602 699
4074
1531
6981 2596
1531
4126
4136
4125
4074
891 1394 1394 891 1394 890
2368 3974 2317
4136
4125
3387
6969 3877 3878 3274 3877 4074
3510
1531
4118
2180 4127
4112
2965 6251 5339 2387
4126
4156 1538 163 1538 1538 1538 1538 1538
4112
4126 2951
1738
5644
4126 4126
4898 6972 4144
4125
4126
2317 4144 2886 5844 6345 4144 2362 1758 5309 4144 5844 4144 2322 1547
1531
2480 6313 4862 4144
163
2919 2146
2946
4125 4112
4128
1532
2956
4074 4112 4112 4112
4128 4074
6459 4126 1538
4126 2944
4126
4125 4125 4125 4112
7205
4125
4112 4112
4126
2934
6979 1837
2369
163 163 163
4126
4802 6971 3510 890
4127
4126
2946
4126 4125
4125
4112 1530
4112 4147 3088
4112
454 455 2483 6972 2538 2483 6972
2585 5817
4112
4128
1706 1531
2963 6500 4136
140
163 3268 3269 4074
163
4126
2369
454
4112
1531
4126
4074 2944
4125
1531
1531
2631 855 2211 2216 2631 1743 855 2211 2207 5632
4125
2181 4112
2329 4144 3889 6674 4144 2329 3889
4081
4112
4049
6942 3509
4074
4126 1
4112 4112 4112
5684 5980 2233 6675 3877
1531
4126 4126
2180
4632
1538 163 1538 163 1538
4112
4074
2972
1531 4112
6509 1531
1796
2954
4126
4112 4112
4126
455 1538 163 1538 1538
163 1538
2387
4126 4112
4112
4126
163 1538 163 1538 163 1538 163 1538 163 163 1538
2946
5770 2585 1538
6969
4125
1720 5607 4663
2911 5941 1759
163 1538
4125
4695
163 1119 1020 1074
4135
4091
4104
4144 4222 4303 3049 1836 4662 4144 4304 5475 4144 2727 4144 5475 2727 4144 4663 1836 890 891 4145 4662 3049 1836 4144 890 891 4145
4074
1530
3875 3892
4126
4125
718 838 448
6355 4144 5516 2466 5844 3914 5612 1547
4126
2773 2797 1750 2853 1791 5640
4129
4112
4112
5035 455 454 3352 1709 385
2245 3153 2764 3374 2224 4440
4126
1530
4126
4112 4112 4112
4112
4112
163 1853 5471
4112
4125
4126
1846 4125
4126 6178
4125
163 163
1530
2180 2982
163
163
1915
1531 4112
2852 4899 5845 6341
4126 1530
163 1538 163 1538 163 1538
4125
4125
4074 1846 4074 1846
5624 6325 5752 6336 1795 3203 5959
4074
2956
4125
4136 6447
6969
4126
4144 2727 3376 2842
163 163
1538 1538 1538
163 1538
4112
6012 4136
4128
6969
2796 1547 3298 5827
4131
167 4112 4126
4125
1531
2944
163
4112
4112
1547 3338 3268 2806 6723 2261 6723 5607 2359 3204 4387
4125
4126
4112
4128
163 163
1846
163 620 569 677 545 677 610
4112
1530
4125
163
4125
1530
5530
4074 5867
163
4125
5598
163
4112 4112
1820
4126
4125 4074
2962
5495 6970
4112 1531
4074 1846
2944 4112
1531
454 5941 602 4145
4074
2642 5940 5941 2656 2788
163 1538 163 1538
2180 4112
1538 2773 3510 163 163 1538 163 1538 163 1538 163 1538
3906 4899 2369
6971 2851 3060 6969 2775 3050 3273 6971 6347 3276 4383
2180
5392
2944 6344 6311 2823 3606 3889 4249 4246
5808 1707
2956
2180
4074
4126
2826 4731
1922 2387 1855
4112 4112
4125 1530
4074
