1538 1538
721 1738
4104 4104
2946
2528 2458
5625 2230 3306 5848 6723 3309
2368
4126
4125
2946
4099 3819 4112
4112
4125
4750
163
2975 2946 4126
4126
4074
4112
2968
4126
2914 2903 6666
4112
4074 4074
4112
4074
163 4112 163 163 1538
4112
2912 4136 5269 2911 2922
1785 2756
2368
2947
2946 4112 4125 4112
2368
4112
163 163 1538 163 1538
6971 5940
1538
4112
6985 6294 6988
2139 2975
4125 4112
4126
5461
1853
5530 1743 5625 1703 6850
4136
4750
4099 4099
163 163
4112
4126
4112
6163 4126 4112
3410
608 709 682
4126
4127
3338 2317 1987 3675 4263
1791 5522
431 890
667 720 650
163
4126 2946
6336 2773 5625
4099
2946
4112
2968 4126 4112
4136
4112
4112
163 1538 163 1538 1538 163 1538 1538 163 163
5865
4112
4101
4112 2363
3869
4126 4112 2975 4112
4126
4126
2950
4112
2368
4112
4125
4125 4125
838 1538 720 1166
4137 1703 6299
2582 4539
291
4112
1538 163 1538 4112 163 1538 163 1538
4125 4112
1538
4132
4074 4112 2369
1532
4136 4126 4125 4112
2368 4126
4132 4132 4112 1697 4103 4126
4136
4112 6970 5747
7166 7167
2930
4126
3876
1697 1622 2024 650 1858 700 721 6004 1532
163
4125
2968
4112
285 2947 4074 2134
2946
285
4136
4125
4125 2914
1801
4126
4137
4112 2945
2946 4126
4112
4065
4129 2975
1538
289
203 4074
4112
2968
163 163 1538 1532
163 1538 163 1538 163 1538
4125
4126
1697 3426 2262 5952 5752 3270
2368
2975
4126
5917 5623
2975 4112
163 163 163 163
2946
2369
4074
4112
4112
4125
1745 1750
4074
2368 4074
4126
4104
4112
4126 4125
6536 4125 6710
5625
163 2368 4112
4112
1699
4126
2946
2776 6396 5287 2387 3338 6137 1533
163 163 1538 163 1538
4126
4126
4129
4112
4126 6535
4112
2368
4696
4112
2946
4126 4112
4099
3030 2369 2440
4126 3274 3275
4125
4112
4074 2977 2975
4126
4074
1538
4125
1248 431 2374 2985 1836
4112
2968 4112
163
4126
4125
4112
171
2946
2914
4125 4112 4125
4112 2946
2362
57 188
2946
6712
4112
1987 2806 2807 2368 1076 1077 3030 6970 2646 717 2320 431
4112
163
4125
2363 4125 4750
1538 1538 1538 1538 1538 1538 1538 1538
4112
4128
4126
1538
4112
4125
2945 4112
1812 1797 6709 1807 1797
4112 8
1853
2975 2943 2945
2968 1699
4104 5625 6796
4112
4127
4125
163 1538 4112
4112
4125 4112 1705
4074 2946
2946
4126 4112
6297
4125
2975 2368
4125
6014 1703 5470 1785
4112 4750 2946
6325 6332
4112 1703 2317 4380 5530
2863 6723 2723 3961
13 2911 4081
1533 6043
4125
1178 1771 431 1228
4136
4126
4112 4112 4112
163
4126
5938 5754 5530
4074
4125
2968 3510 2833 2578 3021 2855
1738 452
2369
4136 165 390 2180 1826
4131 4099
2608
686 720 1853 552 620
163 1538 163 1538 163 1538
4126
4126
4112
5339 3881 1547 6723 5481 2832
4125
2968
4074
2368
1
1378 431 1135
4112
2946 2949 2946
4112 1846 4112
5623
2945
6535 4125
4112
2139 6713 4632 4112 4112 2672 2971
4112
4112
4112 4127
2975 4112
4136
1692
2968
4074
2945
2947
4125
4112 6
2946 2946 4125
4112
4107
3117 3040 3163
4126
2001
5772 5772 5772
3341 2366 2367 2754 4509
4112
2968 4112 4883 4880
4074
4806
4112
4112 4112 4112
2977 4112 2975
4112
4112
2946 1531
2368
1846
1760 5398 1836 6674 5975 2778 2369 4112 3437 2645 5606 2343 3309
1672 699 1855
4126
4074
2181 2139
2976
4125 4112
3559 392 2863 2682 3062 3463 2374 3650 3265 3560 2326 4215 5740 3906 5741 4525 5413 2682 4212 4525 4282 3560 3882 4218 3264 3650 4218 5229 2682 3558 2326 3560 4716 3650 392 1547 2210 1784 5496 3463 1791 4525 3195 6969 3265
4112
4750 2956
4112 2975
2369
163
6183 4126
2956 4112
2968
1825 2210 389
6289 1738 6251 1825 389 1531 2975 1825 2977 389 1797
2134 4126
4112
4126 4632
4112
4125 4112
163 163
4101
5827 5925
163
2977 2975
1671 1670 2945
4137
5754 4112
4125
4127
4125
4125 4125
170
4112
1930
4104
1234 1409 1244
4126 1697 4533 2536
4126
6357 2767
2368
4125
4126 4112
25
2284
6713 4126 2946
4125 4130
6828
2949
163
2368
3608
4112 4136
163
1538 163 1538 1538 1538
285
4125
1832 1820 1708
2947
4125
4126 4112
5349 5348 5496
2956
4112
4101
4125
4125 4125
1685
4112
1202
4112
4112
163
4131 4131 4131 4131 4131 4131
3273 2240 4087 4444 5531
4112
163 163
203
4125
4137
2368
4112 1738
4074 2948
4126
4112 2363 4126
4126
1991
6157 4125 2946
2368
4126 2945
5623
1474 1523 1500 1510 1467
4112
4104
4125 6178
721 1862
4125
1912 2584 5532
4126
2134 2134
2948
2946 4081 4125
4126
4126 4112
6535 4125
1692 5845 2209
4126
4127
163 163
4125 5607 2855
4126
2319 3960 2282 4533 3309 6392 3643 5995 1532
2252 5633 2139
4112
163
4126
4060
2946 2956
1726 6336
3869
2853
4125
4125
6336 2214
4112 24
2968
4112
163
4074
4125
2975
2946
4126
1538 1538 163 163 1538 1538 163 163 1538 1538 1538 1538 163 1538 1538 1532
4112
2656 1712 6306 5941 5631 212
4112 2934
2965
2947
4126
4112 4112
269 6356
4127
4074
5929 2825
2945
4136
4074
4125 4125
4126 2956
4126 2946
4101 4112
4112
5754 2548
4125
5625
4125
2968
4112
4125
4112
1824
1846
3024 6424 2762
2975
4112
6015 5470 1707 1703 5631
4136 6164
2975 6894 2977
2946
2368
4074
1
721 4420
4126
4112
4125
4112
2683 2968
4112
2946 4112
6241 6244
2461 2524 1703
2754 3408 2954 2946 4125 4125 4125
4112
2968
4112
2968
4112 2363 4112
4104 4104
163
4112
4125
4099 163
2968
1696 2769 2369 5297 5875 3268 385
3898 2368 1760 5828 1547 5326 5471 2237 4112
4125 2968
4112
5471 5634 5839 1704
4750
4125
2947 4074 2977
1846
4126
2930 2946
4126
4126
4130 204
4126 4112
1622 1862
2946
2983
4126
2946
2968
2180
1821 5623 5754
2833
6722 2946 3876
2946
4112
2368
163 1538 163 1538 1538 4112 163 1538 163 1538 1538 163 1538
163 1538 163
2919
2368
1664
4126 2134
4112
2329
4126 4112
5740 5827
2968 4112
2368
4112
4750 4125
2946
4558 6949 4126 6447 4126
2139
4125 4125 4112
1547 4908 5929 2857 5339 6336
500 699 649 1738
4137 4112 4880
5607
6068 4125
2975 2977
3706 4112
4750
28
4112 4112 4112
2968
1738 2363 1871
4112
18 130 117
6977 1850 6972 6972 6388
163 1538 1538 1538 163 1538 4112
4125
4112 4126
4112
4112
170
1846
2368
4638
6210
4112
4104
4112 2368
4126
4129 2946
4136
2975 2977
4125
4112
4132
1682
1799
204
4112
2946
4074 4112
163 1538
2913
3509 2632
2368
4136 6445 4112 1531 2547
2565
4112
4125 2565
2945 2368 4125
4638 2901 4136 2296 2946
2368 4274
6892 2952 2946
2368 57
3377 3267
2930 4112
3625
5623 5625 5631 1703 4112
6855 2329 2236 4663 6361
4112
2368
4580 4359 1751 4585 4586
2956
4125
280
2947
4136
4112
4112
4087 4112
4112
286
3821
4126
4112
4126
2968
4126
163 163 1538
4136 2946
2368
2946
2362
4126
4125
2458 3269 3878
5631 2948
6796 2827 2366
4126 2911 2185
1531
4112
1394 431 1381
7166 7161 7155
2180
4126
1790 2466 6013
163
2368
5795 3560 3274
4058
4126 2369
3771 3405 4112 3545 5772 3772 3908 4112
163 163 163 163 163 163
2634 2832 2628 3876 3650
4112
64
5844
2945
163
1697 1707 6238
2369
228 4112 63
4112
4112
811 824 755
4125
4126
6709 4136
163 1538 1538 1538 163 1538 1538 1538 649 1538 163 1538
163
4125
4125
4112
4136
2968 4112
1533 5287
4750
4103
4112
4112
2210 2769 480 1760 5844
6729 2601
4112
4112
1533
4112 4125
5929 3259 2754
1538
2180 1757 4112
4112
5625
228 228 228 228 228 228 228
4074 2946
4125
2947
4126
2975
709 1695 5839 602 688
4112 4125
4112 4112 4112
61
3510
2968 4125
6587 1533
4112
2368
4104
4112
2180 4137
4084
4112 2968 2297 5664
4126 1538 4112
4126 4125
4112
4136
6238
4112 1791 6723 5623 5530
4125
2459 5532 1800
4112 1668 1797
1699
163 163
4112
4132 4074
5844 5336 3298 5976 1731 1547 5793 2362 3420
4126
4074
4127
2368
4125
196
4126
5496 1791
4112
4125
4074 4049
4130 4099
3876 5623 6012 263 2754 2216 3269 2853 263
4112
2968 4126
4074 4074
4074
4074
4074 2946 4126
4112
4126 1703 1912 1704 4112
4112
4112
5052
4126
4129
4126 4074
4125
4074 3
163 4126
3922 3260
201
4112
4125
1697 1698 4112 2946
4126
4112
163 1538
4112
4112
5335 3261
1807 1797
4126
2946
4125
4126
4112
4125
2947
4112
4126 4112
4112 2644 2853
2975
4125
2216 5941
1538
2641 6012 5920
2807 6346
4112
4112
4750
4126 4126
4125
4112
5842 1829 6369 1821
4112
4126
4126
4112
15
4130 4131
4125
1538
4070
2180 4074 4112
4112
4311 5745 4353 6396 2369 6395 3365
4112
2368
221
2946
4125
4112
4112
4126 233 4112 233
5640 2975 2977 5640
4128
1759 4126 6178 1759 3877 1759 3878 3306 2977 2975
4126
4126
4126
1533 1748 3117
4112
4126
61
3644 2362 1547 3543 2088 3347 3437
4126 2946
4125
5867 4074
4126
1538 1538 1538 4112 1538 1538 1538
1853 527 699 505 1855 699
4074
4112
1915 6264 3517 6259 6243 6263 3517
2968
4132
4074
4112 2975 4126
4136 4112
4129
4112
163
4125 4112
106
4112
6178 4125
4131 4131
1533 6513 2483 2249 1760
3625
2483 2578
4112 2826
2975
5634 970 431 1120 1091 4126 4125
3625
408
4112
4112
4103
4126
4112 4112
1825 2368 389
4126
4125
4127
5631 1707 5625 1785
5524 1820
4121
4136 4750 4112
2368 2975
4112
4125
2320 5281 2368 5634 1738
4087 4087
3427 3898 2366
3856
2968 4112 2317 4439 4112
6447 4126 4112
4126 5530
4126 6178
163
2820
3188 3191
2134 4126
4112 4112 4112
1538
891 431 3510 1500 1466 1474 431 1520
4127
2946
891 431 1738
163
2825 2775 1547 3269 3510
4125
4126
2968
4127
4126
4125
4125
2968
163
1538 1538 1538
4074
4126
4126
4112
4125
2946
163
204 57 228 57
4125
4129 4129 2946
4112 2945
4125
4112
4112
4126 4112
2947
4128
6259
4112
60
4126
2946
2578 6796
4112
4129
4074
5561
1946
2368
395 666 677
4074 4112
4126
7364
5951 1760
6729 295
1998 1998 2000 2001 1998
1
4061
4125 6175 4099
4112 4125
4750
608
4126 4126 2220 1703 2641 3510
5631 5625 1707
2946 4112
4126 2922
4074
4126
6969 6970 5625
4112 4136
4132
6249
4125 4112
4125
4125 2975
4125 2975 2977
3753 5752
2954
1533 2882
4750
3374 2325 2322 1547 2446 3737
4112
163
2368 4125
2977 2975
3510
5531 5530 1743
1538 1538 4112 4126 6178 1538 4149 4112
5531 4181 2946 5844 2249
2459
4129
4127
2414 2414
4074
3882 1795 4218 3882
285
4638 4815 3829 2922 4136 2946 4136
3509 6388 3922 2946 3268
4112
1776
4126 2946
6388 6013
2368
4125
4136
2946
4126 1685 1687 2451 1912
2139 1767
4112
4112
4126
4136 4694
4125 2968
3004 2635 5764
4126
2180 24
4126 4131 2946
163 163
163
4136
4136
4074
2369
4112
4126
4112
4125
4125
4112 2946
4126
4112
4078
2756 5752 5619 4112 5171 1862 2368 1622
4136 4112
4112
4750
2265 2265 2855 1746 3341 3433
2975 4274
1119 1391 1092
4112
4074
4112
4126
6207
269 6356
2368
4125 6176 4112 2368
4112 2635 2645 5531 4112
4126
4112
4127
4126
1162 1063
4112 4112 4112 4112
4125 4130
4126
5623 5464 5754 6796
2543 2469 2968 1526 2509 2509
721 1622 1534 5632 4112
2946 4112
163 4126
4128
2968 2363
4750
2640 2834 2773 1704 6662 2578 2797 5630 1820 3881
1846 4104
1846
2946
4132
4126
163
1538 163 1538 163 1538 163 1538
163
2946 4112 4750
5607 3320 3259 3306 4663 3878 3877 4223 5607 3264 4112
4126 2945
2977 2975 1532
3
4126
4112
2229 3276 3320 6322 4112 2946
6703 4065
4103 4103
4129
4090 2975 2977 4112 4125
4125 4112
4125
4129
2946
4112
163
4112
4112 2382 2375 2367
4112 505 686 682 602 502 3509 1853
2975
2968 2369
163
2765 4994 2524 2419 1698 2374
2216 5941
4074
4136 4112
1622 721 1862
163
4112 5907 4112
709 674 264 654 610
1538 4112
2369 6796
4120 4120
4112
4127
4126 2945
6258 2966 2965 4126
4125
2180
163
4126
1538
2899 4112 3815 2368
6262 6266
4112
4126
2968
2465 2946
4112
4136
1997
2369
2976
2946
4126 4112
2180
4112
163
2968
4112
2968
4125 6178
3334 4717 2362
4112 5929
4125
4136 2139
2975 2949
4125
4112
4125
163
4112
2968
2977 2975
2946
4126
2946
2369 2904
5754
1703 1751 1750
3922 3898 2369 4067
2363
2368
5625 2634
6971 5470 1855 6969
4125
2946
1615 2368 1738 2366
4112 1685 3852 1784
1947
5332 2835
4099
394 6729 1474 1378 1094
3836
4126
4126
4126
163 163
5952 1533
4112 4112 4112 4112 4112 4112 4112 4112 4112 4112
4112
2965
2250 2214
2946
2968 4112
1912 5631 6346 2968
2949 4112
6800 5117
1738 1669 4074 2975 2977
4112 2968
4125 4099
4112
163
4126
6691 1795 5929 4112
2947 4125
2368 4112 5592
4112
2947 2975 5995 2977 4125
4125
4125 4112
4112
4112 1743 5625 1707
2139
163 163
163 1538 163
4112
4144 4883 4322
4112 4750 4112
4125
1531
500 479 699 699 602 500
4126 4112 4112 4112 4112 1683 2362
4126
2946 4126
5622 2975
3509 5140 839 3899 5004
4125
2975
6931 6845 5489
4112
4112
4112
4081 4125
1684 5941 1846
4126
4084 4112
4074
2977 2975 4112 2958
163
4126
2369 5925
4126
4112
4074
2968
2603
3705
2968
2946 2139
2928 4126 4126 4112
4112
408 4137 4112 1706 1716 6014
4126
4112
1531
1073 4440 1547 2764 2220 4112
285
2975 5623 4149
4126
2930
4126
4126 4112
4112 608 691 720
4112
4129
3882 3881 1547 5632 2366
7251 1716 3120 4882 1531 2019 2946
163 1538 163 1538
4112 4125
163
4125
4112 4125 5994
4074 4126 4112 2968
2946
4125
4074
4127
4126
1937
163 163 163
4112
4104
4127
2759 3640 2646 3144 3134 3265 6323 6990 5607 3133 6961 6323 2646 3067 6346 5607 5752 3030 4112 5488 3160 3373 2440 1695 3147 6961 6325 4280 5607 4730 3090 4281 2631 5488 3134 4112
4112
4125 4112
4112
1538 163 1538 1538 2369 1538
163 163 1538 2369 163 1538
5925 4125
4112
4112 1538
1538
4069
2180
4112
4126
4125
4125
4104 1665
4126
855
4112 20
4112 4112 2946
4126
4280 5607
2946
163
4128 2708
4112 2368 4126
57 57
3922 3881 3882 2807
1997
2968
4112 4125
4126
4136 2946
4125 4125 5661
3
4112
4125
2362 2440 4223 4223 2440 5328
171
4126
2945
4112
1538 1538 163
2945
4112
4074 4112 2946 4112
4125
4112
2946
2946 4074
1090 1162 1110 1120 431
4127
4136
2209 5941
4126
5969 2249 3297 3268 2326
1538 1538
4126
4136
4074
4126 4112
1532 3376 4880 4617
2851 6855 2754 2851
2368
2945
163 163 163
4126
2967 2966 2899 2965
4112
2368
1826 390
4136 4126 4112 4136
2756 2640 1707 6800
4112 4126
1890 1740 1622
1407 1239 1242 1236
4125 4124
4065
5754 5631 5625 5623
6368
163
163 1538 4112 4149
2317 2756 2220 6307 1785 650 2211 3371 3736 1547 2362 6307 2214 4112 4112
2902
4127
4126 2966 1797 6325 2855
4112
4112
4074 4074
4126 4112
405
4127
4126 6069 2946 4112
4127 5531 7119 6367
4112
6850
4126
4132
1538 1538 1855 2756 1538 1538 1538 1538 1538
154
1746 1748 4126 1746
4126
4126
4112 4125 6176
1855 2797
408
4073
4125
4126
4112 4125
163
4112 2369
1862 1622 721
648 699 500 1738
2975 2975
4125
4112 3625
1767 1706 1717
4126
1912 1912
4125
6176 4125
163 1532 163
163 1538
4125
4127
4112 2368
4112
2968
4112 4112
2946 2976 4125
4125
2945
2369 4908 3347
4112
4125 4112
3
2578
4125 4112 163
1 1
4310
163 163 1538
2368
4127
4112
3869 5496
4127 2633 26
4112
2368
4074 4112
4126
4136 6183
2956
4125
4112
891 1394
2946
228
4112
3194 4409 5795 2445 5398 1547
2139
4126
1538
2895
163
1931
4136
4126
163
4638 4136 4112 6875 4126 6447
4112
4125
4125
4126
5929 4396 2767 4126
4125 4112 6969
4112
4125 2968 4112
4112
4112
163
4126
4125
4126
4132
4125 2968
4112 2369
4125
5530 5464 5754
2968 4127
2368
2977 2975 6175 4125
1776 1703
4125
4112
4112
4127
3177 2754 3292
4126 2139 2927
4112
4125
4126
2946
6175 4125 4112
4126
2210 2947
2975
2968
4126
3882 2440 4664 2946 4304
6796 6243 5754 4112 1683
4112
4129 4112
2946 4125
2853 2650
163
2968 2968 2368
4112
2975
163 163 1538
3692 2797 2797
1697
170
170 4136
4112
285
6013 2745 2749 5297
4112
163 163 163 163
4112
4131
163
4112 6357 1707 2299
4112 4126
4112
4714 4663 1716 5975 6972 2374 3316
2946
1538 1538 1538
395 674
866
4126 2956
2968
4125
2369 3510
5855
4136 4422 3408
6987 3520
4125 2946 1760 2538 4112
2946
4877 6731 2029
4115
4125
721 2797
4112
2368 4112 4112 4112 4112
4125
1707
4126 4112
1797 699 601
4126 6525
1
4126
24
4112
3270 4222 4217 3898
4112
4074
2975 4112
4126
4112
2968
4112 2946 4074
2368 4112
4112 4074 4112
4112
4126 4112 2899
649 1615 507 676
2975 2977 1992 2368
4112
4112
4125 4112
4112 2833 1912
4125 4112 2968 1729 1795 13
4125
4112
4112
4126
2363
5479
1750 4112 3106
2947 4112
163 163
2948 2949 2946
4119
4125 2968 4074
4125
4126 2180
3551
4125
4128
2139
4112 4112
2368
720 610 699
4137
5631
4112 2977 2975
4126
10 2968 2927 2139
4125 2968
3498
4112 3268 5470
6985
4125 6183 4112
2946
4112
1772
3881 263 1988 1538
1843
2975
4112
4112
3517
2368
4112
6356 269 5113
163
4136
2968
4125
1162 1120 1047 431 1388 1091 1162 431 1119 1389 4112
2368
4125
4136
3436 1862 2643 1547
1697 1855 720 674 4112
4263 3876 5607 263
4112
431 4145 890
163 163
4125
2369 4125
6346 5532 4112
4112
4144 1987 1698 1751
2945
1531 6068 2369
4126 4126
1391 1073 1128 4145 4914
4127
4098 4074
2946
4126
1135 1379 4145 1379 4145 1135 1378
2968
2946
163
4126
4127 4112
163 163 1538
4112 4112
2946
4112 4125
163 163
4127 4125 4112
6266 4112 5754 1745 6850
4112
4126
4127
2363
5806 5395
2631 5632 1820
2968 4125 4130 2909
4112 2930
163
1622 3510
4112 4074 2180
4112 2180 2946
4127
3753 5952 4885 2224
6336
4126
4112
1795 2954
2946
4126
2968
163
4439 263 4420 4420 4439 263 4525 263 4439 4439 5847 263 5745 4112 263 2759 4439 4420 2759 4420 263 4439 2236 4420 263 4439 4439 263 2236 4439 5326 5847 263 5745 263
2797 1531
2368
2369
4112
4104
2930
2945
4125 4112
2368
2369
4074
2966 3509
4144 5640 2088 4145 1135 891 1393
3405 3915 2631
4112
4125
2946
4112
4125
2968
4126
2946
4112
4125
2946
4126 2975
2968
4750
4126 2368 6454
4126
720 1855 676 4112
6382 5471
4112
5994 4126 2947
5801 5805 5805
2946 4126
6705 2975 2139 2815 4125
231 231 233 231
4112
4112
2946 4112
4112
4750
4074
4125 4112
4125 6185
163
5852 2481 2466 341
4065 4074 3510 6341
4112
4112
4750
4136 4112
4126
4126
1797 6722 1795 6722 3379 4291 3380
5450
4112
4104
2946 2968 4112
4115 4126
2946 2946
3172 6254 3270 5826 2833
4125 2946
4125 4074 4112
4074
1742 6247
3859 6388
4112
5827 3404
4126
4112
4112
4149 5524 1703 6796 5623
163
4112
5215 3613
4112
2279 2369
2368 1538 163 1538 1538 1538 163 1538 1538 1538 1538 1538
163
4126 4125
2362
4104 4112
3275 3881 3404
2946 5607 4899
4112
4125
163
2947
2947
2968
7103 5845 6969
6207 6259 6867
2817 3423 263 163 263 4420 163 263 2396 3649 2817
2705 2930
1538 1538
2968
1378 431
2368
2975 2977
1531 6723 3639
104 104
4126 4112
2913 5754 1846
3340 6284 2797 3269 3622 3875 3898
4112 4125
4112
4074
431 1073 1074 1152 1037
4112
1133 1072 927 954 1063 1120 1391 1388
4112 4112 4112 4750
6259
4112
4112
2947
2368
5929 4070 5867
4112 4112
4112
1669 1862
4126 6444
67
4137
4126
4126
2284 3558
4125 4099 4112
4112
2946
4126
2211
4750
4490
4112
5631 1707
163 1538
4112
3432
1381 1533 1394
4112 2930 4112
2368
4075
4125 3869
2908
4130
4112
4112
4125
1997
3878 384 1681
2180
4125
4112
2968
2369 4076
163
2139 2946
1538
4112
6343 3437 263 2851 3437 263 5827 6336 3437 263
163
163
2914
3510
502 688 608
4112
4112
6659 3517
6894 2946 4126 4112
2368
1846 4112
1967
3772 4908 5744 3923 2024
1622 2369 6341
2965
4112
5532 1912
163
4125
57 4074 57 57 63 57 4074 57 57
4132
2368
4127 4112
2764 3875 4112
4126
4112
2975 2977
4125
4125
4112 6336 2825
4125
4469
1796 1715 1912
5827 3059 5925
2975
6973
4112
2368
1997
2369 1991 3209 4770 1705 6901 1547 7092 4789 3278
163
4137 2968
2901
1531 4303 3269 2640
1 2730 2596
3838
4125
1531 3274 1758 5941 3307
4125 2362 2180
4125
4074
4126 4112
2968
4126
5143
4126
4125
4112
6185 4126
2461 2528
2368 5294 5293 2369 5294
1533
4112 4125
3545 419 3510 3324 4030 1912 2860 2565 2885 3343 3177 3510 2565 1531 4266
4125 2968 1538
2912 5754
1785 5464 5631 1707 5451
4125 2139 13
4112
3501 4081 2946 2948 2946 2975 2947 2946 2946
6723 4144 2214 2797 6723 4144 6369 2214 2797 2797 6723 2249 6372 6369 4144 3669 6369 263 5607 6723 263 6369 3670
3880 263 3877
4112
6346 5532 2968
4112
3910 417
6049 2139 4125
163
2946 2968
4136
4112 4126
4137 6178 2946 2139 2946
890 888 1388 1123
700 630 610 1164 709 607 1853 701 1164 620
4112 4126
4112
4125
2265
4112
171
4074
163 1538 600 1772
6013 2362
4112 4129
6969 6969 6969 6969 3509 6969 6969 6969 6969 6969 6969 6969 4652
1538 1538 163 1538 163 2368 1538 1532 4149 163 1538 1538
163
2968
4126
3071 3254 3133
4125
5743 3207
4126 4125
2368 2968
2947 1538
891 1394
4126
4112
163 1538 1538 163 1538 163 1538 163 1538
4126 1912 5839 1691 1801
221
1531
4125
3278 3276
4126 4112
1915
4112
4112
163
4132
4074
163 1538 4112 163 1538 163 1538 163 163 1538 1538 163 1538
2362
4112
431
2946 4128
163
4914
2968 2368
3638 3260 3638 263 4216 3921 263 3638 3260 3928 3650 263
4125
4218 263 4654
163 1538 163 1538 4149 1532 163 1538
4112
1785 5625 5470
2946
4112
2409
4125 4112
4126 6722 3881
3874 5844 2853 2229 2237 5629 3874 6723
1452
3625
5634 1790 2540
4112
2968
5801
3261 263 1547
4136 2975 5752 4136 1708 1807 2975 4638 5752
1622 5920 721 676 600
5765 6971 5829
5640 5640 4126
4112
1915
2968
163
1740 1622 721 6178 4126 452 1740 452 1740 721
1743 2975 5839 2484
2949
4136
1532 395 1622 4218 5829 3274
4125 4130
4126
2459 6404 5530
2368
2538 2946 5531
4128
1622 721 5999 1533
4112
4112
2368
1532
4131
152 4129
4074 4127
4132
4125
4058
4126
5625 2250
604 686 2764 500 6792 3259 3994 350 6012 3260 2583 2203
4877
5470 6299 2946
4100
4126 2975
4125
4103
2139
2481
4112
1533 6111
4131
4112 2369
5607 1547 2249 6722 3559
4750
4126
2754 5495
4126
4112
6850 5839 1776 6231
4131
4112
163
5999 1532
4125
4132
2946
2754 3878 263 5607 4264 2369
163 163
4112
4125
431 1378 3324 2202
4125
2966 1912
4112
3509 5215
2134 4749
4126
3409 6371
4125
6800 1708
2363 4125
2369
4126
2946 2139
4126
1532 1538
4125
4112 2968 4126
4112 2968 5623 5631 1707 5625
4126 4125 2855 2645
4112
3373 6969 3324
2267
3408 2466 2631 4112
4099
1615 1855 551 674 1738 700
3267 2797
4468 4493 5496 6969
4074 4074
1682 4136
4125
3510 3371 2820
1 1 2493 1 1
4098
3463 392 1825 389 1825 389 3463 392 385 1696 387 1722 1825 389 1722 387 1825 389
4125
4112
2946 4112
3893 4303 5796 3269
4074
4126 4125 5723 6273
163
163 2284 277 3717 4439 163 2397 277 2394 607 649 689 1672 2394 277 3737 5344 2394 3737 3639 2284 2394 269 3717 163 2394 1547 3737 277 2284 163 2394 3737 2282 607 1672 689
2483 2946
4126
1173 1212
4128
6972
4074
163
610 700 502
4112
163
163 1538 1538 163 1538 163 1538 4112 1538 163 1538
3203
2611
5772 1698 3298
1531 2369
4125
2946
2225 269
1240 1235 1239 1406 5005 3647 1234 2466 2319
4125
5607
2947 2139 2368
6963
4112 4112
1538 163 1538 163 1538
2930
163
4126
4112
4125
4125
4074 4074 2368 4074 4074
4101
163 1538 1855 1772
2368
3436 3049 2643 3643 263 3437 263
163
1937
2368
4112 2369
3625
2946
26 2681
4074 2320
2968
4061
4112
6346 4913
4112
2368
5561
4126 4125 171
163
163
4126
4074
4125
2975 2976
4128
4145 1903 1862
4126
333 330 6409 4631 6336 5844 1547 2220 3404 5592 5463 5644 5845 2363 6346 4218 2828 3036 2225 6408 2827 2224 6384 3175
2368 1538
4125
4074 4074
3894 4223
4132
4125
2023 1912 4112 2025 4126
3898 2240 1394 2369 3275 3639
4112
4126
4125 4112
5428 1319
163 163 163 163 4104
5623 5754
5826
4126
4087 2368
4112
1047 1093
6175 4125 4112
2946
2977 2975
717 6369 2287 6734 423 1975
4125
4115 4115 4115
4112
7379 3344 2367 4619 3548
2968
2946 2440 4303 1547 5977 5929 5929
2470 2475
4125 6969
2396 3906 3875 2762 3269
4127 4130 4135
4074
4125
4126 4274
4126
4075
1738 2362 3622 4420 1615 682 5339 608 5793
4074
2968
2946 2546 3833
4126
204 4074 204 63 204
4125
2368
4131 4131
4125
4068
1731
4112
1855 688 500
4126
1796 5517
1130 1400 1011 1077 2947 6897 1011 1012 1400 1014
4112
3274
163
4112 4112 4112 4750
163
4670 4667 3959 2369
4112 3338 2326 3877 6855 2317 5623 2368
4126
2440 3696 2130 3647 2130 3376 2440 3376 2130 2440 3321 3324 6359 3647
2946
2946 4112
1738 721 4074 6068 4125 452 1862
4125
4125
4125 6178
6356 269
3405
4125
5524 4539
2368
4125 2975 4112
2968
4112
2946
4126 6634 4112
2946 4126
4112
4125 4099
4126
4112
2968
2975
4112
5754 5754 5754 5754 5754 1931 1931 1931 1931 1931 1931 1931
2368
4125
2968
4126 4112
4126
2180 4112
4112
4074 5754 1665 3625
6722 2578
3839 5514 4112
4112 4125
4112
6394 6404
2975 1737
4074
2946
2975
4112
2968
4112 4061
4074
4112
6294
5278 2578
4125
1387 1076 4145 1077
860
2968
2977 4126 6178 2975
2975 2976
4125
6796 1685 2756 4112 5623
4126 4130 4112 2369
654 2369
2461 6972
4112
1538 6337
6297 6012
4125
4136
4112
163
4126
6968 5517 5496 1797
5469 5645
2968
2180 6241 2387 4112 2777 610
2368
4112
4112
5619 1685
4112
4126
4125 4130 4135 4112
2968
4125
4126 2975
2267 4112
1912 5532
4112 4074
4126
2901 2899
2975
2946
4112
2968
2368
5875 6402 563 6382 1858 5875 1858 6402 5875 1858 4527 1858 5875 1858 2211 6382 5875 5640 1858 1858 1858 1858 1858 1858 5875 1858 1858 1858 1858 395 1858 2839 5664
2367 6326 608 3642 4181
4112 4112
4750
6175 4125
4112
4125 4112
2326 5929 497 1855 3559 3962 4112 620 610 709
4112
2946 4112
4125
4136
4694 2755 3517
2968 2211 1704
4112
2975
4126
4112
2946
2946 4074
4136 4112
2977 2975
4067 4112
4126
5113
4444 2826
4126 4692
4136
900 1073 1111 1077
2635 1732 5839
3221 3224 3219
4125
25 23 1726 3509
4125
4074
4125
163
2927
607 5633 608
4126
4126 4125
4127
6337
4112
2914 2975
4125
1531 431
3959 3952 3892 2387 1703
4112 4112
1162 926 431 1673
4112
4125 4112
4125 4112
431 1394 3875 3647 2216 3278 3646
4125
4125
2369
4125
163 163 1538 1538 1855 163 1538
5819
1396
4112
6201 6201
4112
163
4541 4271
1715 2536 2466
4126
1829 6849
4127
4136
5624 5827 6251 5496 1743 5607 6313
6402 2643 2826
4125
4131
1799
4112
4750 4750 1752 4112 4126 4125
4125 2368
2946
1378 891 431
4125 4099 2945
4101
4125 4112
891 431 3264 3510 3264
4126
4112
4112
1695
4112
4112 4112
4112
2946
4126
6336 2644 2755
4125 2565
4126
4191 2946 2946
4074
4125
720 650 682 3639
5793 1046 2225 2369
4125
2956
4136
4127 4112
2975
4112 4126
4112
228
4125
4112 5625
4125
4112
2976 2946
5792 3269 3270 3509 4883
4126 6528
1531 6037
2946
2538 2368 2524
4112
4112 6701
4112 2946
4127 2369
2368
5941 5470 5904 6306 5638 6971 5941 3324 2946 3324
2945
5827 5829
4126
2851 6017
2975
4126
2945
4132
4125
4112
4112 1532 4125
4074
4112
4438 1751
4126
163 1538 163 1538 163 1538 163 1538
3008 3082 6792 2946
1046
4126
6669 4074 2947
3625 4112
2946 4136
4074
3625
4145 970 1119 431 1479 1091 3270 4144 2284 2263 4145 1091 970 431 1119 1391 4144 3269 3298 2263 4144 2853 3270 3873 4144 3270 431 970 1119 1391 4145 1089 3875 3269 4144
1391 1076 1111
4126
3874 5607 3459 393 2975
1868 1853 1858
2975 2977
4112
4112
6525 4126
4126
4112
4112
2365
4112
4126
4126
1538
2776
4145 431 1010 1135
5591
4112
4130 4132 4132 4130 4130 4132
4127
4539 1776
4125
3625
4127
3510 3261 6385 3510 6385 1547 3888 263 2281 5325 6385 2362 5746 3889 263
4112
1073 1391 1124
4136
3800
2947
2369
1776 2797
1692 4218 6341 6722 4112
890 4112 1399 1394
4126
5581 4877
4126
4136
4112 4149
163
891 1378 1147 263 3876 2440 1147 891 1378 263 5811 3269 891 264 1147 1378 3060 5850 3716 163 3137 2398 3737 1791 277 263 3716 3137 2398 3001 1547 5840 3261 277 1547 3261 1547 5840 277
4129
263 6359 2997 607 688 555 1738 263 1547 6299 5752 263 2362 3024
3509 2578
4136
4125 3877 2369
2934
2975 1717
2975 4074
4112
4126
6261 6267
5623 2797 3878 2754 4144
5626 1729 5529
2721
4112
4126
4126 6175
5941 263 6723 2641 2245 1547 1547 6723 2641 2230 263 5941 6723 2230 1547 5941 2641 5941 2641 2236 6723 1547 5941 2641 2245 1547 6723 263 2641 5941 1547 6723 163 1547 263 2641 2236 6723 5941
4112
3510 2180 4112
2968
1683 6240 5754 6796
891 1147 263 607 721 1858 1868 263 2249 6346 5918 2249 4420 263 891 1399 263 4420 3876 2249 264 4420
163
2946
4126
4112
163 1538
4112 4125
4129
2946 4074
3204 3274 3509 4713 3265 2381
4125
5683
4126
610 1738 676 1164
2587
2225 5827 4387
4112
4125
3209 2325
4112
4439 263 3318 263 5284 3437
2134
2975
4074
1531
4126
2975 4136 2947
24
4125
2140 2946
3437 6986 263 3915 2884 263 263 6320 3943 3437 2651 2778 2643 263 5485 263 5482 5481 2643 5485 263 2651 5485 263 3943 6668 2224 263 263 6410 2826 263 6729 6410 2839 2797 263 2225 3437 1547 263 2643 263 3261 5475 6668 4631 263 2759
6326 2326
2362 5929
4125 4099
4112
4049 4125
2366 6541 1547 3268 2797 1532
6372 1795 10
4112
4112
4136
4125 4112
163
163
57
4125
4074
4127
4074 2946
4078
4112
4112
4530 2826 2828
163
4126
5625 4112
4126 6528 6528 4112 6528 4126 4112 6528
2769 3906
4125 4125
4115 4115
2945
4112
2947 4126
4129
2930
1234 1243
4126
4112
4126 4112 6238
5631 5623
4063 4112
4104 4104
263 3261 2797 6299 263 1992 2797 263 2581 2220 5740 2797 2797 6398 263 1547 3882 263 5740 3640 1547 2209 263 2797
163
4112
4126
4126 4125 2369
6729 3338 263 3647 5828 5749 263
4125 4112
163 5918 5844 6969 1853
2975 5521 2139
4126
4126 6178
4126 4125 4112
2946 5975 720
5607 2797 1818
4112
2797
4129
4074 1
4074 4126
4126 4112
1538 1538
2975
2956 2179
2582 4539 2968
4112
163
1531
282 2946
4125
5764 5765 3372 1547 263 263 4998 5741 1547 2851
2139
2968
4112 2368
5451
1089 1391 431 1120 6330 2946 2283 4797 6343 2363 5518
2899 4136
4112
4074
5852 2884 3558 263 3876 263 2635 2756 263 5640 4420 263 2797 2754 3876 3942 4265
4137
6385 6671
783 817 751
4125
4112
4125
4126
4074 4074 4074 4074 4074 2947 4074
4112
5867
4125
4112
5625
6946 3802 3915 6946 2446 3518 2723 2797 2851 1547 3274 1547 3802 3730 6946 3137 6946 3721 2446 6946 3803 3804 1547 6946 3771 3803 2723
1698 5522 6294 2976 2180
2946
2369
1801 1738 2368 1531
2368 2855 2797
1668 6332
1538 4112
2382 2481
1868 1848 495 4112
6698
1399 890 1394
4073
4112 4112
691 720 630
1707 5628 5623 5631 5625
4125
4638 4126
1840 1871 1738
4125
1394 890 431 1378
2968
163 692 608 1164 1738 604 604 608 692 1858 1738
4126
2948 4125 2946 2362
4074
4125 4125 2368 2968
4112
4136
5471 5918
3873 3876
4112
2946
280
6979 6976 1757
4081 2631 4638 4126
4112
6985
4125
6796 4112 2919
4128
6207
2956 2975
2949
207
4112
4126
4136 5839 6985
4112
4112
6850 2920
4112
1547 3981 4439 2440 263 4439 263 3437 4439 3437 263 1547 1547 263 4420 5475 4439 3981 263 1547 2851 2727 3391 263
4127
2913
4125
4112 4125
2968 2919 2146 2918
4112
4126 1278 1532 1532
720 1737
4112
2634 2754 3276 4132 2634 2627 2756 2634 4112 5468
4112
4126
4125
2946
1836 2466 3274 6666 2369
4127
6367 1912 6368 6375
4126
6392
4126
4125 6445 2368
163 1538 1538 163 1538 163 1538 4112 1622 1538 452
4074
4099 163
1615 2586 688 601
4125
6988 431 3876
163
4384
4112
4125 2643 5772
1710 386
4189 5128 4770
5620 4127 4404 2506 4112
4126 4112
2975 4128 4128
163 1547 5874
4130 4135
4112
4127
163 163 163
4125
2363
4126
4126 4112
163 163 163 4112 163
4112 4125
4126 2968 4112
4126
1531
4125 2918 6273
6179 4136
4127
2975
4125
4074
2917 3814
4126
2368 2826 2899 4126
6176 4125
4132
6266
4125 4112
2651 3275 3882
4126 6533
4112
4074
4750
7069
4112
4074
3911 2317 2249
4112
4126
2946
4126
1152 890 4145
4135 4135
1
3625 6259
4112
4074
6668 5918 4731 2224 5852 6382 4731 5852 6382 6388 5631 5918 5629
4127
4125
4112 2975
604 1864
4099
4112
6377
4112
2975
4125 4099
2934 75
2968
4126
1 10
6796 2640 5631
263 3899 5463
263 4717 2369 1715 6969 2225 263 4439 2331 2754 2225 263 2333
2368
4112
4137 2317 2461
2946
1538 163 1538 1538 163 1538 1538 4112 1538
2968
2975
4112
6185 4126
6666
4222 5852
3382 2369 1818 4174
4125 4112 2950
163 1538 163 1538 163 1538 163 1538 163 1538 1538 163 1538 163 1538 163
1012 1128 1388 431
4126
4125 4125
1538 163 1538 163 1538
4126 4112
163
4126
2973 2368
163 1538 163 1538 163 1538 163 1538 1538 163 1538
4125 4112
2975
2180
4103
4132
163 163 163
163 1538 163 1538 163 1538 4112 163 1538
4695
163 163
163
4112
4129 4074
163
163 163
6799
4112
4074
5828
163
4112
4631 3964 5845 2362 6851 4112
2139
4112 3436 6974
4130 4130 4135 4130 4130 2265 1707 4130
4074
4126
1785 3015
4125
2635 3877
5749 3623 2220 263 1015 431 891 4426 6410 4426 1776 4731 263 264 1388 891 431 5740 3261 1547 1547 1776 6385 1835 263 1693 4420 263 2317 6395 1776 2275 263 4420 6926 263 2317 2275 1547 6367 3623 3649 263
2365
4112
3518 263 2624 2392 263 2624 3510
1538 1538 163 1538 1538 163 1538
3298 3268 4663
1547 4444 2870 5913 1829
2224 6855 1547 1704 4663 2245 3639 2362
2968
4112 4112
163
4127 2956
2094
5754
2333 3264 3776 2369 2230 4692
2947
3409
4074 1846
4112
2975
870 3875 1547 4899 2369 3651
163 4127
4112
4128
1622
4129
163 163 163
4112
4125
5625
4112 2935
1915 1915 4112 1915
2946
1538 1538 163 1538 1538 1538
2946
6796 1872 1859 1873 1859 6796
4074
6376 6259
163 163 1538 4112 163 1538
4112 4112 4112
4103
4126 6425 4126
4127
4125 4112
4125 1531
163
4126
1743 1829 6369
2968 5207
2362 5808 4112
3008 5920 2241
2769 2643 3877 3274 4494
1532 5623 5625 6340
163
3307 3877 4801
1538 1538 163 1538 1538 163 1538 1538
57
1538 1538 1538 1538 1538 1538
2754 3274 3273 6723 3509
4112
4127
4126
4125 4112
1400
5867
4126
4136
4126
1820
2355 1547 2356 4510 2211 6723 5396 5398 2357
1538
4126
4126
4074 4074 4112 4074 4074
4112
4112
4112 4125
4112
4074 2930
4112 4126
163 163
221 221 1
4136 6176
6346 6971
2946
4132
4125
2975 4081
163 1538 720 495 1868 163 2797 4898 4218 3307
6014 5338 2369 3886
4126
4126
2180
163
6977 6976
163
4112 4112
5588 5598
4125
4694 4694
4125
4126
2 2 4112 2
4126
4126
1531
2911 4125
2946
228 78
1538 163
163
2946 4126
4126
163
163 163 163 1538
1846 4074
4125
4126
1538 6395 5485
163 163
3054 604 838 2369
6969 5752 2369 2646 6971
4131
4126
4126
3509
57
4125
2946 5521
4137
4125
4125
4074
1008 1121 1037 431 970 926 1047 1120
3274 5762 3509 6989 3282
1474 1047 1133 1391
