4125
4104
3651 5795 4886 3269 1757
4126
4136 4126 4125
4125
4125
1532 5343
4126
4126
4125 4112 4112 4112
4125 6535
4126 6459 6666
1
3875
4129
4104
163 1538 163 1538 163 1538
1538 1538 1538 1538 1538
4125
2975
2947
1538 1538 1538 1538
5459
2975 2978
4112 4125
600 1538 1538 608 5925 1538 1538 1538
6969 3869
4126
4112 4112 4099
4126
163 163
4112
3494
6539 4126 1713 608 682 1853 709 682 608 682 709 4112 4126 6533
2946
4074 2964
2975 2964
4074 163 163 163
4074
1530 1538
4112
4112
2978 2975 4126
163 163 1538
3869 3869
4126
4081
3980 2417 3389 3389 3389 3130 3130 2290
4125
6426 5343 1531
163
649 674 1862 1164 500
163 1538
4125
4126
4663 3297 6722
229
1538 4112 4112
1531
2180
1797
1531 6326 3906 5343 3008 2817 2946
4074
4125
4112
2631 3881
4131 5724 4099 4126 4132
5770 4218
1855
4126
5343 1531 2975
4112 4112 4112 4112
4074
699 1853
163 163
1531
4126 4112
4074
4125
455 684
57
2975 2978 4074
4126
4125
5590
4125
203
4136 4074 163
163 1538 163 163 1538 163 1538 163 1538 1538
4112
2754 709 1870 611
4074
5343 1531
4065
4126
3225 5645 5523 3227 3867 1538
163
4125 6178
4104
4125
4126
6532 4125
4112
4126
1845 2852 2857
2945
163
163
4126
4074
4126
4126
4126
4112 3306 6969
1532 1530
4074
5919 4281 3334 2458 4384 1531
4126
4125
1538
4074
4125
1033 957 1120 1046
2764 2855 3852 2628 6668 2211
167
4126
3922 2362 3298 1076 878 1120 364 1431 1444 1441 3298 3922 2362
188
2180
1531
4126
3890 1547 5750 2440 3275 2216 2369 2839 3270 4112 2390 3270 2839 2368 3271 3898 1547 2440
4112
2906 2918
4125
2180 4126
4074
4126 2906
4137
61 4112
4129
4112
4125
4125
1538 1538 1538 1538 1538 1538
2906
4136
4112
4112 4112
1538
1091 1120 1389
4126
4136
2975
4136
163
1538
4104
1230 1192 1178
163
4125
1538
4126
1531
2180
2841 3341 2366 1547 3882 3545
4125
4112 4112
431 1391 1119 1072 2368 3265 891 716 890
3275 4126
793 818 771 824 763 748 732 733 819 821 776
4125 2975 1538
1538
4125
163
163
4125
4126
455
3636 2216 3882 2325 2390
4074
4125
5444 867 867 5444
2180
163 1538 1538 1538 163 1538 163 163 1538 1538 163
4099
4074
2975
4112
4126 2899
4074
1378 431
2918
4126
163
5343 1531
6509 4125
4125 4074
4125
1774 5625 2976 6713 4112 1776 6938 5839 5623 6938 5629
4126
4074
4125
4074
4126
456 1740 1669
4125
6
4126 2906 2899 2918 2911 4112
2975 2180
2180
3274 2320 3636 3881
4131
3211 6723 5770 4730 6723 6723 3875 3269 5773 5772
3636 3882 6855 3877 5607 4264 2320
4125
4136
1615 688 649 500 602
4087
4125
4127
2964
4136
4112
4074 4074 4074
1532
4125
4126
3391 5417 5840 4389 3165 5925 2727 2864 5925 5796 2727 3391 5840 5172
163
4126
4074
2978 2975
4126
1530
4125 4099
2975
202 4125
163
4092
4136
163 163 163
4101
6239 2369
5343 1531
2946 2976 2978
4130 4099 230 230 230
3986 3374 3374 2826
4052 4112
4127
3876
4125
5149
4074
1930
2946 4132
4125 4130
4127
4125
2949
59 188
6815 3839 6714 2366
163 1538 1538 1669 1855 2768 163 1538 454 1871 1669 163 1538
2180 4126
4126
4126
4125
6723 2807
4125
4126
61
4112
4694
5343 1532
4136
4131 4131 4131 4131 4131 4131 4131
1853
2236 2139 2326 2947
2267
163
4136
1772 1738 4099 4131 1738 4131
2390 2399 2723 1547 5929 5335 6729 3906
2180
2975
1697
4136
4125
4126
4126
2946
2975
4074
4112
3264 2282 2362 2727 4175 2776 1547 4174
2975
2946 4112 1531
4125 6532
4126
163 163
2906 2936
4112 4112
4126
3294 3272 2633 6855 5607
1547 1982 6170 3268 2646
4126
1531 5343
4128
4126
4387 2242 4580 2284
1738 454 1669
4060
4129
4125
4126
4125
2665 3636 3876 3638 3923 3881 2788 3299 3269 5752 2180
4125
5844 6014 2249 2820 3274 4537 2317 3643
4087
163
4126
2975
4126 4074
3832
4070 4126
230
1047 1115 1035
2729 2777 5154 600 1738 2631 3165
4126
5827 6971 3877 6723
1531
4125 1531
163
4125 4125
4126
4126 4112
163
1530
5343 1533 6429 1984 1982
4101
1530 6894
2381 2640 3008 5828
2911 4125
3117
2975
4125
4112
1846
4672 5475
4136
4112 2955
5343 6569 1531
4149 4112
4125
4131 4099
4112 2670
2180
4129 6535
4074
2180
2944 4112 4112
4104
2975
649 479
1703 3509
408
4112
4074
4137
163
4125
4126
2325 2770 3278 3275 5631
4125
1531
6723 3275 6356
2180
1531 5343 4351
5651 3334 6295 3276 3319 2241 2755 3320
4112 1873 1862 163 5829 1547 1829 6340 2368 3949 3644 4225
3275 2284 6990
3625 2911
1797
4103
2946
4112 1538
2374 3320 6341
1531
2956
2940
4126
163 1538 163
1531
202
4125 4099
4126
6176 4126
2180
2180
4126
4126
4125
4112 4112 4112 4112
4103
163
4104 4104
204
4126 2946 4112
2362
5640 682 395 608
5343 1531 6062 1532 5343
4112
4074
1859 1884 1867 1896 1615 1883
202
163 163 163
163
4125
1531
1772 4389 1538
4112
2220 2762 3372 4440 3334 4221
2180
4074
4136 2975
2368 1862 2912 1532 5343 2911
4074
2797 6299
1766 1750 1801 5496
3269 3889 1797 2584 1750
2975 2964 2914
4125
6894
171
2947
4126
4074
4126
2946
4112
2946
2978 2975
2975 4074
4126
2975
4126
2975
1531 5343
4095
4126 2975
4125
5740 610 610
4149 1538 5606 6723
4125
4137
4126 4112
4074
5295 2275 2369
163 163 163
1538 4125
4125
2180
3878 2546 3278 2458
4074
4126
4126
4126
5343 1533
2483
2946 2946
3952
455 1862
1538
2946 1689 1530 4112
2139 2928 5844 1388 1119 5975 1076 2366 2806 1738
163
2180
2249 1861
4125
1531
163
4129 2975
163
4126
1538 163 1538
4126
4112
4125
4125 4125 4125
6723 2230 5781 3338
1784
4125
163
4126
2369
5629 3298 6855
64 228 64
4076
3639 2224
2946
163
3559 3961 4074
4126 4125
4125
4074
1760 1813 1531 5343 2797 4883 4112
4125
6242
5343 1533 3910 2249
4104
2180
1530
4126 4125
1947
4112
4136 6178
163
2180
2946 2975
2975
4074
2914 4126 2946
5343 1532
1538
4136 4126
163
1531
3922 3923 3941 2853
4126
400 3386
1530 1538
4126
4126 6723 3881 6014
4136
4074
163
4112
4112
2928
2946
1531 5343
4125
4132
2946
4125
4074
4136
4074
4126
1538
4125 2945
4074
2911
4125
4398 1710 1695 1840 6723 6968 6723 4786 5591 1710 386 5530
1531
2976 3520 6326
4126
3877 2317 5623 6855
163 2975
172
4112 4112
4125
4099
602 2362 2768
2869 2773 3880
4126 4126
4125
4137 3055
1531
4125
4112
163 4125
4112
4074 4074
2983
6013 3881 3949 2317 5747 2375
2282 717 431
4125
188
4126
1530
4112 2946
4112
6556 4126
4126
163
163
1820 1686
2956
2180
688 662 1164
2255 3372 2381 2723 6961 3260 1547 5752 3643 3275 3278 5764 2317 4304 5763 6344 4112 6668 6908
163
4126
163
1538 1538 4112 4149 1538 1538 1538 1538
699 1796 1855 720 1738 1615 699 1853 4112 686 1855 1848
6178 4126
6000 4136
3187 3190
4126
3625 4124 5544
4125
2975 4074
3260
4126
4112
4074 344
4112
4126 2946
4074
1094 1120 1096 1011
4074
4125 6176
3829
4136
1119 1470 1523 1474 1471
4125
4126
4126
2947
163 163
4125
4103
4125
163
4125 2180
2180
2946
4074
2929
163
2946
4101
4125 6458
163
4112
2647 6295 1767 2322 1862
4126
4074
1538 4112
4112
686 693 1864 1871
4112
1538
4074
1538
4125
712 707 493 1195 1220 2836 1111 1077 1391 1137 1164 691 630 699 618
1108 1046 1387
4127 4112
2836 2844
2975 2899
163
4112 4112
221
4126
4125
4125
4125 6179
3494
64
4125
6974 3214 3213
1400 163 1538
6178 4126
2180
4125
4305 4663
6259
4112
4126
2180
4127
2975 6990 1707
4556 3268 3952 4556 5643 2796
4129
1533
4129
6313 2776 1693 1692 2580 3869
4196 5343 1531
4112
163
4074
3869
4112
4126
4125
4902 6723 3626 3543
5770 4663 3334
2834 1035 1013 716 1388
6179 4125 4099 5537 4074
2440 4112
6368 2368
2797 4125
221 1531
4125
4125
4126 4112
4112
4125
2975
218
5294 5293 5294 5293
4136
5048
3640 5424 3887 2246 3907
4112 4112
1538
2946
4074
163
2415 2617 2414
4065
163 163
4112
3509 3268 6231 5839 4112 2978 5335 2975
6372
2368 5624 3301 4715 5752 1547 5764 3301 2820 3273 6985
4112 4126
4112
1091 1076 1119 431
163
3702
1530
4136 4112
4101
2946 4126
3625
4125
5763 5607 1981 1776 3270
4126
4125
4074
163 1538 454 1738 1538 163 1538 163
4126
4125
2249
4129
4112
4127
4125
1668 5941 2797 4144
2139
63
4126
2975 2964
661 1853 500
163
4136
4112
4112
2180 2946
4126
1538
6179 4125
2946
4126
2135
4074
4074
6396 372 2841 3984
4125 6178
4112
2381 3509 3437 6675 2325 5309
4074 1846
2478 2683
2946 4126
4074
4126
4137
4112
4126 6179
1530
2656 3899 1820 2834 2773 1547 5630 5941 2601
4104
2975 4126 1531
4125
4126
4074 4074
4126
163
4125
4112 2914 2946 4291 427 1531
4074
4125
163 4128
4125
2946
4112
163
1855 1740 1738 1737 454 455 2368 1556 1554 1557
4126
163
2946 4074
4112
2975
2180 3891 6012
2947
4126 2966
163
4074
163
4126 6537
2975
6969
4126
4125
4112
4126 2945
4112
455 1862 692
4126
4074
228
2975 4126
5607 4222 2780 4222 2780
1538
4125 4112 4112 4112
610 3636 5792 1855 2213 454 2220 718 720 602 2776
4126
4112
2946
1119 1077 1778
4126
4126
3143 3826 3143 223 2031
1531
4112
4126
2964 2946
4125
2180
4112 4112
4125
64
2369 7356 2828
5343 1531 4112
2946
4112
4126 1530
4112
4126
891 6880 6926 6880 6691 6880 6926 6691
4125
4125
4112 4112 4112
163
4074
4112
4125
2946
431 890 868 893 955
4125
4125
4112
4112
1531
2882 1531 1531 1531
1538
1538 600 1871 1871 1538
163
4065
4125
4694
2975
4074
1738
3237 1547
163 163
3307 3334
4112
2975 4126
1846 1846
4126 6068 2975 4125 163
4127
5625
6178 2975 4125 2978
2180
1394 4145 1032
4074
4126
4126
1530
4074 4125 6539
1531
1531
1776
4112
1679 2427 2431
2317 5752 2823 3273 2975 4126
1685
2945 2948
6295 5522 5522
2946
2933
491 699 1738 4145 4144 1615
285
4074
2975
4112
4126
163 1538
4125
4125
6395 1547 3509 5633 2431 390 1826
4125
2975
1533
163 163
4074
2369 5977
3383 3274 2764
1
6325 2744 3272 6961 5752 5514 5607
4126
163
1538
4112
4112
4112
2975
4112
1538 1538
163 163 163
4074 1530 4112
2946
4074
4125 1538
2325 4112 5298
5343 1531 4112
4104 1538
4074
4126 6003
163 163
1531
207
4128
4126
5607
4074
4125
4125
4125
4074
4112
1538 1538 1538
171 167 4126 167
6013 3890 3296 6372 2287 6723 5277 4443
2908
5651 1774
4137
4074
2947
1547 3949 5295 2797 6855
2275 2440 2317 5373 2864
6800 4537
4112
2975 2946
4126 6178 1530
5343 1531 1531 5343
4126 6178
2252 5117 4218 2928 6675 4126 2825
1538 163
4112
1538 1538
4125
2934
1740 1166 1615 4145
4074 4112
893 390 3510 1826 1035 1826 390 1073 1035 387 1722 1722 387
163
6556 4136 4112 4112 4112
4126
3881 1547 2817 5795 4008 2369
163
188
2180
4669 3340 1547 3001 2369 2224 3334 2649 3949 2633 4898
4126
4127
4125
1538 1538 1538 1538
4126
4126
4129
4126
408
5844
890 4145 1393 1399 891 4145 1400
2947
5343 1532 4125
3321
163
661 1672 610 602 699 1615
4127
3268
4126
1532 5343 4112
4125 1531
4112
6259
4126
163 4074 2975 163 2978
2754 3898 2317 2975 4126
163
4125
3339
4125 6178 1530
2975 4126 2978
1530
4074
6969
1531 1538
4125
4694
1538 4112 4136
4125 6176
4126
1531
2975 4126
3835
163
4125
4094
1530
163 1538 163 1538
163
4127 4112
4126 4112
2180
4112 2180 4126 4126
4127
4126
720 1738 588
2851 3165 2777 3376 3877 1547 5343 1531
4069
4132
4112
2964
2946
4819
1737 1166 709
4126 2975
4131 2975
277
163 4126
6342 3324 4144 5941
4125
4125
4125
2778 2778 6309 2946
4125
171 4126
4099 6184
1530
4074 4112
4074
4112 1531
5343 1531
4074
4125
4126
4125 2975
2249 2250
4126 2975 2975 1538
6178 4125
4125
4112 2180
6722 3179
1531 5343
2947 2956 4136 2946
4125
2180 2180
4125
4112 4136
285 285
1531 2975
163 163
3299 3893 3270 4221
4112
4125 4126
163
4696
5845 6326 3299 3376 4304 3272 5530 4014
1547 2374 4663 4389 2224 2241 5470 1836 3880 5975 1836 1716 2236 1547 2374 4663 3196 3880 2224
4076
2975 2946 4126
4125
4126
6231 1532 1776
4126 1531
4112
4112 2975
4112 4126 4099 2946 2945
4126 1531
455 1728 5929
3307 6569 5343 1531
4126 4074
1530
6894
3491
163
3889 3924 1531 5343
4126
4126
2947
4126
3852
4074 3494
4126
4125 4074
4112 4112 1538
5977 4112 3264 3268
3559
4125
4125
1531
4074
4125
4125 4125 1531
4126
4136
4103
2625 2358 2282 3549 4907
4112
6175 4136
4074 4112
2682 4127
4126
2936
3875 3922
4125
4112
5343 1531
2362 4112
10
4125
2458 1792 6238
3509 2801
4112
4126
4126 6535
4125
3274 4899 5607 2762 3510 2262
4125
4112
6527 4136 4112
4112
4126
1533
163
163
891 1073 431 1135 890 1397 1155
4877
163
4136 6971
4126
4067
4126
1531 5343
4112
4112 4149 163
4099
2202 6345 4144 6336
1128 431 1073 4145
4125
1531 4125
1531
4144 2369 2369 2203
8
163 4126
4126
4125 6465
4112
4074
1533 5343
1533 5343
4663 1382 1531 5343
4112
4126
4145 1379 1135 1010 431 1135 4145 1379
4126
2855 2460 6312 6312 2366
163
4074
2946 2912
163 4126
4125
163
2180
649 5806 6171 6171 663 5806 3922 5806 610 6171 6171 664 5817
1538 1538
4125
2241 2237 4144
4112
4074
1530 4112
2362 3405 4218 5743 4090
6894 4126
4125 6458
4125
4126
4125
4126
163
1538 163 1538
4112 4112
4112 4112 6069 4126
4126
2549 5521
1531 5343 6936
5392 57
3520 1772
163
6970 4877 4289
4126
5343 6179 1532 1855 674 709 1862 1164 709
4112 4112 4112 4112 4112 4112 4112 4112 4112
202
408
1615 1868 602 1164
163
4125 4125
2946 4125
2946 4126
2956
6701 4126
4101 4101
455 1738 455 1738 686 455 602 1615 1738
4443 5344 4144 4443 5344 4144 4443 4144 4443 4144 4443 4144 5345 5344 4144 4443 2216
5294 4095 5294 5294
4129
72
4126
4144 6990 3437 2834
4125
4198
4136
2841
5867
4126
2975 6524
3877
4074
4125
4137
4125 2975 1531
1530
6984 6262 4125
4126
1538 4112
2390 1547 3906 3692 3510 4112
4112
4125
4112
4126
2947
2971
4126
1538 1538
4127
4112
163
163 163 1538
4126
3297 5793
4126
1532
163 1538
4074
4125 4099
4126 3075 6383
1538
2886 2368 2241 4899 2764 2241 2368 3437 4899
4129
4112
4125 6499
4112 4136
4112
4125
4074
4074
1697 1697
2946 4112 1538
2975
4125
4112
4076
4112
5631 1703 10
4126
4099
4074
1531
4126 4126
1726 2963 6259 2918
3391 3307 4144
4125 6178
4126
163
4081
4130
2481 5607 5845
4112
6014 5607 5625 2220
4125
5343 1532 5343 1531
6256
5623 2946 5532
3833 2249 5829
4112
4126
5623 6274
688 479 595 595 491 688
4136
6396 2387
5806
4638 4136
4125 1538
2956 2948
4125
4126
4126
4112 4128 4074
6370 1686
2180
4112
4074 63
4074
4112
4074
2754 3630
4126
4074
2628 3272
4125
4112 4112
4125
1533 6640
5282 6013 2220 6395 5486 6013 5282 2466
3376 2624 2729 4144 5925 2755 1131 4145 431 1030 1076
4125 6179
6263 4794
3509 4979 6796
4125
1530
4125
1538 1538
5343 1531
163
4126
4112
163
6889 6886 2951
4112
4074
6957
4125
6666 6666 2946 2928 6666 6666
890
4112
2565 3178 3254 2565 1531 6969 5941 3510 2618 3178 2565 3343 2565 2618 3050 2565 2999 2618 4266 5343 3178 1531 2640 2565 2618 4991 2565 3320 3343 4991 3177 3510 1531
1533
4125 4125
4125 2180
2975 2975 3836 2946 4076 2975
6969 2429
163 163
6178 4129
4126
1538 3264 1531 5343
4126
4125
2180 4074
163
163 163
4125
4125
4674 2390 5772 3545 4996 4675
3625
171
1538
4127
6969 6969 6969 6969 6969 6969 6969 6969 6969 6969 6969 6969 6969
1820 2368 2975 2978
163
4112
4126 1530
1531
4126 4126
4112 4126 4112
4076
455 1738
4074
6175 4126
4125
1532 5343
1947
5929 3889 4144 163 5929 5925 4144 6014
163 163
4126 4112
1538
1530
4132
4126
4144 1760 3880
699 4145 571 1738 662
4126
4125
5966 5823 5901
4125
1531
6388 5978 1751 5485 3008 3875
4112
4126
6668 1680 5752 1807 2645 4136 6991 6299
1915 1915
1530
4667 4670 4500
4074
4135
1531
1538 2852 2768
4112
5343 1531
4125
1538
1308 394 1304 1357 1264 373 1363
57
890
4132
4112
1531
4074
4126
163 5343 1533
163 163
1712
1547 5765 5619 1757 5524 5531 6013 4433 6293 5764 3899 6850 3341 3900 6800 3867 3852 2634 3893 6723 3880 3334 4304 3881 2643 2602
4074
3387 4291
4128 4128
4126
4126
4112
163
1
1538
1738
4125
4125
1538 163
1532 5343
4112
2023 4137 3276 3280
4126
4136 3509 2362 5280
6178 4125
6815
3835
3299 3908 2317 1992 1547
4125 6500
4126 2946
2975 4126
4987 6919 4136 2947
163
1533 5343
1531
4144 6398 6675
4126
2946
4112
4112
4125 4099 4112
4074
2955
1683 6895
163
4125
4112 4112 4112
4128
4130 4131
4125
4136 4112 1538
2399 4305 3887 3877 5516 3885 3922 2777 4444 3874
1717
4126 4125
4125 4112
1759 4144 2773 2497 1077 1388 1131 4145
1817 2344 3436 4144 2440 4144 3037 6346 4144 3424 3120 2390 4144 3509 3436 2216 6341 4144 3037 4144 3518 2390
4112 4112
4125
2928 4112 2947
163 163
4144 1845 3881 6361 2855
163 1531
5765 3261
2180 4128
3307
163
1352 373 1275 1311 394
1531
4638
4126
933 1137 1132 1032 906 928
4125
4126
3387
4074 4112 4074 5941 3307
4125
163
1538 163 1538 163
2851 4112
1530
4074
4112 4087 2946
4125
2946
4126
4125
1531 2134
4126
2369 1531
1538
163
3597 6818
163
2946
1538 4129
4126
4112
4074
1531 5343
163
2914
4126 6533
2975
4125
4125
4127
4112
4075
4125 4112
4112
163 163 163 163 163 163
202
171
5606 1855 454 3307 455 6723 3877
4126
4126
1750
1743 2284 3273 3275
2180
4126
6457 4125
1530
4127 4130 4135
1538
4074 4112
4112
1796
2458
163 1538 1538 1532 4149 163
5867
4131 4131 4131
1538
4125
163
2975 4126 2966 3826 2965
1772
1855 688 500 688 500 1855
4126
1379 955 1124 1077 1391 1388 890 1131
4125
4112
389 1825 1530
4126
1703 2020 1774 4387 3260 2021 3261 4389 3264
4126
2946
1915
4125 4125 2975
4125 2975
4136
4126
4126
2245 3881 3264
2134
4112 4112 4112 4112
1538 1538 1538
6251
2947 4112
1931 4112 1931 1931 6274 1931 1931 1931 5754 4054
1715 1829 3274 3878
163
4125
3307 2651 2250
4075
4126
6178 4125
4074
4112
1034
2964 3579
6878 3386 1532 3386 6878
4112
4074 4125
602
5801 2594
3510 674 1853 1902 2946
4136
163 1615 491 2319 605 2319
4074
4112
4126
2975
610 2387 6242 4125
1538 1538
4125 4130 4135 4125 4130 4135
3835 4136 2946
4125
4126
4112
2833
4074
4125
4125 6473 5113
2180
4125
5839 2134 5464 5839
4126 2947
4112
163 163
5343 1532
586 2978 2975 2826 5844 586 1858 5343 1533 1871 1323 598 598 1858 3195 1772 2993 1858 598 1858 1882 394 598 1323 2287 6388 6364 2211 2585 2590 2287 6293
1128 431 1094 1389
4074
1164 602 676 1738
4112 4125
5929 2326 630 610 4112 718 456
684 1615 1855
4136
4126
2946 5817
2975
4112
4112
4126 4129
2946
4125 4125
2180
2912 2180
2975
4125 4112
4125 2180
2947
2642 2841 4144
4125
4112
4172 4126
4136 6459 4112
4112
4074
2139 2912 2911
4126 4125
6162 4126
2947
4168 4904 2326 5770
4125 1530
163
4125 4112
1742 1728
1709 1709 5607 3274 1709 1709 5661 1709 1709 1709 1709 1709
4125
4126 2975
163
2975
5823 5822
4125
4131 4131 4131 4131 4132 4131 4131 4131 4131 4132 6292
4136 5105 6800
1531 4112
2947
4136
4125
4136
2946 2899 4126
2975 4090
1853 602
4126
4144 1984 1827
1538
2946
1738
1
2946
4074
1531
3876 5629
4125
4112 1538
2367
2807 2369 4437 1547 3278 3907
1532
4112 4112
4127
163
1533 5343
4112
4074 2975
5343 1531
4126
1164 1853 507 2776 3275 1855 688 1861
1531
4112 4125
4126
4087
4112
163
4126
1532
4074
4126
4132
2946
163 1224 431 705 414 1195 440
1531 6178 4125 1532
1531
543 456
5665 2272 3041 1751 3152 2325 5653 2680 2649 2649 5951 2680 2680 4883 2206 1531
2823 6855 2362 4670
1538 1538
1538
4112
4136
4128 4128 4112
6535 4126
4112
2975 4126
1760 2797
4696
2362
6309 6976 4112 2932 2945 2458
4075
3309 4112 3275 5622 2634 5343 1533
1119 1394 1089 4145 1388 955 1076 1119 4145 431
4074
4112
2946 6062
6178 4126
206 206 206
1538
3873 3268
5925 3264 3259 5482 4663 5612 3264 610 2797 607 5482 5485 4261 5573 2631
4074
163
6128 4136
4074
4696
4125
1538
163
4126 6178
1972
4137
5929
4131 4130 4132 4130 4132
5343 1531
4074 4125
4450
1474 1453 1471 1516
6985
4128 4112
1531 4125
163
4126
5817 1837
4125
6527 4125
4125
4125
1862 455 1604
4130
4112
5343 1531 5343 1531
3049 2624 6990 4144 1720 4401 6990 2387 4144 4144 6990 2851 2727
2956
6569 5631 1531 5343 1707
4126 6186 6186 4125
4104
5913 4144 6398
163 3509
1855 1615 688
4074
4692 5607 6392 4144 3195
1738 600 692 1861 1615
2704
4126 2965
4125 4135 4130
3510 5806
2325 3510 2773 4112
6969 3324
6194 1533
4112
4112 4112
5343 1531 6003
838 1850 693 1166
2180 3320
163
3338 5929 2349 1547 2857 3338
5875 2855 5960 4144 4144 5875 6675 2209
163
1477 1467 1474 1523 1522
4103 4074
4126 6178
2613
4126
4125
163
4125
2390 4144 2723 3037 5247 2651 4144 2390 4144 2387 163 2723 4144 2390 2390 4144 2723 4669 4144 2390 4144 2723 2390
2366 1047 1757
4136
2975 2978
4127
4125
2946
4126
4076
4126
4126
4126
4087
6970 2545 6969 3558
4126 4125 4126 4125 2975 4076 2975 4076 4076 4125 2975 2975
4125 2946
163
4074
4074
4126
1531
4074
6536 4125
4125 6178 4125 6178
2242 1533 3644 5343
6178 4126 6178 4125 4126 4125 4126 4125 4112
2297 4533 2202 4149 4144 2220 4144 6354 6365 6346 4144 6346 6365 2562 6365 2216 4144
4104
5741 4144 6675 2797 6675 4144 5741 2209 4144 3640 5741 6675 4144 6675 5741 2855
4126 4131
3338 3880 3264 3923
5343 1531
4112
2975
2975 2139 4074 4126 4112
4112
6178 4126
5561 4125
3964 4144 2651 3900 6969
3833 4126
3437 2820 4144
1538
1530 4065
4125
1531
4125 4126 1531 4112
4074
2023 2387 1547 3298 4908
4125 4130
1738 1850 699 479 1713 688 1703 1813
6242
4126 4125
1530
4112 1531
4126
4129
2975 2978 6986
4112 1530
5471 6969 2369 2496 5028
2947
4126
1538 4112
4058
4074
2592
4074
5929 2358
163
4126
4112 1855 455 6941
4126
4126
5691 5628 6299
1772 455
2913 2962
4132
6675 2601
4125
5343 6768 1531
2942
2932
4103
4125 4112
1531
4125 4099 4112
4125 4130 1530
4125
1846
4074
1530
4126
4112
163
431 2863 3030 402 2399 2319 1547
4125
163
2946
4125
2930
2934
6979
5173 5806 2369 4176
4136
6703 2946
163 163
1531
1394 891 4218 891 3834 1394
2139 4075 394 1290 1363 1737
4112 1530
2975
4126 6527 5343 1531
2978 2975
701 495 453 500 1738
4517
1533
1538 1538 1538 1538 5845 1538 5845
2975
163 5844 2317 4144 2322 3001 6345 4144 1547 2209 4144 1716 2209 4144 5309
1882 394 1862 4145
4112 1530
163
4125
4125
4126
4112
4126 6094
163
4112 4126
1531
5640 5629 4144
2946
6995 4137 4137
6179 4126
3877 2797 3881
4112 4074
1
2956
163 163
3274 3299 5482
5489
5623
4136
163
4126
4125
4112
4074
4074
163
5829 1813 4144 2322 1813 4144 5829 4144 2369 1813 5644 2220 4144 2773 3637 2723 6969 4144 2220
870 1531 431 5343
4112
4126 4126
6179 4125
6295 4126
2387 1073 1072 1394
4112 4112 4112
4074
4125
2180 2946
2458
2946 4126 4125
4112 2947 2946 4136
1400 891 890 431
5612 3889 4144
5392
2975
2975
2134
6969
2180 2947
4125
2978 2975
4125
4112
5117
2180
3951 2362 5840
1
4125
1530
4129
4638 2640 2853
163 1538 1538 163 1538 163 1538
2975
4126
720 608 691 720 691 608 720 691 610
4126
163
4126 4112 4074
1538 1538 1538
4126
4125
1538
4131
2911 4125
2836 3640 5741 4144 2656 4144 5944 6969 4144 1547 5940 3899
163 1538 163 1538 163 163 1538 163 1538 1538
4127
2796
4112 4112 4112
4112 4112 1538
4127
61
4126
4074
4074
4125 4112
2947
4136 4112
2975 3833 4136 4112
5465
4074
1097 431 890 1135 4145 4145 1097 1135 890 431
163
163 163
6250 6251 6248
2912 2929 2911
3270
4131
6972 3988 6800 6972
163
4127
4189
4125
1846
454 1738 1858
4125
1531
4074
4126
4126
163 163 163 163
1915
4126 4112
1538
4112
4132 4112 5941 2458 3932 3923 2764
4112
4074 4112
4112 1530 1538
2956 4065
4126
689 602 608
817 786 734 748 793 772 761 762 821 824
4112
4126
3952
5806
163
1538
4125 4112
4112
5495 4894 5488
4125
4126 167
4125
431 890
4112
2180
2282 2374 2241 2833 2366 5840 4112
163
2905
1531 2946
2180 1531 6709 6969
4136
163 163
1846 4125
221
1538 677 1858 610 3510 2262 1538 1981 1858
6178 4126 6178 4126
1538
1582 1577
163
1120 1020 1077
163
1532 3387 5343
4112 1538
4129
4125
171
4074
5598
2362 3952 5633
2 4112 1531
1695 5280 5773 1759 3876 3882 3949 5951 3964 2775 1718 4556 5471 1547
2210 6971 2369 3893 3907 2631
1531 4132 4130
4112 4101
4074 1846 4112
5607 5607 2826
228
4112 4112
163 3959 2886 4144 2387 3137 4439 4144 2886 4439 2886 4144 163 4144 2225 4439 163 2387 5845 5284 4144 2387 3464 4144 2833 2021 1871 454 4145
163
5940 2656 5956 5938 5941 6292
4136 4075
1846 4074
6336 2643
1538 1538 602 1538 1538
6971 1718 4218 3298
4126
1531
2643 3251 4437
4074
4074
2826
5392
4439 4144 3881 4144 4420 3875 5801 4144 3881 3003 5925 3898 3657 4144 4420
1980
4125
1531
4074
1681 1531 2946 1681 3388 2826 5929 3259 5929 3386 5929 1681 3517 1531
63
1530
4074
6263 2282 6259
5754
4126
