6012 2775 3340 3341 4443 1760 3404 5844 320
285
2440 3049 2783 3195 3941 5209 4905
4694
4188 4185 2005 6012 3281
4159 1915 1915
2051 4112 1531
1530 2386 3210 1836
4126
4159
1538 1538
479 454
4074
2435
1538 1538
4127
5549 2780 6802 6803 3268 3373 1578 4280 6969 4281 6840 2780 3195 3509 3380 6969 5929 6969 3373 2780 5549 3379 3509 3386 5549 6969 3373 3268 3380 5929 3276 5545 2645 3195 5839 4280
1531
4154
5819
6689
4125 4112
2051 1530
2944 2180
5839 1785 5344 2545
4154
4154
2051
2483 2459
6855 3882 3910 3877
4136 4136
4126 4130 2943
4694 285 4542
6247
955 4154
179
620 1164 688
2051 4112
4112 4112
1 4074
2146 2899 2924
4112
7140 7384 7108
4125 4099
2220 2369 6336 6267
4074
4074
1615 1855 688 545 676 669
5826 5280 2754 2375
4112 1530 4130
4156
2634 2628
4125
285
2319 6722
5764 5278 3298 3869
5218 3368 5220
4126
4112
2051 4125
4125
4112
4389 6691 3338 3341 5336 320 3341 3658
4144 2827
163
3688 5808 3687 3684
4156
666 488 709 673 575 1738 507 686 488 575
1531 4112
4126
6722 2480 5929
4112
4125
4158
2764 2334 6365 2806 2203 2806 6238 2214 2203 6266 2650
4125
4087 4087 2954
4156
4125 6446
4126 4074 4112
4125
1530
3274 4159
13
285
5035
3 4125
4157
4112 4112
2773 3509 4304 5332 4303 5929 392 4304 4303 5929 3463
4156
4125 6178 2944
1538
4112 1531
4156
4130 4135
5625 4777 4159
2339
4158
1579 4386 3379 4281
4159
2944
3343 5020 3348 6723 4156 5994 2120 1533
4128
6691 6689
1915
2051
4126
610 1531 6055 4860 455 455 455 455 1772 1772 1772
604 670 3857 3853
4154 4112
4155 4154
2051
4156
2944 4112
5624 4144 2853 6690 3391
4877 2565 2660
2944
7219
221
3359 428
1531
3387 3382 1840 4291 3386 5684 2584 2634
4112
2051
2051
4074
2944
4112
1530
4125
2656 3268 3001 1531
4155
6980 2585 6309 2853 4217 2855 699 570 641
1531
4126 345
4797 5090
2051 4158
4125
2051
4146 4146
2051 4125
4159
4074 5925 3334 4218 3658 3890
4159
4125
1
1916 5455 1915
2906
4129
285
4074
1530
1530 4112
4127
4125
4158 4158
4126 4129
4159 4112
4112
2326
3299 3341 3309 3878 4676 2768
4101
2645 545 3405 2214 1776 3405 2645 1785 545
4154
2180
4112
4156
4126 4112
4074
6000 1533
4155
285 4112
4348 2387 5640 6671 1547 3658 6675 2749 1720 6104 4731
4156 4127
4159
2944 4125
4159
1530
4159 4125
4074
4112 4136
4159
4112 1538
5581 5522
4155
4156
2944
4154
4074
4074
280
4157
10
2944 4074 4128 3841
4157
6953 4159
2180
868 431 4145
1530
2051 4112
4126
408
4158
163 1533 163
2051 4112
4157
4155
4074
5839 4444 6674 2852 5844 6723
479 527 689
4112 4112
4112 2565
4125
2944 1538
163
4155 4112
1530 4126
1538
225
4126
3900 4675 4674
4694
2051
2972
4126
4112 4126
4125
771 732 730 833 817
4126
4136
1155 890 1399 4145
4126
2944
4125 1745 2795 4638
2051
1531
4126 2051 1530
1530
4155 1530 1538
2051
4156
4112
1538
4156
4112 4126
4158 4112 4112
2051 4112 4112
4136
2051
6851 2369 1825 389 1738 3949
3877 5076 4675 2245 2241 2250
479 2853 3876 6985 1615
4125
4155
4158
1
3923 3873 6723 3509 2262 3275
4129
6179 4136
4159
4155
4156 4159
1773 431
4158
4156
2051
4159
2944
4136
4694
4158
4090
2972
4081
5847 3892 5326 6855 3273 3275 5325 4676 1547 5752
4126
4125
4154 4112
4154
2369 4156 3921 1698 4902 4667 3952 4668 3686 3674
3509
4155
6324 455 3889 1530 2755 3881 3881 5752 3881
4112
4159 2051 1530
4126
3338 1538 5420
4158
2851 3510 3261 1892 1859
6979
2642 2797 5123 2910 4126
4131
1530
4126
4112 1530
2051
2052
228
4157
163 163 163 163 4126 6178 4074 4126 163
4112
4074
1531 6336
2325 1530
1668
4126
4159
1533
4154
2053
4155
2051
2369 3962 3275 2797 3875 3881 3899 5606
3268 4217 3269
2656
4136
2051
2944 4126
2051 6691 6690
2549
3156 2381
4125 4125
1760 2756 5808 2407
5754
4112
3294
5531 2646 2886 4074 5531 2886 2646
285
4218 7266 4155 3153 6012 1538 4218 4216
2051 4156 4155 4157
2051
4137
4125
6926
6263
4112
6687
4159 4112
4112
4155
4125
4154 4126
4126 2944 4125
6942 6924 2538
2656
4291
1102 1046 1120 6723 1077 1076
2051
4087
454 1615 2281 6853 3334 454 6853 1615 454 455 1615 3334 5969 454 3334 1615 5978 5978 454 1615 3334 6255 3334
4159
67
6823 4125
6257 3591 4158 6938 3475
4154 4112
4112
163
4156
4156
7116 7245 6855 2754 3374 1547 7303
4125
4125
3423 3205
169
1530
386 3062 1710
620 574 4145 692 3889 4144 3307 4217
4125 4156
4126
4112 4126
4126
4155
6691 2465
4157
4156
6972 4125 5817 3408 2944 6012
4112
4125 2944
1683
2797 3298 4223
2051
1855
1708 2224 4533 4154
4125
4125
4126
4154
4136
1532
4156
163
3324
1738
3910
1538
4159
4125
4156
4126
3868 3886 3962 454 1738
4155
4155
4158
4156
4155
4158
