4074
4125
4104
3510 5844 4908
163 2946
3275 2317 5623 5607 5764 6855 3877 2754
4125 4112
4125
163
4126 4125
4112 4112
4065 2946 4112 4112
4125 6532
6666 1531
4074
2946 4087 4074
4126
4125
2946
4076 4074
4104
163 1538 163 1538
4126
4126 4126
1538 1538 5623 2908 4149 2906 1707 2921 1538 1538 1538
4817
282
6175 4125
163 1538 389 1825 5925 4289 7074
1531
4112 4112 4099
163
4125
608 682 709 4126 6535 4112 709 608 667 608 709 4112 682 709 682 608
577 1737 1853 692 701 649 709 709 602 701 649
2946
4127
163 163
163
4126
5470 608 1859 1893 674
2946
1538 4126
3510 1533
693 1738 455 1871 1737
4125
2290 2290 3389 2946 4126 3389 3389
5326 1862 6723 2237 2723 3509 1738 3278 608 6347 5326 1862
4670 2651 402
4074
4127
2945
3270 3876 3307 3269 1760 3885 3286
1538 163 1538 163 838 1538
2946 6179
6971 3269 4908
4126 4137
6324 6361
1757 6517 2797 2946 3881
4126 4126 4074 4099
4125
1380
1858 676 1855
4126
699 479
4075
4125
163
1738 4112 454
163 163
4125
1047 1132 1388
4112
163
2946
4074
2946 4069 163
4129
4129
4074 203
2368 3405 2825 1795 6313
2640 2729 277 1538 163
163 1538 1538 163 1538 1538 1538
2946
4125
500 1862 5154 2374 3900 5326
4065
4126 3875 4218 3424 2362
4126
4126 4130
2946 6179
1538
202
4126
4049 2948
2946 4074 1531
4126
4074
2946
4125
4065
1797 1776 4483 4149 2684 163 1538 1538 163
163
5629
163 163 1538 163 1538 163 1538 163 1538
4126
4126
4074 4103 2946
1531
4880 4533
6175 4125
863 455 2387 4125 4112
455
4126 4112
2180
3272 2369 2807 1982
1530
4126
3922 2362 3274 878 1089 1120 720 1855 688
4126
1538
61
163 1538
4112
4126
4112
1538 163
4125
6175 4125
4125 4125
1538 1538 1538 1538
7371 7370 7369 1531
4125 6527
4126
4112
1538 1538
1947
2180 4136
1538 1538
4074
4104
4074
4125
1538 163
4125
4074 6743 2946
4065
5640 4112 4112 4112 5640 4112
6217
1531
4125 6178
4125 6178
4125 4125
1135 1378 1152
1097
4112
4125
230
4125
4101 4074
4126 2965
1538 1538 163 163 1538 163 1538 163 163 1538 163 1538
2946 6000
163
1686 4126
4126 4112
699 500 649 6396 4112
4112 4136
2946 4112
4112
4112
4125
4074
4074 2946 1538 4112 4112 4112 3886 5607 1547 5619 2374
4125
35
5839 5470 5839 5522 5623
2180
4074 1531
5802
4125
4136
6536 4126
4087
6
2946 2180
4126
4112 4112 4112
4126
4131
1530
4112 1530
2825 3022 4221 3320 5792 3297 3273 4387
688 600 1164
681 1615 5925 4304 1855
1531
1947
4126
4074
4126
4112
1531
2180
4125
4126 4112
4127
374 6347 6722
1531
4074 2180
1532
4204 2864 2727 2783 5925 6850 3391
163
4104
3487 6951 2690
2946 6062
4112
4125
4125
5169 5168 4868 5410 4869 2946 6546
4136
4126
4125
163 163
4112
6556 2946
4126
3510
2946
285 4130
4663 5796 2369
4112 4638 4112 4112
4125
4126
1531 4112
4126
6536 4125
455 1738
2134
4104
4126
4112
4136 6536
4130 4125
6457 4125
4126 4112
4112
4126
64 64
3273 2319 5640 4112 1530
163 1669 1538 1538 163 1538 1538
285
2946
4126
2764 5796 5633 2587 5607 3878 6012 3268 3894 3296 3874
2946
4127
4126
4112
4131 4131 4131 4131
2912 2911
4126
4074
4101 1531 4112
1531 1538
4126
4125
4126
2461 5285 3875 2775 2797
1697
4125 6175
2224 5941 5827
4886 5631
4112
2946 2946
4125
3264 5929
4112 2946
2946
1757 649 2864
4074
163 163
4126
4692 2797 6560 1538
1858 1669 4438 2886 455 2723 6729 1858 2645 2646 4438 3278 2390 1547 6725
4125
4112 2369
4126
431 889 891
6013 1774 1743 5628
4125 1530
4126 6532
2180
1530
6712
6894
4112 2946
3347 5848
202
4125
4125
3
5640 1538 5929 1531
662 1738 673 1672
4112
1538
1390 1077 1117 163
1538
2946
2946
4131
4074
2180 4112
4074
2946 4125
148 173 37 202 150
4126
4112
2946
4125
1855 676 608 709
4126
4125
1824 1824
163
4074
163 4136
4112
2946
1538
4074 4099 4131 4112
1
4125 6532
1538 4126
6675 3898 2387
4149
1531
4125
4126
4074
2140 2946
2946
4104 4104 1538
3273 2540 3877 4880 1547 2547 7222 1531
2797
163
2369 3876 2211 2777 3876 1704 2768 2369
4125
70
2946
1704 2855 5471
4074
4126
4126
4125 1531
2946
2946
2946 3933 1547 2374 3405 6341
4112
1533
2180
6336
163 1538 1538 163 1538
4125
4125
4126 6179
4119
4443 2329 3264 2333 3875 3265
4128
2903 2918
4126
4125
6451 4126
4104 1531 4074
3517 2457 2583 2480 2597 1742 2991
4136
1531 4908 5325 2369 5763
7073 7070 2834
163 163 163
4125
3623
4112
4074
4126 4112
6729 2024 3509
4125
1531
4074
4112
163
4125
4125 6457
4136 4112
4125
2
4112
4074 4074 4074
1531
1538
2139
1797 2368
4126
1531
1531 4112
4074
1807 1813
4074 1531
4126 4126
4112
4126
1530
163
4125
4136 2905 2946 1963 4067
57
4074
4074
4112 6371 4112
4126
4101 6889 6887
4125
163
224 4694
2667 500 1738 1166 1713 7354
4112 1531 1531
190
2180 2946
2836 6395
2180
4125
163
4074
4125
1091 2458 3878
1531 2180
4125 6555
3273 3321 3268 6723 5847 5607 3906 2224 3546 3907
6293
4112
4074 4126
4065 2946 2949
3420 1738 1669 2651
456 1669
163 163 163
4112 4112 4112 4125
3240 282
4125
2773 3889 5471 5969 5929 3639 2250 3309 2374
4129
1530
4074
6265
1531 4126
1538 1538 163 454 1538
4074 4129
2538 3276 3103 3269 3118 3643 3644 3408
1538
4125 4125
6723 5781 4303 3278 3877 2237
1751 6970 4112 4112
163
53 3520
4126
4125
285
2281 4898 3964
1531
4099
4129
4112
4126
2287 5293
1047 6901 1479 1047
2946 6062
4074
2946
1757 2180 1757
64 228 228
4112
163
163 4125
4125
3461 1855 391 2631 4112
4112
1785 389 1825
6242
854
163 6287
4104
2180
4112
4112
4112
4126 4125
602 688 720
6175 4126
4136
1
4125 4099
1531
3414 4264 2797 2754 3878
4125 4112
4125
163
4112
4126
4074
8
163 163
6175 4136 4074
2946 4125
2946 4126
4136 4125 4112 4112
1538 1872 1827 1874
1846
4112
4126 163
4125 1531
1531
4112
163 1538
6365
4126 4112
4074
4074 4112
4125
4126
4112
3875 2387 5335 4389
4126
4136
163
1531 4126
2946
4145 1390 1479 1400 431
4125
1710 386 6968 2870 6901 5029 4225 1710 3274 2911 6901 6266 386 2913 1547
6178 2946 4074
1760 5607 3880 5622
2367 3334 6395 4012 1547
2946 4076
4125
3882 3911 3948 3882 1531
3275 5619 5440
2946
1531
4074
4125
4112
4126
4126 4126
4125
858 2946
4131 4131
6178 4125
207
1963
163
4074 4074
4126
6666
5521 6262 4125
163
2946
5339 4304 2796 3509 2645
163
2317 3636 4723 5625 3881
2946 6179
4126 4099 5293
5978 2374 2237 4908
1759 1759 6175 2908 4126 2946 2911 6175 2912
1530 4126
2946
2681 1820 1686
2946 6065 3878 3269
3502 4074
163
4125 4125
4125
2770 2368 4880
693 1861 454 1738 455
2946
4074
1538 1538 1538 1538 1538 4112 1538 1538
1853 699 502
2946 4126
4074 6176 4126
2374 3949
4112
4132
2946
4112 4112 4112
5477
5392
1530 4112
1703
1538
6259 6325 2911
4074
1531 4112
1530
4132 4074
1378 891 431 717 4799 431 717 1378 870
4112 4112
4101
163
2930
4112 4112
4074 4112
4131
8
1530
4622 1531
4125
4126 1538
4112
4125
4065 4074 4049 1846 4074
4125
4126 1538
3692 1703
2755
1119 1076 1388
4126
4101
1531
3408
4132
4126 4126
2946
1738 5625 5612 2362 6662 5781 2242 1530 1547 6356 2659 1669 6722 1738
4125
4129
163
4112
4126
1538
4136
4074
4126
2946
1530
4125 2946 4112
1531 6100
8
4136
6175 4125 1530
163
228 66 228
1785
4126 6178
4 44
4074
4074 2946
4126
5624 5344
4125
5952 5549 5549
824 731 734 755 431
3408 3558 798
2180
4074
4137
344
2646 2325 602
4112
4125 6179 2180 2139 2928
4112 2912
163
4112 4112
4125
2368 6368 6368 6368 2368
1533
1531
4126 4112
4131 4130
4125
5624 2369 5332 4670
4136 6741 4126 6741 6741 4125
4074 4129 1530
4125
4126 6537
4125
4125 1530 4112
5294 5293
4126
2946
4074
1538
1538
2317 3475 2645
2946
5941 2911 2414 2414
4070
163 163
6459 2946 4136 4638 4136 6458 3822 4638 2946 6458
1855 602
4905 6971
4126
3301 6985 1698 2213 6957 6985 4169 5765 1547 3341
4125 4125
2907
4125 4112
4074 2946 4125
1538 1853 649 2857 1538
6175 4126
4126 1531
688 607 709 590 1738
7084 7223
163
1531
1738 700 608 5929 1615
4074
2387 3877 4263 1547
5754
3494 2946
4112
4076
4112
2946
4074
163
4112 4126 4074
4112
1530
4125 6176
4130 4132
4885
1530
4126 6533
1846 1846
1774
3411 5651
4074
2946 4126
4127
4126
2946 6176 1530 4189
6458 4126
163
1846 4104 1846
6458 4125
4125 4081
163 1538 1538
2627 5608
4125
4074
4125
2956
1538
4126
5750 2368 3276
2946 6184 4112
4125
4112 4112 4074
3573 6889 6953 3572
4129
610 6722 608
4126
2946 4136
4112 4112
1532
163
163
163
1947
4126 4112
4074
4126
163
4129
4125
4112
4126 1530
4126
2946
2946 4136
4126 4130
4126
4125
163
163
4115
6368 6367 1693
4126
4112
2586 5592 4112
4126 6539
4112
2946
4126 6532
2945 4126 6175
1531 2965
4126
1530
2946 4112
1531
1530 4126
64
4126
2946 6175 4136 6175
8
5025
1531 3941 3890
2946 6175 2946
4112 4112
1530
4112
4126
6178 4074 2946
10 3
4128
4099
1538
4112
163 163
6527 4126 4112
4074
163
3374 3659 4537 269 4280 2625 3510 5373 2864
4112
1538
2946 6476
3273 2230 2210 2381
2461 6796 1726 6969
1885 6926 458 1474 6984 1467
4074 2946
4112 4112
4126
4112 1530
4125 4112
4291 2319 1532
4074
1530 1859 2366 2946
4125 2180
4125 4099
1530
2946
6800
1530
4125
4127
163
163 1538 4149 4877 3272 1538
1538 1538 1538
3637 4144 3334
4099
2956
5867
4112 4126 6175
1530
4125 2180
2946
4125
661 688 597 614
4886 2587 5746 5743
163
4126
4112
649 1164 676 608 1738 6792 2852 2326 1855 5826 1853 709 688
1846 1846
1530
4075
6459 4126
2946 4137
1531 4112
6985
2180
4112
1531
1531 4125
4125
4074
5920 2797
4136
1538
6295 6014 6295
890 431 4145 3914 4144 3952 1547 431 4145 1072
4126
2946
2946
1530
163
4126
2584
4137
163 1538 1538 1538
4125
4125
1738 682 543 661
4126
4126 1538
4125
4074
1538 163 1538 163 1538
4136 6162
4125
3037 6858 3195 1547 4144 5329 2130
4074 1531
6013 684 602 649
4128
1394 891 716 1046 1119
1530
4131
2905
4137 2946
1966
4125 4125
6003 4126
4112
3299 2633 4676 3900 5471 6723 4675
4074
4129 4112
4126 4112
5994 2946
4112
4076 2946 4136
4125 4125
4125
2180 4126
1791 2823 2249 4144 1737 4145 454 1868 500 1164
4112 4149
4112
4112
4126
5839
2946
203
4112 1703 3273 3409
4112
6855 2797 3949 5295
701 6231 600 1848
4074 4112 1530
1531
4127
2890
6258
4127
1538 1538
4437 2368
4126
1846
2180 5815
2946 6178
4823 4806 6675 2946 4218 6178 6277 2930 2322 6017 5440 6340 2211 5632
3161 2912
3259 1716 3414 6722
1530
1538 4149 1538
1530 4112 4112
2956
5762
1615 4145 1740 1166
4074
1846
6178 4125
163
4136
2983
6976 1850 2368 2497 649
2381 1785 661 2369 4631 2756 1785 4389 6961 3881 6792 2368 1547
2180 4125
2946
2180
2946
4126
4125
4125
4136
4125 4112
4128 6499
4125
1538 1538 1538 1538 1538
163
4112 3334 2756 4626
2946 6163
4074 5591 2946
2180
4125
661 1738 607 1615 605 709 688 699 1672 608 454 5747 1862 455 1740 4818 2946
4263 2375 5765 2836 3307
2362 5214 2946
5941
4125
6175 4125
163
1388 1096 1077 1119
4112
4112
2946
163
1530
1530 7172 7151 7171
6698
2946 6062 1531
4126
1532
1531
163 1538 163 1538
4127
6908 3510
2180
2317 6293 3275 5752
4126 4112
4127 3320 2633
4112
2946 6178
4112
4074
1530 4112
4065
222
4137
4126 1530 4112
2139 4112
4126
1931
4137
4126
4136 6450 6451 4126 4136 6451 4136 6449 4112
4074
4125
2180
6175 4126
4125
6887 2778 4398 5752 6885
4638 4136 6535
4112
1846
4125
5827 3510 5612 6346
4112
2180
4074
4126
6722 5772 5752
5607 4112 3657 6355 4164 2855 2851 3327 349
4126 6179
4112
6423 4125
4125 4112
4126
1097 1006 928 1119 431
4126
4112 1379 1394
6178 4125
2946 4074
4112
4074 4125 4112
4074
2180
1538 163
2797 5612 5623 2797 3891 6855 3692 2729 4280 4493
2180
4126
1530 167
1474 1472 1492 1108 1519 1128 1119 1072 906
4125
1873 1859
285
4074
2180
1531 1531 163
4126 4125
1530
4126
4387 2374 2224 3269 6972 6295 6972 4389 4304 2374 3294 6345 1547 4663
1531 4112
1530
394 1882
4126
2180
2946 4112
4126 2946 2946
4074
6532 4126
4112
1530
1076 1388 1130
1530
4099
4074
5607
57
2946
1748 5975
1947
4126
4126
4126
4074
2946 4126 4074
891 2362 1394 1135 1381
4112
1530
4074 4126 4074
4126 6175
4112
1531
1772 1538 5640 4149 1538
455 1669
4126
163
4125
4125
1531
163
4895 5530
1669 686
4090
163
163
4125 4112
4125
4112
4126
5994 1532 4112 456
4126 4132
2946 4126
2946
2946
1885 679 1855
4126
4125
4126
1927 408
4112
2795 4095
4126
4084
4126
2911 4074 2912
4112
5801
6175 4125
6238 1693 3869 6988 6986
4126 6176
1858 699 649
1531
4112
4126
4126
4136
1538
2946
6793 6971
6013 6971 4136
5392
4074 4126
1791 4149 6251 6241 163 1538
2930
6178 2946
4738
4112 4125
4099
4125
6345 4144 6336
4074
1538
4127
2319 1703 6675 2236 6293 4112
4625 2224 5752 1698 1697 4112
666
1738 455 4145
4074
2946
2651
4125
4126 4112
6395 4144 3914 1379 4145 1135 1378 891 431 1135 4145 4145 1379 1135
4899 4904 6722 2775
163 163
2953 1531
163
4127
492 1532 6000 689 661
6176 2946 4074
4112
4125 6185
4074
4125
5339 3878 2635 2841 2833 4112 6438 2946
163
4125
4112
4264 2466 2754 2797 3877 2496 1538
1531
4112
6171 5806 649 4182 3326 374 5806 6171 5806 649
4087 2945
5806
4125 4125
163
6184 4126 6175 2946
4125 5992
4112
4112 4112
4125
4112
4126 4112 2946
1738 1615 1855 699 1871 688 2946 3535 3533 6605 5223 2368
2930 2945
4125 4074
4128 6175
4126
163
2776 5801
1862 1669 1864
3463 392
4125
3881 2459 4144 6308
386 1710
4112
1530
4112
4112
4065
4125 4125
2966 4125
4126
1530 4126 6175
4101
2950 3874 3509 6855 5630 5632 1547
4126
5806 5806 2595 2797 3510 5806
4443 4144 5344 4144 4443 5344 4443 4144 5344 4144 4443
4126
4095 5294 5294 5294
4558
4126
2855 1533 5813
4125
163 163
4125
6175 4125
891 890
4112
163
2946 1531
4125
2946 4074
4125
4125
6178 4126
4112
57
6971
6176 4126 2946 6176
1846
6179 4126
4126
2946 4129
1531
4125 6175
4694
344
4112
2975 1530
6178 4125 1531
1538
4125
163 163
163
4112
4112
4126
6974
4074
2362
4074 4104
1538 1538 163 1538 4280 2440 1538 1538 163
4112
4125 4099
3286
4126
3509 2723 2220 3875 1547
4149 1532
163
6969
700 1848 649
5028 4125
1868 592 620 1853 600 507 557 1848
4125 4112
1862
4126
1697
4112
4131
4125
1538
6710
4126
3509
4137
1133 1072 955
4126
4099 1530
4074 1531
6635 2946
4136
1381
4125
6984 5531 6293
1547 6326 2369 2635 2326
5476
6175 4126
4073 4112 2927 2946
163
4112
1474 1471 1499 1510 1523 1858 1890 1738 507
4125
6179 4125
2946 4074
4125
4125
4125 4125
4536
6258
2698 5821 2930 5829 6990 2640 2633 3278
1538 4112
6177 2946
1530 1538
4074
163 163
4112
4112
4126
2853 3952 4303 3910
4972 6259 5623 3432
2863 3209 2768 3875 3274
4136
1399 891 1120 1009 431 4145
1538
1538
2180
4125
4112
4126
163
1530 1538
4149 1538 4469
6178 4128 6178 2946 4128 6175 4128
163
4126 6536
57 63 5392 5392 57 5392
10
4074
1531
2946
1530
4125
6175 2946
4112
202
4112
1533 4582
4125
6178 4126
4126
4074
4129
163
1530
4112 4112
4125
2627 3276
4126
163
1532 1538
1947
4126
163
4112
163 2946 6178
4074
4112
6666 4112 6242 2483 1738 454
890
4146 2565 2565 2618 2565
4092
4125 4125
4112
3836 2963 4099 2946 3836 2949 4049 2946 2946 3836
4144 3670
1530
163 163
4112
4125
4125
4112 4112 4074
4129
163
163 4149 6668 5651 163
207
1530
4126
4074
4127
6969 6969 6969 6969 6969 6969 6969 3509
1538 163
4104
4126
4126 2946
4145 1027 1474 1120
4125
4074
5829 3307 6969 2756 4144
4126 4125
4125 4112
4112 4126 4112
4125
2134
4126
4125
4104
4128
4126
5514 3510 1077 6907 2241 5795
6179 4125
4112
1947
4144 5929 5929 4144 5607 5929 4144
163 163 163 163
4126
2946 6175 4132
2852 1837
4126
4112
6971 6313
4144 2659
4125 6178
4112
1723 388
2374
6293
4125
5622 5845 2797 2776 6320 3268
4145 557 630 689
1801 1807 5752 2368 4638 4136 1801 4136 5752 4638 5631
4074
4125 6175 1531
4125
4135
4125
2946
4126 6549
1531
4125 4074
6668 2230 3275 1785 3338 3881 2369 5951 2237 2649
4112
188
4670
1532
4136
2180 2946
163
4125
4125
4126
4126
4074
4112
2946 6175 163
4112
4125
4074 4112
4125
2946 4136
163
4126
2946 2946 6178 2956
3387 4291
6372 5793
4126
163
2
4125
4125
163
2946
5607 3893 3060 4144 2261 456 682 4145 1615 1740 502
4125
5392
4126 4125
2956
4125 6175
2910 2905
4112
4112
163
383 1861 1304 373 1308 1296 1294 1280 1361 1363
1533 6361
5806 5807
5530 5625
2955
163
4074
6126 2947
2851 3409
4144 5813 4303 5840 6398 6793 4144
1530
1530
4126
649 700 593
4125
4126
4126
1707
4125
1532
1391 957 1091 431 1119 1096
163
163
1669
1533 6545
2946 4125
4126
2214 4144 2344 5848 4144 6675 2216 2776 6986 2773 4144 2723 2390 4144 4144 1547 2723 2390 3509 2624 4144 269 4879 4144 2625 1774 3037 4144
1821 1685 2631 4144
163
3558
5522
4125
4126 6012 6725 5993 2946
163
2180
1533 163
2139
3309 5806 2775
2946 1531
4112
1785 5623
4125
4126
202
163 163 163
4136
5483 5801 5471 4387 3858 3886
163 1538 1538 163 1538 163
2946 6180
4125
4126
3003 3941 2440 4144 6341 6346 3437 4144 5336 3003 6345 4144 2836 6354 3623 4144
2367 4225
4074
4125
4125
2134
4074
4112
163
3510
2366 6232
4126 4125
163
1531
4126
4136
4136
5293 4112
4112 4112
4293 2946 4297
163
163
4074
4112
2946
1533
4074 4074 4074
2946
4127 4135 4130 1530
3510
4074
2946
4126
4125
4112 2946
5109
1538
4074 163 163 163 163 163 163 163
2946
1119 1089 878
2949 891
4112 2946 6460 4136
6178 4136 4112
6176 4125 6176 4125
4128
2440 5154 5929 1119 928 1120 1111 1097 1388 1047 1010
1705 285
1530
163
4069
1846
5651 2756
4127 4135 4130 1531
1538 1538 4149 1538 1538 1538 1538
4074 4074
4112
2946
163
4126 4112
4126
1530
4125
4131 4131 4101 4126
4136
4127
4126
163 2946
4126
4112 1531
4280 3037 1547 2764 3558 3269 3885
4112
6685 3309 3657 3696
4125 6459
4125 6175
4126
5490 6722 3275 3881 3882
4125
4126
163 1531 1538
2946 6176
4126
4126 2946
4125 4099
2946
4112 1531
163 1538 1538
6251 6238
4112
1931 1931 1931 1931 1931 1931 1531
6336 3982 2578 6346 280
4074
1530
4125
6179 4125
1531 4070 4074
2967 2911 2966
1479 1141 951 1532
4126
2777 6682 4507 6681
4125
3386 1532 6878 2828 6878 3386 6878 6324 2627 3386 6324 6878 6324
7234 6019 2946
1531
4126
4112
4126
4136
1738 1862 454 1615 2645
4112
2946 6177
1531
4074 4125
1538
4128
4125
6179 2946
4125
5313 2362 5752 1531 6048
163
4125 4135 4130
3833 3835 4126
4125
1032 4440 5294 2538 2483 431 1124 1077
163
1531 4126 2180
4074
163
6299 1776
2946 2946
4074
163 163
2220 1858 5844 3195 2832 2825 2287 2209 5633 2209 2287 5495 6390 4175 1858 4174 1858 6675 6390 2211 507 586
4081 4074
4136
1442 1430
4074 4126 4112
4125
4670 3924 3338 2326 4675 1813
4125
1399 1378 1394
4112
6178 4125
2946 4074 6176 4112
4125
6969
4126
4125
1531 4112
4125
2946
4126
1444 1448 1432 4145 5941 4144 3889
4126
2949
4125
2946
4125 163
1750
4125 4112
4125 4135 4130
5839
4125 4112
4126
2955 4087 2946
1709 1709 1709 1709 1710 1710 1709 1709 1709 3259 3261 1709 1709 1709 1709 1718 1709
4074
4136
2827 3334
4125
4112
4074
3957
2040 5823
3638 2797 2387 1532 4074
4099 4131 4131 4131 4131 4132 4131 4131 4131
5488 2465 5913 2326 1530 4112 4112 4112
4137
4136
4125
4126 2945
4074
2946 6178
4126
4112 2946
5532
4126
2664 5530 4696 1703
4125 6266
2946
4074 4074
4126
1531
4074 6850 5977 374 5976
2180
1538 1538
4125
4112
891 431 888 455 1604 1738 4069 2946 6564 1672 600 700
3644 2852 3334
4137
4125
4112
4135
1530
4074
1530
4125
4126
2946 2690
4126
4049
2920 2946 2946 2906 2922 4126 2910
6355
6177 4125
3898 4144
6299 4012
4112
4112
2946
2946
1531
4126
2665 3882 4723 6668 3297 3298
4125
4125
4112 4112
4128
1530
6710
4126
4125
4126
2841 6971
4126
4125 1532
163
1751 6722 6690
163 1538 1538 163 1538 163 163 1538
2180 3188 5533
2946 2139 6047
163
6539 4126
4112
1530
2466 2634 2481 3877 4888 3878 416 2118 5028 1547 2975 4074
4129
4125 5517
4694 4074
206 206 206
592 5925 3264 5482 610 590 649 691 1850 592 5612 5482 5573 592 674 610
4126 5867
2956
4125 4112 4099
4125 5467 4112 5467
163 1538
1089 1128 4145 1394 1389
693 1672 596 4145 693 455 4145
2797
4112
4074
2946
4074
2180
4131 4130 4132 4132 4130 4132 4130
1538 4112
3900 4387 1531 6295 6003 4556
163 1738 1740
2946
1530 4112
4125
4112
1533 4883
3
890 1394 878 891 715 455 1737 454
2966 2965 2922 4126
4125
1531
4074
163
4126
1531
6990 4144 4112 4144 6355 2625 1388 1378 891 4145 1135 431 3049 4144 5744 2624 3921
1530 1538
4112
4104
4112 1530
4112
6729
5801 4144 4663 4144 1759 5475 5772 4437 1759 4144 5770 2281 4144 5773 5772 6398 4144 1759 5764 5765 5752 4144
4112
5740 2214 1547 6723 4144 2369 3922 4144 2633 2214 1547 6402
1531
4074
3060
3334 2631 4144
4126
6700
4074 1530
6971 3204 2241 4674 3204 3509 6971
4112
1530 4125
2631
375
4125
163
4125
3949 5848 1758 4144 1801 2797 5875 4144 2583 2209 2797 4144 2886 3640 4144 2209 5875 5629 5475 6675 2209 4144 3644 6675 4144 5875 2797
3414 4221 3876 3877
1879 1895 1850
4126
5754 1915 6264
1538
163
163
35
4125 4125 4125 6365 4112
4144 2387 2390 2723 2390 4144 2390 2723 4144 4144 2390 2723 2390 2723 4144
1538
2180 2946 1530
4125
4125
4125
1530
755 739 730 818 785 431 765 817 731 745 736
163
4074 1531
2362
5236 4618 5235 5496
4126
163
4073
4125 4125
163
2203 2828 6013
4112
4126 4131 4130
4126 4112
1965
4112 4112
6536 4125 6535 4125 4125 6536
4136
4074 4112 4112 4112 4112 4112 4112 4112
3437 4144 6354 2250 1547
4104 4104 4104 4104
5740 2797 4144 3949 6311 2797 2209 5475 4144
4126
6990
4074
2946
4389 3921 3881 2242 3638 2645
163
4112
4126 4074
143
4126 4112
4127
4126 4074
4144 2225 2823 2884 6668 4144 2884 3437 4144 3278 4144 2643 4631 2656 4144 3437 3405 3437 4144 3437 4631 2643 4144
1538 1538
4112
163
2461 5801 1821 5801
2946
4112 4126 4125
4125 1530 4130
4126
6242
6971 6969
4129
6535 4126 4136 6532
3639 2387 5929 4189
4130
6170 5477
1530
2946 6000
2723 2764 4443 2583
1531
4126
2946 6179 1538 5630 1704 1538
6336
4112 4112 4112
3037 4144 3640 4420
4074
4125 4112
4125
6179 4125
5744 392 3463
1531 4112
6178 4126
163
5750 5740 1394 1378 890 2762 2440 884
4112
4063 2946 4125
4125
4126 6178
4125
163
2944 5929
4112
4126
6176 2946 6176 4136 4112
4126
1850 1738
4074
4074
4112
4074
4136
6175 4126
4074
4074 4136
4676 4674 2390 2340 4669 3275 3278 5752 2764 5792 2851
4136 4136 4136
4125
3322 163 163
5752 5607 3881 4677 2754 3636 3878 2665 4263
1862 4112
4112
3385 3387
2565
4112
1894 1326 1895 1801 5638
4886
163
4074
1538 1538 163 1538 1538 5845 1538 163 1538 454
6165 4125
3307 3877
2249 6345 4144 5749 163 2322 2216 6410 4144 4144 6345 3001 5749 2216 4144 2322 6410 4144 2322 6392 5844
4144 2796 1704
5817
4125
4125
4074
1715
6014 6409 6013
2319 6722 1738 6972 1858
4128 4112
4126 6096
4127
2946 6176
4112
4137 1531 4137
4074
4125
2633
4126
6000 2946
163 163 163
5489
4087
2946 163
2140 1751 3582 6705
4074
4099
4112 4126
2180
2390 4144 1547 2362 6969 1813 2390 4144 6690 4144 1813 2390 5875 1813 4144 2319
5144
163
4112
4126
4112 4074
2458
1547 2764 6722 3906 5746 2833
1538
2946
5392
4126 2946 4126
6675 6969 4144 3656
4112
2956
4112
4125 4125
4074
2134 4074
4125
2946 1846
4112
6390 3350 5925 2207 2207 5929 2834
2368 6352 3082
2946 6179 4126
4125
1538 1530
4099
1391 431
2947 5113 6325
2956
1530
4126 1
4126
4126
4099
4112 4112 4112
2946 5994
2827 1796 4136 6536
1538 1538 1538 1538
1530
4074
2946 2946
4126
1531 4112
4126 4074
163 163 1538 1538
4126
163 163 1538 163 163 1538 163 1538 163 163 1538 163 1538 163 1538 163 1538
2946
4136
4125
2213 3420 4144 6242 4144 2368 6247
163 1538 163 1538 1538 163 1538 1538
2946 4103
4112
6402 3881 5752
3842
3657 4144 3436 2788 4264 2864 4144 4439 3436 2864 5246 4144 3003 4144
6295 1776 1531 6320
1862
4126 4112
4126 4112
5470 1531
4129
163
4755 163
1709 385 1531
4074
2768 5929 3273 2382 3875 5752
4112
1530
340 2946
1738
4011
4112
4074
2225 3875 4437 2775
163
4126
163 163 163
4129 6175
6175 2946
1915 1915 1915
2775 3391 3268
4074
163 1538
4074
4126 4126
4112
4126
5530 2631
4125
1538
1531
2963 2911
2459
6179 4125
4136
163
3959
288
4125
2946 6175
4074
1820
6398 6310 2366 2213 6309 5828 2220
2919 5696 2910 2906
1530
2946
4125
4125 6500
163
4125
2946
455
4112 1531
1538
2946 6175
4132
163
4136
1530
5607
12
4074 163
6184 4126 4112
602 6000 1532
5598
2 2 2 61 4112
4189
4125
1861 1871
4876 4147
4112
5837
1846
4126
3964 3060 4144 2631 3049 4145 1146 891 1378
890 1148
4125
163 163
4112
2656 5940 5941 2642
4074 4136 2944 2947 2946
4074 4074
1538 1538 384 1688 454 1538 163 1538 1538
5496 6972 2851 6346 4289 401 4289 400 401 4289 2851 6972 3273 6972 6014 3145 5845
4112
4112 4074 2946
2944
1997
4125 1531
4112
4127
5522 2645 3910 5640 5532 2224
3898 5801 4144 3911 4525 4144 5801 4144 3911 3898 3847 4144 4144 4525 2752 3657 4144 3898 4525
6352
4112
4074
1531
4074
6175 4126
1681 1531 1681 1825 6317
1531 1530
3269
1547 5941 4420 2656 2787 5940 2788 1707 2578 4126
4125
3844
4126
3510
6457 2946
