4158
1294 1361 373 1343 1329 1278 2051
228 4157
4154
4154
4074 273 4158
4112 2934 4158 2911
2944 1808
4602 1532 4595 4607
4154
5793 2603 2331 5339 2832
67 4157
4154
2051
4156 4154 4158 4155
4158
4112 4159
4112
4156
4158
4156
6536 4125 4125
4125 2051 2461 2317 1776 4154
4159
4159
4074 4158 4112
4158
2944 6000 2051
4158
1532 4112 4159 6172 5646 2386
955 890 1538
1530
4154
1538
2051
431 4158 4074 4112
4158 4157 4155
2180 4159
1538 4155 1538 1846 1538
4156
4905 2051
4155
2811 3268 3373 4155 1746 5549 2811 6727 1581 1836 6802 6727 3373 6803 3408 2780 1836 1582 1531
4155
2051
6722 2944 4157 4632 4112 2374 1798 4112
5819
2051
2051
4156
4155 1530
4156 4126 4125
2362 2051
2051
4125
4156 5723
4156 21
4157
4159 4154
4157
4154 4126
2051 4125 4125 4535
4074
4126 4125
4156
4126
4112 4158
285
4159
2868 6723
4157
163
6244
2051
6923 5788
4112 6877 4039 2369 5532
4157
4156 4112
2051
1120 929 1388 988 1047
2797 893 870 2797
4155
4157 4159
4074 1 4155 4542
4158
4112
2051
2051
4154 4125
4158 4074
2227 4663 2051
4159
2051
2051
4159 1530
4158
4154 2634 4155 4157 2628 4159 2634 2628 4156 4158
4157 4125
4158 4158 4156
4154
2051
2302 4174 1738 2954
4159
2583 2851
4126
4157
1692 7227
2051
4156 4542
4126 4157
4112 4158
2051
4125
4158
4112
4155
4156
4155
4159
163 2051
4156 2202 1530
4125
4127
4156
4126 4140
2051
4131
2331 6855 3269 2325 2944 608 682 1740 688 1615 3338 720 2944
1
4112
4112
163
4156
2074 1161 2855 4159 1394 4155 4158 6723 4112 1531
4126 2051
4156
4156
2944
2051
2051
1703 2331
2237 2241 6722 5829
4155
4156
3282 3320 2773 3319
4156 4155
4156
4130
4158
2051
2203 2214 6914 2807 6241 2806 6238 6272 6365 2334 2437 4112 6365 2374 2764 2203 2334 3143 2806
4157
4156
4125
4158
4126
6988 2051
4155
4158 1742 2051 4159
4156
2051
4156
4155
4155
2051
4156
4159 1947
4157
4157 4158 4157 4159
4126
4154 4051
4158
2497
4125
4159
4158
4074 4159
2051 3560 3560
4126
6723 1751 5532 1547 3317 4373 2806 1750 2051
2051 5392
4157 4157 4156 4158 4156 4154 4155 4157 4159 5608 4155 6013 4155 63 4155 4112 4112
2051
4157
2051
2051
4157
4125
4126 4112 4156
4157
4112 2051
6961
2236 3541 6346 2813 3949
4126
4159
2051 2901 4112
4157
4158 4157 2051
2944 4136
1530
2051
4157
4154
4131 6690
4156
4155
2944 4074 4126 4154
4155
1705 4158 4156 4157
4126 4158
4074
4159
4154
4159
4157 4154 4159 1776
1738 1615 1855
2051
2944 2051 5991
4154 4125
4157
4155
4154
6012 4144 4908 5532
4112
4157 4074 1530 2949
4159
4159 2565 2660 4112 2565
2946 2051 4112
4157 4112 4112
4125
2051
2325 4159
3842
1530 4159
2051
4158
6797
2051 3510
4131
4155
4157
4157
3830 4154 6262 4125
4159 5246 2369
4158
2944
4155
4159
4157
4136 2944 4112
4125
4157
4154
4112 4155
373 4158 1275 676 1862
4156
4159 4127
2051
4157 4156
4154 4136 4126 6175 2944 6175
4157
4156
6446 4126
4125 2051
4128
3208 285 2901 5607
4156 4126
4158 4146 4155 4154 4146 4156 4158 4155
2409 5951 1663 4155 1664
228
300 17
4158 4155 1538
3187
4155 4125
4155
4158
6700 4157
4157
4112 4126 2051 4112
2051 1530
4156
4156
4125
2946 2051
2633 2371 2051
228 1530 4159 228
2362 4155
4155
4125 2051
4157
4154
4127 2051
4136 4159
4155
4127 4157 4127
4157
2326 392 5827 5372 3463
4159
4155
4159
2051
4157
163
4158 4155 4156 4154 4157
2051
4156 4158
4126 4159 4112 4112
4112
2051
2051
4126 6531
4155
4154 4112
4126 4159
4158
4159 4112
4155
4157
2369 1533
4157
4125 4125 4156
4125
4156
4126 2180 4112
4154
4156 1531
4132
4157
2051
4156 2776
4126 4155
4137
4157
4159
4126 4112 2180
4156
4155 4126
4112 4157
4125 2051
4126
4157
4127
4125
4112 4159 4112 1530 4159 4112 1710
4155
4155
4157
4158
4155
4159
4112
4154 4112
1530 4156
4156
5867 5867
4155
4155 4125
4156
4155
4155
4155
163
4157
4157 4112 4074
4154
6313 6723 5485 4158
4155 4112
4158
4156
890
4157
4155
4156
4156
4112 4157
4159 4136
4157
4128
3836 2918 2920 4155 4136
4158
2051
2051
4132
4157
4126 6535
6012
2051
4157
4157
222
4112 4155 4112 4112 4112 4112 4112
4156
4145 868 431
2051
2051
5941 269 2642 2640 269 2642 2640 5941 6307 266 2642 2640
4156
4157 4158 4159
4156
4158 1530
2051
163
5558 6796
4157
4158
848
2051
2051 455 1862
1547 2853 6850 2628 1776 1532 4159 2465
4112 2051
4159 4126
2051 4112
4156 4155
4157
4156
4157 4159
4159 4619
4156
4157
3546 6855 5287 3286
4155
4112 4155
4112
4155
2051
4136
4158 4112
2051 4158
4112 4155 4125 4112
4155 4125 4112
2051 4112
4112
4112 4159
4126 4155
4155
4156
568 4158
2972 4156 2972 4136
2051
4155
2051 4112
4159
4157
6691 6354 6013
4155
4158 4074
4112 4155
4155
4159
228
4154
4125
2051
4157
4126
4154
4157
4156
4126
4154 4125
4155
3546 2797 2777 1547 1760 3906 3949 3876
838 455 2326 4156 3655 5471 3638 2202
4159
4159
4157 3510
2051 4112 4112 4112
4154
4159
4125
4157
4154
4158
6514 2322 1531 4157
4157
2944
4154
4155
4155
4157
4156
4155
2051
4156
4126 4155
4158 2051
4159 4112
4158
2051
4154
4158
2237 5750 3256 2369
4158
4158
2051
4156
4156 4158
4159
4126
4101
6239 4126 1728
2903 2965 4155
4156
2051
4136
4156 4154
4103
4126 2051
4157
4155
4156
4125 6153 4125 6153 4112 4154 4157
4125
6367
4131
4157
4154 4156 4157
4154
2051
1533 854
455 720
2051
4159 4125
4156
4154
4112
1915
4155 4159 4156 2051 4155
4159
4159
4159
4125
1530 4158
4126
4158
2802 350 5291
6881 6907 6689
4126
4158 4154
2051 4112
4158 4154
4155
4155
2224 3273 4218 2764 3877
4154
1538
6690 2051 4112 6690
4125 4884
4156
4156
4157
4156
4112
2051
4112 4156
4155
2051 4159 4126
4155 4158 4159
4155
4125 4157
4155 2461 2459 2538 2458
2051
4126
163
4126 2943 1531
4112
2051
4158 3814
2369 1538 2325 4157
454 6929 4154 455 2754 1855 2369 6691
4127
4158
2051
4157
5391
4157
4112 2051 1530
4158 4370 5938 2051 4159 4859 1810 2051 5322
4157
4159 4154 2051
2051
1538
4157
1757 6971 5530 3509 2545 1538
4157 4155 2051 4158
4156 4157 4157
4158
4156 6971
4157
4112
4156
4125
4156
2051
4155
4125 4125
4159
3906 3657 2586 3298 3949
4155
4159
2051
4157 4156
3009 6012 3306 610 641 689 1738 543 686 543 658 1738 689 601
1861 1738
4157 1530
4157
2368
4159
4155
6691
4112 4112 4112 4112 4112 4112
4112
5545
2051
4157
4157 4074
4157
4158
163 163 4156 163 163 163 1530 163 163
2051
4157
4154
4126
2944
4154
4158 4157 1532
4155
4155 4159
2055
2051 4112 6178 4155 2944
4156
2054 4074
4159
4156
4156
1738 1615 701 641 1855 676 2051
4119
4155
2944 2966 4158
4157
4125 4155
2944 4136
4154
4157
4158
4099
4155
4157
4156
4155
4125 4156
2051
4154
3388 3387 3388 4291
4155
4112
4159
4155
4126 2946 4112 4155
4157 4156
4154
4126 4112
4126
4156
4157
4125
6013
4159 4112
4126 2051
2646 3880
285 4049 4159 285
4157
4112
4112
4156
2051 4112
4112 2051 4159
4154
4157
4159 4126 4112
2944 4125
904 1094 1025 1046 1119 1121 1547 6668 3374 2369 4158 5640 3345 5951 3622 2836
4156
2642 2211 5490 1703 5491 2797 5625 1707
2853 6924 4157 1538
2051
4154
4157
4155
4156 1530
610 1850 688 1861
4126
4158
4156 4112
4112 4155
4112
4125
2628 2634 4156 4103 5959 2203
4155 4158
4112 4156
4126 4159 1531 2944 2140 6273 2965
4155
4154 2120
4157
3334 455 1615 2322 3334 1164 455 3334 1615 454 1615 454 1615 5969 454 5969 1164 3274 3334 4395 5978 6851 1164 1871 1669
2051
4158
4154 4158
2483 263 2538 2458 4144 4631 2458
4154
4125
4157
4157 1531 6176 4125
5941
5772 2635
4156
3640 5978 5969 3922
4154 4149
4157
2943 4081
4155
4125 4157
4159
4158
4154 5581 3408 2851 2217 2806
676 1862 1853 1022 4145 1076 431 1133
4157 1538 1538
4154
3509 3964 5325
4157 4155
1785
5951 3307 4306 4144
4158
4112 4155 4076
4112 4155
4155 1530 2606
4126 6178 2051
4155
4157
2053
4159
4156 4112
4156
5754 4112 4157
4157
4158
4158 4158 4155 1530
4158
4154
4126 4157 2387
4156 4112
4159 4157 4125 2972
4156
4159
4159
4437 6972 4155 1531 1760 6972 4728
4155
4156 1530 5829
4157
4157
3509 2220 6355 6341 3622
4154 4126
4154
4159 4158
4155
4157
2051
4158
4158
4156
2051 2944
2051 1538 2119 163
4156 4125
4155
4126 4157
4155 4156
4155 2972 4159
4156
4112
4112
6800 4444 4692 4537 5763 2913 2140 2965
4154
4125 4155 4112
4156
6180 2944 4155 6826
4155
3298 3544 2325 2051
4154 4159 4157 4156 4155 4154
4155 4112 4154 4112
4126
4157 4155 4158
4125 4112
901 1138 1017 957 1394 4145
4420 2585 5251 4218 4632 5246 4533 2777 6706 5345 6962 2587 3638 5431
4156
2051
4156 4158
4154 4112
4126 4158 4112
4157
4126
2956 4159
4154
4112
4158
4156
1538 4152
4155
4157
2051
1738 5746 6966 5606 6966 2465 6906 6691 2762
4156
4155
4157 4132
4157
4155
4155
4157
4125 4159
4157
4791 3880 4155 2645 2497
4155
4155
2051 4112
2051
4126
4126
