1531
4074
4607 4614 4845 4847
4112 4125
285
4289
2946
4074
4694
1538 1538
1772
4289 3386 4289 1531 374 4289 4291 374 3457 6969 5480 2627 6850 374 3388 6969 4289 3386
4125
4126
4112
3307
2369 392 2991 3463
4126 4112
4074
4125 4125
4132
4126
4126
4112 4049
4126
285
1530 4103
6251
4112 1530 2946 4126
4074
4126 2946
4074 4074
1560 1563 1554 1564 1549 1569 828 834
2946
4112
4126
3545 3510 2202 1531
4126
4125 4125
4125 4130 4135
2210 4539 4533 2480
4112
4129
163
2550
5471 6284 2796 5312 6364
4125
4129
4132 4074
1531
4125
163
4112
4126
2945 4112
1530 3264
4126 2946
1533 3376
5951
1533 6000
1530
4126 2946
5455 6796
2933
4125 4074
4126
2946 6175
5532
1871 1772 6284
1530
61
2946
1530
4126
661 557 494 699 1296 1738 383
1530
4112
163 2946
4126
1530
4136 2946
4103
4126
2853 6295 2853 4879 4112
5952 6361 5339 1547 649 5793
3232 5444
2946
4112
4125
4112
1530 4112 4112
4112
6700
4129
4128
4125
285
1530
4127 1530
1530 6796
4126
4074
4112
4126 2946
4074
5330 3509
5765 5839 3894 5532
4074
1530
4126
6985
4136
4112
4125
4125 4125
4125
2139 4074
4126 4112
4126 4112
2458
61
4112
4125
5325 1708 3875
4112
4132
4126 6539
2946
1530
4112
4125
4126
4112 4125
4125 4074 4130
4126
163
4112
4126
1538
1530
4074
4127
4125 6176
4126
455 838
1530
4125
4126
2902 4126 2946
4074
4112 4125
1916
163
4126
1691
3388 1532
1530
4074
6250
4125
2287 5485
4125
2855 2366 3338
4126 6178 6178 4126
4125 4125
4125
2284 1776 5839
2806
1538
2946 6175
1681 2316 5848 4289
1915
4125
2828 6293 4174 1774 3298 2768
5530
1707
4126
2946
2946 6176 2949
4127
3867 3867 3867 2551
4125 4125
4189
2946
3869
2945 4126 5531 1697 5651
6457 4126
3486 4112
3322 3405
2946
4126
2754 455 2440
285 2946
4126
4126
4126
4125
6175 4126
5607 1533 2955 2944
2325 2325 2946 6179 2325 2956
4125
163
4125
4125
3203 2369 2218 5394 2850 3694
3881 5607 2886 2390 1538 4112
6792 5531 1742 4380 1715 5925 6986 5940 2764 5815 1760 5940 2850 1697 5805 5925 6299 1707 6287 5925 4032 5940 5925 5532 1697 2458 5925 1697 1707 5940 5623
3094 1750
3387 3388
6972
2946
5749 2220 3338
4126 2946
2549
4099
4112
4126
5632 5633
285
4112
4074
2545 1766
4126 4112 4112
3374 4217 5792 2369 5743
4125
4126
6895 2906 2918 3838
4126 2946 4125 649 1850 688
4126
2911 4125
2946 4103
4074
2946 2828 3269 3269 2839 3272
4125
3914 1530 4112
454 607 1615 5622
4303 2853 3268 2347 2754
2458 2496 2538 4144 4144 2496 2538 2461
6938
4126
4125 6178
163
1697 3643 3268
4112
2946 4112 4136
4125 6178
4125 5611 4877 4731 3324 2806 2661
1931
2369 3259 4144 3264 4144
4126 6175
4112
4126
5817 5490
4112
4112
2946
4112
163
4126
4112
228
163
2946 4126
2733
6796
6175 2946
4126
4126 6178
1531
4131
2180 4132
2440 1820 5941
1738 6628 4112
1538
4112 5531 5744 3911 4676
4126
2946
