1538 1538
4126
4125
4104
4126 6176
4074
163
4112
5083 5840
163
4112
4126
6
4112
4112
4125 6530
6666 4074 4126
1538
4074
4126
4112
2180
4104
163 1538 163 1538 163 1538 163 1538 163
1538
4126
4125
1538 1538 1538 3146 4149 1538 1538 1538 1538
5460 5461
2180
4126
1538 163
4099
4126
1399 1394 890 891 2645 717 3510
709 682 608
4125
163 4074 163
6906 2367
2181
4112 4112 4112 4112 4112
686 454
6734 5339 2362 6986 1692
2944 4126 4112
4112
4126
163 1538 1538 163 1538 163 1538 1538
4112
4112
3869
4099
2733 2295
1538
4126
604 1738 350 1738 2237 6723 608 2820 5326 1862
4126
4126
4125
4112
5840 3886 3962 2369 3320 1776
2180
4068
1538 608 163 1538 1538
4126
2934
4112
1807
2180 2972 4081
2944 1797 4090
4112
4125 4112 1538 4126 2121 4101 4131
4112 4112
4125
163 2944
454 1890 6907 577 602 1890 1697
163 163
4125
4137 2901 2972
4074
2956
4074
2918 5727 2910
3876 4264 6855 1538 2797 5630
4112
2956
2121 4126
1538 1532 1538 4126 163
163 1538 163 1538 163 1538 163 1538 163 1538
4112
4125 6002
2180
4112
4129
163 163 163
4112
6184 4125
5625 6398
4074 4126
4126 2121
4074
4136 4074
4126
4125
4126 1538
4694 4121
2180
4126 2121 4125
6530 4125
4126
4112
163
163
4104
163 1538 1710 386 163 163 1538
4112
4129
2908 4065 4074 2899 3835 2972
4076
163
4074
4112
163
4112
4074
4126 4112 1538
6068 1532
4127
6722
4101
1538 6674
2972 4103
4126 2121
1120 904 1101 1120 1101 902 3880 3922 2362
2944
4125
5633 2723 2046 2440 3261 6990 4676
4112
4125
4074
688 3900 500 1855
2121 4126
4125
4129
4112
4112
1538 1538 1538 1538 1538 1538
4126
583 701 1855
4112
1538
4136
1533 6066 1615
6501 4136
4074
600 689 1862 500
4126
4125
1538
2180
4126
4112
2972
1538
4125
4126
4112
600
4125
4132
5828 2265 3640
4112
4126
5608 2754 3084
1531
431 1077 1131 1023
4126
4126
4112
4074
4125
4125
418 1671
891 431
2180 4101
4074
3881 6014 3875 3510
1698 3509 2756 1547 2820 3636 3267 3336 2665 2236 2631 5750 5335 3875 3271 3892
4112 4112
4112
1538 163 163 1538 163 1538 163 1538 163 1538 1538 163
3509
4126
4112
2121 4126
1
4125
5607 4136
4112 4112 4112 4112
4061 4136 4112
4112 1743
4125
5490
5632 6178 1738 5630 1538 4149 4112
202
3377 3380 2023
4112
1538
3509 3141 4125
1538 4112
3517
4132
455 718
4107
4131
4112
6722 4905 5772 5772 5772
3338 2366 3341
6533 4128
4112 4112
4074
4129
4074
602 500 688 608 1615
4126
4125 4112 4112
163
4127
3195 3239 2796 5488 3037 2727 4879 4533 3560 2251 6972 2729 5094 2461 2870 3906 3518 3446 6966 392 4525 2325 6723 2682 3463 2326 2366 2855 3637 6805 4064 4065 2817 1547 2777 2682 3638 392 3882 3264 6972 3463 4292 3560 3264 6972 3882
4112
4074 4074
4126 6179
4112
5633 5929 3165 4389 4387 2251 5844 6578 2224
4112
163
4104 4126 1538 6207 1452
4112
4112
2121 4126
1987 3334 1395 5845 3334 1987
5844
4125 4130
4112
5951 6723 389 1825 1825 1738 389 454
3876 3273
4125
2458
4101
1825 2944 4074 4112 1853 602 674
2972
2947 4112 4112 1538
4125
5607
1930
2918 2965 2972
1680 6666
4112
5470
4126 4112
4651 5724 4701 4123
4112
4126
4125
4125 4074
163 1538 163 163 1538
4112
4126 4112
285
4126 1538
2944
4126 4112
1533 5999
4112
4099
2953
3431
3875 2628 3898
4126 2946
4131 4131 4131
1547 2237 5633 2319 6614 4444 3875 4223
6066 1532 163 6063 1532
4125
4883 3510 3153 2776
1532
2851 2220 502
6666 1850 6069 677 1853 5629 688 720
4306 3510 2241 3949 5336
4112 4112
4126
2972
1538 4804 7262 2375
6690 2385 3320
4112
4127
1707 5941 1703
4125
4126
2121 4126
4545
4112 1538
4136
4126
4129
4126
6447 4125 4112
4125
163
4126
3962 1987 602 570 2651 4443 668 684
1709 1991 385
4126
1538
5977 3273 2366 1697
4112
4129 2121
2368
4136
2972 2180
4125 4112
4125
4136
3622 4285
4125
163
4112
7358 3386 6138 3948 6855
890 431
4126
1538 4880 4149 4879 2585 1538 3379 1538 1538 1538 1538 1538 1538 1538 4880 4149 4149 4112
4112
2249
2180
2862
4112
689 454
4127
4074
4125
1750 6990
4125
4112
2180 4128
1846
4101
4112
4074 4125
4126
4112
4099
4112
6939 1824
1846
6179 4126
4126
4112
1538
10 4
1738 454
4126
4112
4126
4112
4112
4104
2180
3509 431
6895
4125 4135 4130
2633
2862 2440 2624 277 1547 2727 5827 2855 4212 1547 2855 5471 3898 5247 1704 6723 5471 1704 2865 2729 5630 4218 2440 2624 6099 1547 3583 2862
4632 4136
4125 4112 2180
4125 4112
4104
163 686 1672 669
4125
2972
2983 2983
2972
4125
4126
4112 1538
2956
4126 2121
5710 4112 2953
3509
4209 4204
163 1538 1538 163 1538 163 1538
1538
4126
4112 4112 4112 4112
6179 4126
4126
4125
4126 4125 6446
4112
4074 1846
4074
6722
204
4112
6972 1837 6972 6972
1538
4125 2121
2946 4112
4125
4112
1538
2930
4101 4101
4074
438 1199 1224 711 431 1195
2634 2288 2362 5913
4126
2972
2466
2972
6367
4676 4674 5290 6313
4125
204
4112
4125 6178
4112
2180
4112
2898
4112 2972 2121 4126 4112
2797 2369
163 163
4136 2906
4112
4125
63
2329 5826 6361 2236 4212
1751
2121 4128
4125 4074
4112
2972
4103
2121 4126
4074
1077
163
4112
2121 4126
3877 4263 6855 4217 2797
2944
2180
4126 4112
163 6969 4149
5519
24 16
4126 2944
2956 4126
4074
4126
2972
4112 1738 1669 2367 3947 5839
163 163 163
4126 4112
4125 2458 2480 794 781 828 4389 812 2777
4112
2180
4112 2368 4792 3987 4774 3952
1532
4126 4112
163 1538 1538 1538 1855 1538 163 1538
4112
2972
6723
4125
4112 4112
4125
4125
4074
4129 2121 1538
1533
1547 3466 2748 3523
4074
6771 5632
4126 2943
843 824 725 783 2944 2180 4112 1757
228 228 228
4074
4126
3639 3882 6691 3637 3509 2633
4136 4112 4112 4112
4125
4137
1780 2633 1531 7088
4125
6390 4112
4104
4112
4112
2972
163 163
4126 4112 4125
4126
4126
4136
4074
163 163 163
3888 3886 3437 1760 3321 2754 4149
4125
4137 4137
4125
1533 6069
4112
4125
163 163 163 163
4126
4126
4112 2121 4126 4112
2651 4112
4126
4542
4132
4126 2121
163
4112
6422
4125
4125
4126
4112
163 163
3837
2972
2972 4125
4112 4112
4112
1538
431 891 4145
1683 6850
4125
4125 4112
1538
4125
4112
4136 2972
2972
4126
4126 4126 1538
4112
138 78
4132
498 713 707 1192 1215
163
6372 3615 4883 6666 4112
4125
3892 1986
4137
4125
4132
2944
4125
5829 2374 4582
2778 2440 4212 5246 2600
1533
1759
4112
4112
4074
4226 2241 2088 1547 5792 3343 3636
2972
4125
4125
4126
5771 5806 2586 2844 2600 3588 3307 2585 4280 3165 3941 5772 2841 5925
4112
1538 1538 1538 1538 4149 4112 1538 1538 1538
4112 2180
4112
4125 4130
4125
4112 4112
605 1738
4126 5472
4127
4112
10
6325
4112
4112
4112
4112
2944
1131 930 1118 1099 1046 1120 1022 454 1738
2180
163 1538 163 1538 163 1538 163 1538 163 1538
1813
4126 6447
2972
2180
2777 5846 2628 4670
4074
4126 2121
4112
4126
4112
4112 4112 4112 4112 4112 4112
6972
6458 4125
4112 4112 4112
4112 4112 4112
4112
4126
4112
4112 4112
1708 2723 5339 4304 4667 3022 4112
4112
4126 4112
4125
3898 5344 3899 269 2826
4126
4126 2121
2972
4112
2
6325
57
6131 1531
4112
1538
1538
6178 4125
163
228
4125
4125
4129 2944
3322 3201 2369
4112
4112
2088 4886 1845 5952 2333 6309 3867 2340
4126
4112
4136
63
2369 610 512 4090
4074
4074
2949
4112
1533
1531
4129
4883 2457 3869
163
4125
57 4130
4112
4125 4099
2944 4112 1853
163
4126
2972
2956 4112
4131
4125
2368
4126 2857 6662
4112
4112
4126 2121
4074 4074
4015 5607 3882 4112
6971
4126
2486 4149
4125
4129
4112
2972 2972 2972 4112
4125 4112
4112
1538
4127
4126
2414 2414 3509
3906 2362 6855 4162
4145 890 431
6459 4136 4136 6457
1763
4074 2972
3899 3898 4304 4306 4303
4509 2645 4908 1547 3948 2368 2834 5477 6855 2658 6675 4908 3949 6985 1547
4112
163
4112
4129 2946
2972
2631 4218 5765
4125
4126
4112 4112
3892 5629 3952 2369 6763
7065
4081 1538 163
3651 5929 3922 3914 3894
4126
4125
4126
4112
4126
4126
5839 3510 3640 3259
2366 4218 3307
1538 4125 6447
2944
4112 4274
5845 4112
4112 4112
2382 1987
4125 6179
4126 2972
2180
2797 2524
4112 4126 3564 6675 5629 679 2203 1164 2245 2368 3900 2237 582 657 4303 1715 496 2241 688 6627 676 1751 2873 4533 620 607 671 2240 6346 5827 2225 4112
4136 2121
2972 4112
1855 699 4126
5214 2369 4112
4112
1947
163
4126 2121 6547 2972
5607
4136
1538 4112
4104 1846 1846
4112
1707 1703 5631 2499 1743
163
163
4112
4112
1538
4126
620 607 3259 1760 3309 3298 3274 5607 3104 4218
4104
4136
1862 6722 2306
163
4126
4112 2972
5563
4103 2944
4112
4125
4126 163
2972
2180 4074
4112
5326 2368 2344 3273 2723 4692 5792 3924 2660 5792 2723 2368 3922 4557 5326 3273
163
2943 4125
4137
4126
2872 3265 263 4263 1758
2640
5591 5592
6722 2944
69 69
3324 3691 5651 2346 3055 3053 6723
163
6179 4125
163
4126
2901 686 582 1164 600 689
4112
64
4074
2180
4126
2180
163
4074
163
4125
4112 4112 4112 4112
4112
4119
4127
2282
4674 6284 5339 2381 4112
4125
4126 5941 6505 4126 1538
4112
163
163
4127
2180
2972
4112 4112 4112 4112
4074
1538
4125 4112
2368 3875 2458
4074
4112
4126
2844 2362 5763 5875 4112
1378 1474 6921 6729 1047 891 890 6732 2329 6921 6691 891 1679 1378 6907 6884 6926 6921 6732 6689
4125
4112 4112
4294
263 827 737 784 784 827 737
4126
4126 2972
4126
3898
2972
4013 5607 3307
4289 4290 263
4125
2949 2944
4112
4126
1076 4145 1019 1133
4125 4099 4112
2944 4112
4112 2180 4112
163 1538 163 1538
2853 3626 4006 3627 5639
4125 6179
4112
2327
163
1538
1538
4112 4112
1538
4217 5826 5808 3951
4128
4127
4112
4126
1756 3294 3309 6972
4137
4112
4112
6458 4126
6536 4125
4129
163
3494 1538 4112
5929 2643 2578 3491 2972
4112
3510
1784 5521
4136
1706 1716
4126
4112
4126
431 1381 4145
4112
1531
10
3270 3880 1743 5607 2368
3178 2643 3320
4126
4126
2949 2236 4218 2634 3875 5154 2777 5332 3622 3881 2319 3336 4224 3296 1547 6347 2723
4112
4126
2944 4112
163
4126
4126
2972
4099
163 163 1538
4074
4125
2972 4125 4112
4125
4126 4126 2121
4112 2121 4126
4112
4112
4112
2833 2129 4898
4112
4074
4112
6990 5752 3265 3147 3640 6961 5607 3030 3256 3141 5488 4112
4074
4125
163 1538 1538 163 1538 1538 163 1538 163 1538 163 1538
4112
4112
163 1538 163 1538 386 4280 1710
163 1538 163 1538 163 163 163
4112
4125
4112
4263 4439 263 3531
4126
4125
1538 1538 1538
4112
4112
4126 6003
4112
4112 4112 4112
3904 2466 5488 5328
4129
4126 2121 4112
4125 1538
2724
2645
674 581 602
4112
4149 4112
167
4112
6855 5471 3278 1547 2797
1538
6012 2368 6293
608 2225 5929
3372 2759 2776 2839 5811 5845 2764
4126
2180
4112
6800 5582 4877 2643 5582
4126 6179
1820
4126
4112
4112 4112
4074 4112
4104
4125 6179
2320 5629 6554 2658 6970 6723
2121 4136 2121 4126 1538 4126
4074
4136 4112 4112 1791 2899
4112
5050 5532
4126
4126
163
4136
2972
4127
4112
4125 2944
4126 2926 2922 3814 2966 4112 6325 2944
2180
4126
4112
4127
3431 3517
4882 4883 2797
1538 1538 2932 1538 1538 1538
2121 4136
5631
4548 4112
4125
2972
4126
408
891 1400 4145 1135
4125
4112
2224 5929
1538
4136 6549
4126
4112
163
2180 2944
4112
4125 6175
6005 5633 5640 1538
4125 4125
4112
2362 455 1862
4112 4112
4125 6176
4074
2180 4112
6178 4125
4112
163 1538 163
4049 4129
4129
2643
2121 4126
1538
4126 4112
4126
4112
2802
4112
163
4112 4112 4112 4112 4112
4144 5747 4420 4261
1776 1801 1707
4136
2920 4638 5633 6447 6446 4126 4112
4125
4126
4204 4144 3684 263 6345 3371 2600 263 1766 6345
4125
4125
4126
2944 4126 2121
1531 6575
4125 4112
4125
4126
4127
4074
4074
4112 4132
4126
4112 4126
4126 2121
4125
4126
6178 4126
4125
4074 4112 4112
4074
2965
4132
4125
4112
4126
4125
1538
4112
4074
4126
2121 4126 1395 5845
4112
163 1538 163 1538 163 1538 5632 4149 6069 5630 163 1538
1855 392 454 3463 3510 1615
4125
167 2121 4136 4112 167
2121 4136
4126 4112
5801
4112
5815 3306
2841 5827 1736 2853
4131
4074
2369 5629 5840 3275 2045 1547 263 5290 4676
1388 1119 904 1072
4126 2944
1538 1538
2946
4112
4126
4125
4136 4112
2764 3509 3306
4125
2972
1538
4112
2899 2901 4136
4126
6176 4126 4112
2920 6242 5941
2121 4126
4112
4125
4112
4126
4126
1538 1538 1538 1538
4126 6536
2966 2899 2901
4112
4112
4125
1750 2368 3964
4112
4112
3488
4112
163
4125
4126 2121
4126
4132
2972
4049
1615 669 679 1672
4112
4126
3297 3371 6976 4144
4065
4125
4085
4125
4112 4112
4112
4136 2121
4112
610 699 709
3412
4112
4136
1705 10 2797 3509
2250 2374
1850 608 671
4112
4125
2
4126 6183
4125
2972 4126
2646 3423 6690 4112 6691 2682
6969 2508
6850 6313 263 1743
4136
163
4125
4112
2121 4126
4126
4125
4099
2972
4125
4112
4126
4112
6971 2366
4125 6447
6295 263 1704 4145 431
1531
4126 2899
699 720 1855 674 720 1855
2368
4126 2121
4081 1846
263 1378 1146
2180
6410 4144
455 263
4126 4694
163
4112
699 1738 602 571 1538
4125
4132
4126
2237 3877 3637 3898 1708 2233 2461 2214 2944
4112
4129 4112
2943
4112
263 2807 2801 3137
4112
4126 2121
4126
4126
2369 3876
4125
4112
2972
4127
1538
4126
1538 4112
263 6985 6961 4439 6985 263 263 6985 6961 2340 6985 263 2088 263 6985 263 6961 6985
2972
2715 5630 3338 3543 3341 6427 2369
6179 4136
4112 4112
57
4112 4112
4126 2121
669 709
4112
4125 6179
2764 3347 2640 4112
4125
4112
4112
4112
4125 4125
608
4126
4125 4112
4126
4112
4101
6522 1532
6359 5826 5844 3509 5521 577 677 686 602
4126
2944
431 1119 1162 1388 1073
4125
1743 1547 5747 2225 263
4112
4136
4126
4112
4126 4112
4126
4112 4112 4126
3408
5450
5607 4883 263 1378 1156 263
4112
4125
4125
2331 6985 4144 2841 1715
4223 5770 2317 263
4126 2956
2972
4125
4126
3880 2631 4264 6855
4112
4074 4112
5629 5998
4112
4676
4125
602 2496 2769 2820 6722 2606
1538 163 1538
4129
6369 5629 263 6139
4104
4125
4125 64
1538 1538
4125
4074
2759 2778 1855 3437 2362 4112 4389
4112
4125
4074
4074
4127
4125 6179
4136
2972
4126
67
4126
4125 4099
5801
4136
3268 3276 5951 4264
4112
1947
2180 4139
4126 2972 4112
1533
4112 1664
4125
4112 1538 4126
4112
4125
4112
6240
163
4074
4104
4126
688 479 502 502 688 608
2944
2972
4136
4126 4112
4126 4112 4112 4112
4125
1538
4126 6530 1538 4126 6533
57 4074 57 63 4074 57 4074 63
4126
4132
4112 4112 2944
4074
2944
2773 3623
5808 1073 1077 2374
4126
1691 5611
1615 1872 4145 1859 4144 5845 2631 2886
1538 4112
2972
4125 4135 4130
2972
4126
891 4145 1155
4126
4112
163
2972 4074
4062
4126 2121
5632 6176 4112
4112
163
1538
4104
4126
2972
1797 2528
4804
6691 2565 5611 6850 2565 6691 3177 3178 2565 6691 3510 6691 2565 6691
4125
4126 2090
2984 2972 2972 4099
3509
6396 4343 4144 6372 263 3670
3408
5556 2972 4112
4074
4125
581 479 699
4112 2180 4075 2180
163 163
4126
1738 455
4129 6180 4112
4126
4112
4125
2121 4126 4112 4112
163 1538 236 1538 163 1538 163 1538 163 1538
6969 6969 6969 6969 6969 6969 6969 6969 6969 6969 6969 6969 6969 6969
163 163
4104
4126
4126
5607 2262 4898
4125
2946
6976 6666
4125
263 2756 3878
4112
2180 4126 2121
6850 2651 3899
2972
163 163 163 163 1538 163 163 1538
4136
4149 1538
4112
4126 4112
4126 2121 4112
4112
163 1538 163 1538 163 1538
4126
4112
4125
4065
4125 4632 5925
163 1538
163 163
1533
4112
163
5344 4675 5969 5622 699 500 479 5752 3894 5622 3298 5969 3317 2783 5640
4112
1121 955 431 893 264 1615 689 602 500
2795 4632 5348 4136 1801 5623 5951 4632 4632 5952 5752 4136 2795 6991 5347 1708 4136 4632 1807 1807 2368 1801 1708
455 454
4112 2121 4126
1915
4074
4112 4125 6183
4225 4222 4676 1547 4218
4125 6178
163
4112 4112 4125 4136
4125
163
4125
4125
188 188 188
4125
4119
6689 3404
4136
4129
4126 2972
4126
2180
4126
4145 1378 1379 1135 431
6980
2459
1391 431
4136
4074
1395 5845
4128
1538 1538 1538
5951 6027 3260 6284 5640 5633
4131
163
5630 6176
4125
4129
3510 2387 4731
2944
5623 3510 263 3877 6855 5607 4264 5607 3510 6855 3876 263
163 1538 163 1538 1538 163
163
4125
4125 4126
1760 2649
1538
2972
700 1855 576
3510
4136
2180
4420 263 3509
263 6326 6969 718 1740
4126
4126
1533
2944 2954
2180
4125
4125 4125 4112
4112 4112
4130 4135 1538
4126 6127
163
6382 5875 263
3869
4112
4125
1538 4112
4099 4112
4112
4145 1120 431 1379 1077 1391
4112
4126
4131 4131
1 1 1 1
4125
4125
431 1119 1391 1046 1023
4127
3893 5771 2369 5630 4303 5633 6544 5747
4126
263 1760 3261
4223 3265 3265 4223 3334 1547 2367 163 2326 3334
5929 263 4556 6675 263 263 2369 5929
6259 2918 2908 5817
4112
163 2855 3882 6361
163 1538
4136
4074
163
4125
4126
4125
4440 3259
6293 2368 1718
4112
4112
4112
4126
4112 4129 2121
163 1538 1538
163
2755 2825 5625 2633
1538
6723 1843 3509
3309 3509
4112
4087 2946 4112 4112 4112
4112
4112
2965 2922
4126
2134
4112
4112
6258
4126 2121 4125 168
163 163
4125
4125
2319
202
4112 4112 4112
4112 6575 1531
1726 1726
4914
2946
2965
4112
2972
1846
4074 1846 1846
4363 263 4345 4342 4207 4345 4363 263 4342 4342 4363 4345 4208 4019 2367 263 5845 2227 4207 263
2972
4112
4112
4125
2216
4126 4130
4112
6458 4126 4112
4126
602 552 674 4112
1538
5607 4136
4125
163
4127
2972 4128
163
4081
5326 2624 2723 4304 1547 3558 4218 5929 5925 4663 5325 2440 2944
2180
4112
2624 3963 3259 4112
1538 4149 6370 6347 5627 1538
2374 4675 3022 5328
4074
2972 4126
4126
4112 6850 1716
4074 5339 4619
2546 2538 4136 2546
4126
204
4075
4126 6179
2972
4125
1797 1695
2949
4112
3260 3260
4112 4074
4127
4125
431
5633 3659 263 4420 6103
2972 35
4126
4074
4126 4125
4126 2906
4126 4112
4126
2944
4136
4126 2121
2180
4125 4099
1538
4126
163 1538 163 1538 4112
4129 6711
4112
4074
1931
4112 2956
263 3423 6398
2972
4112
2948
263 1738 456 552 692 1615 263
4125
4112 4126 6447
4112 4126
4126 2965 2966
4074
4126 2121 6699 2901
860
2362 3986 6901
4112
4125
2972 4126
2368
4126
4126 2121
4126
4112
4126
4112 4112
2946
4125 4135 4130 4112
2121 4136 2966 2965 3831 3832 2972
2180
6967 2369 2665
4127
4074 2944
1538
5629 6176
2180
5820 6923 4788 4112
2944
163
4112
4125
1846
4128
2972 1785
3960 3559 2326
2972 4125
4125
2972
4112
2972
3509 2483 1751
4126
4112 4112
4112
2365
4074
4112
2943
5326 2024 3298 6689
4112
4126
4112
6447 4136 4132
4112
4125
4125
4152 1538
4074 2944
891 1399 1394
4125 4126
1986 3334 2368 3276
4205 4211 3510
2972
4126
4126
1669 1738
4125 4099
4112 2647 4112
1709 1709 1709 1709 1709 1759 1709 2362 1709 1709 1709
4126
2367 4899 4443 3374 1547 2264 6382
2180 4136
3898 3657 263
608
4112
4126 2121
6204
4131 4131
4126
2368
163
1862 455 1862
4112
5844 1395
2326
4129
4126
4125
4126
4112 6942 2214
4126
2901 4126
1155 1135 431 1077 4145 1021
4696
4112
4074
163
4125
3334 2261 2366
6536 4129
6258
4112
431 1394
1757 2972
1931 4112
2972
4112
5813 2280
4085
4125
4737 6114 4736
4125 6180
1538
4559
568 1862 688 701 655 601 1871 1848 2369
2972 4112
163 163 163
6674 2828
4149 4112 1538 4149
4112
2007
1133 1099 1391 1389 5607 4218 4126
1531
5875 2823
2339 4899 3893 2261 2650
4112
6937 4112 6711 2899
2181 4136
6971 5941
4112
4126
2972 4112
4126
4132
5746 479 1349 1358 373 1288 394
1532
4074
2121 4126
2327 2633 6723 2633 2633
4125
163
4136 6444
4126
163 1538 1538 163 163 1538
4126
600
4112 6372
4112
5747 2249 2759 2369 3886
4145 1391 1089 1119 1394 2284 1988 3270 4144 1101 4145 1394 1120 1391 1986 4144 3270 2284 1089 1119 1391 4145 1394 3270 2284 1986 4144 1101 1119 4145 431 1479
4126
4074
6067 5632 5629 3510
4112 4112
2367 3286 5290 2362
206 206 206 206
3510 2216
3357 3921 6971 3891
4112
4112 4126 4125
4132
5995 1533
2899 4126
5286 3962
163
4112
4126 6446
263 2287 4439 3657 6594 5632 4144 5612
280
4126
6971 2857
4132 4130 2965 4103 4130 4132 4131 2901 4130 4132 4130 4103
5995 1533
4126 4700 408
1633 3509 1635 6601 1624 1638 1533 1623 2633 1197 493 707 710 705 1215 713 439 1224 1195
2911
4125 2943
4125
2797 4669 6372
4125
4542
5864
2121 4126
4126
4112
893 1378 891 264 4263 5747 264 2440 3049 263 1992 5749 5746 1547 5847 5740 264 2440 1547 5740 263 5746 5750 5740 3922 3049 264
2387 2325 2326
2934
263 5801 2797 5801 5606 263 6410 2220 2797 263 6398 6792 5295 2465 263 5532
2024
2600 2585
2665 5941 1547 3509 4426 5845 1547 2236 3509 5941 263 4426 1547 1547 263 3509 4420 2839 1547 4439 3509 1547 3334 4716 4426 1547 3509 4717 1547 3661 3334
4125
4126
4842 263 3338
4112
3882 5792 3906
4125 2944 3494
4112
6969
163
4126 2121 154 150
4136
4126
4112
4126 4125
4125
4126
4112 4126
4125
3948 263
2853 3269 1547 5335 5793 5335 3334 3509
2764 3877 6800
2972
4128 6459
4468
4126
2180
4125
4125 4112
6178 4126 4125 6178
1850 5746 4112
263 6675 2665 6336 263 6729 4437 3261 263 6320 6345 263 4437 263 3921 2441 6345 6320 2665 263
4112 5612 2387
163
431 1703
4136
4126
5145
4112
4127
2944
3298 1743 6971 3373
4112
4126 4112
2536
4125 4125
2121 4126 4099 4074 2712
4126
4125 4112
163
4125
163
4126
4136
4125
2972
6530 4125 4125
4125
4104 4104
3510 5640
3292 4144 1757
4126 6457 6457 4125
4125
4125
4128
4126 4126
4112
341 2817 2220 4631 5471 5741
4125 2899
2121 4126
4126 4640 5696
4126
1538
4126
4112 4112 4112
163
5801
4112 4112
4125 4130
2362 3889 263 263 2660 5764 402 5765
4112
6970 6242
2972 4074 4112
3320 2967 2984 4137
3001 263 3623 3510 4420 3338 263 3001 3623 263 1547 263 3001 3623
3952 5929 5929 3952 3456
2944 6176 4126
4126
4112
4125
4126
3656 263 3656 263 5287 5287 3656
4126
4112
4426 3338 3338 4426
4119
163
2797
4387
3941 5925 3949 3374
163 1538
4125
2972 4112
5857 4537 1757
4126 4112
4126 2121 4125
4125
4112 1785 431 2333 6549 5632
5935
4125
4112
2387
4126
4125
4129
4126
163
4125
2134
688 573 484 1738
431 1119 1073 1387 1076
1378 1400 1379
4112
163
3583 6814 5969
4126 2944
4126
4112
6178 4126
4136
4074
1570 431 1395 5845 4112 4136
4112
4389 4389 3510 3297
4136
163
5844 4144 2225 2333
163
263 6410 2839
4112
4112 4112
4074
4125 6445
163 1538 1538 163 1538 163 1538 1538
4128
4126
4125
2317 2754 5623 3877 2496 163
4125
4112
2540
2797 3275 3877 3510
168
2901
163 163 163
4065
4126 11
4112
2920 4074 4136
4126
163
4144 6077 5941 3889 5630
4112
4126 6447
2369 2643 263 2621
507 1853 2631
163 163 163
4126
6979
4112 2180
163 4125 4125
4126
2121 4137
3273 3274 4144
163
4112
4126 4125
2121 4126
2640
4125 4112
2538 2483 2538 2483
6239 2587 5807 2481 2590
4126 2121
3278 1698
2965 4136 2966
4126 163
5865
4126
4074 4112
4145 891 431
2134 6259
4112 4112 4112
6192 5628 5632 6410 5929
285
4126 2944 6178
5743 3949 5746 4112 4908
4112
891 264 893 431
163
6530 4125
4136 6457
163 1538 1538 163 1538 1538
2180
2944
1538 2587 2584
2121 4126
1538
1538 1538 1538 163 1538 1538
557 1871 1164 699 263 602
163
1538 163 163 1538
1538 163 1538
2121 4126
2645 3888 3546 1785 3278 3643
4136 4112
163 1538 163 163
6900
2797 6969 3889 263 2754 402 263 2466 2368 1988 3640 6364 2754 3509 3915 6969 6969 4264 263 6969 2466 4264 3915 2797 4261 1547 263 5336 2333 3509 5475 5336 263 1821 3941
1538 163 1538 163 1538 163
2972
4112
6180 4126
4695 1538
4126
4112
163
4112
3559 2870 3518
1538 2972
163
791 751
5156 5155
4112
2950 3494
1826 390 4280
4112
4125 4130 4112
4126 4112
4126
4112
4126
4112
1797
4112
4112 4112
1538
4125
2972
4112
2972 4074
1862
1846
4070
1538 4112
4126
6295 3298 2366
4112
163 163 163 163
6313 6295 6293
3275
249
4112
163 163
5169 7102
163 163 163
4112
4112
1915
4097
4125 4112
6178 4126 4126 6178 6178 4126 6178 4126
4074
4112
4126
163 1538
4074
4132 4112
5925
4074
6616 2913 6981 5629
4126
163 163
4112
4125
163 163
6969
163
4112
4125
2972 4074 2905
1077 891 4145 1118
1538 163 1538 1538
1538 1538 1538 1538 1538 1538 1709 385 1538 1538 1538
4136 6457
6969
1547 6970 2796 5827 3297 6970 3923 2362 3298 1672 3541
4125
4126
4112
5398 2911 4223 5332 2249 6722 5397 6002 1531
4112 4112 1538
2224 3880
4126
2972
2635
4125
5607
163
4112 1538
4112
699 479 502 691 581 1853 688
4136 2121
6971
2327 6723 4074
163
1538
4136
4074
1350 1264 394 1353 1738 263 373
4112 4112 4112 4112 4112 4112 4112 4112 1538
163
4125
4074
4112 4112 4112
4112
1538 1538 163
4125
4074
1846
6458 4128
5607 4112
163
4126 4126 4126
2275 4439 4439 2387 3137 5844 6319 4439 2387 163 1547 2387 5844 163 2281 1547 5844 5845 163 2281 5845 4439
5951 4434 5740
4125
1538 1538 1855 455
1538
4112
4112 2319
1718 6336 1718 2944 6336
163 1538 1538
6969 6346
569 1164 1737 484 580 688 502 709 699
688 495 1615
1538
6800
4125
4112 4112 4125
4129
4112
4074
4125
2335
3510 163 5514
4126
6458 4126
