2051
4112
4155 1538 1538
4126 4074 4154
6422 6241
4158
2051
4125 4156
4159 4104 4104
4157
4158
4156
4074
163
4157
4155
2051
2051
4156
2972
4125
4157
4159
4156 3
4112 4112 4112 2051
4159 1538 4149 4112
163
4112 4156
2051
4156
4155
4159
4156 4112 1531
1119 1388 1144 1098
3372 5740
1530
4112 2051
4125 2051
4149 6938
4137
4159 4112
4126 4112 2051
4155
4155
4074
3946 2658
2628
4158
4074
4158 1538
4158
4112 4157
2051 4112
4112 4158 1530
2944 2180
2944 2051 4136 4112
4157
4104
4159
1538 163 1538 163 163 163
2051
4159
1538 1538 1538
1531
2911 2140 2944
4159 4126
2051
2051 4136
4125 2946 4126
4125
4157
4156 1538 1538
4158
5458 4155 5458
4136 4158
2768 4525 610 3658 5980
4156
4158
1538 1538 1538 163 2797 4149 4149 1538
2944 6555 4112
4157
163
4154
4156
4158
4099 4159 4099
2051
2051
4154
669 709 682 2051 455 709 682 608 4126 6535 4126 682 608 709
1391 1704 890 431 1389 5630 891
4155
2051
163 4158 163 163 4074
163
4154 1531
709 641 699 1862 2051 1738 454 1738 454 1615 1862 604 674 479
2754 3659 6368
431 1130 1076 1389
1538 2051 4130
4154 1531 4632
2051 4112
4126 4157
4154
6689 283
4156
2051
4159
163 1538 1538 163 1538
4157
4157 4158
4126 2901
4155 4146
4155
2051
4158
4129
4157
4156
2733 2733 3389 2733
4156 1531 4112
163
5951 5335 3651 3640 4908 6012 4902 2797 5772 3890 4667 4156
5339 4157 4158 6968 6969 5339
4159
4159
4157
4159 4157 5844 1532
2051
2956 2944
4074 4157
4617 4154 3334 3639 2832
5623
2051
2326 4158
4159
336 295 1538 1538 6104 1531 5070
1538 163
4157
2051
4157
2051
2051 2942
4158
4157
4156
4112 2051
2180 2051
4156 4136
4156 2944 6689 4132 6689 4090 6330 1813
2901 4132 4131 4131
2051
4156 4112
3898 6855 3273 3274 4155
7242
4158
4159
4155 2797 4126 4112 5607 2330 2330
4156
6536 4136
4158
2051
2051
4155
3964 4155
2051
4155
4159 6682
4675 6972 5852 3298 163
455 455 2051 2119 1738 545 700 4112 455 455 6907 701 6907 6907
2051
4087 4158
2777 3414 3275 2051
4158
4112 4158 4125 4112
6723 5496 3874 3559 1767
2944 4158 6549
4074 1531
4156 4125
4156
4127
4155 1128 431
4112 4112 4112 4112 4112 4112 4112 6860 3900
4159 1531 4112
4112 4156
2051 4129
4156 4074 203
4157
2051
4156
4074 4159 1538 3558 1533 2640
163 1538 4155 163 4161 389 1825 163 163 1538
4125
4125 4157
4158
4136
2972 2051
2944 6175 2956 1531 2944 6179
4157
4074 4126 4074
4132
4157 4126
163
4156
4155 1785 2466 2461
4126 4154 4158
4156
4159
4158
4125
2944
2051
2051
4158
6878 6882 6877
2051
4156 4126 1530
4156
4125
4136 2944
4156 4112
4154
4156
4125 4156
4156
4155
1382 2262
4155
4126 4159
4155
2051
163
163 4157 1538
163 1538 4156 163
4157
4156
3386 4158 6691 3374 3338 2753 4420
1532 4154
163 1538 4154
2965 4158
4157
2944
4157
4156
2051
4156
2912 2051
2857 6690
4158
4126 2051
163
1531 2051
4157 4112
4157 1538 1538 1538 4159
2051 4126
4159
4112 4158
2051
4155
4112 4112 1530
4155
2051
2051
4125
4125
4158
4156
4158
4158
2797 3321 4144 3922
4156 4074
4157 1538 4158 4155
4136 4156
4158
4155
4159
4126 4155
4155
1531 4159 163 4112
4126
4155 4074
4136 4154
4126 2944
4158 2362 3881 2366
4157
4159
2826 2051 2778 5075
2051
1532 2051
1120 1388 1046
4155
1538
4103
4112 4154
202
2051
6536 4125
2051
4158
2051
4158 4158 4126
4156
4158
4159 4126
4125
2051 4112
4074
4154
5336 3271 2775 2369 6691 6171 5978
4112 4156
4125 4155 1531
4126
4158 1538 1538 1538 6191 2944
2051
2944
4155
2051
4156
2051
4159
1538
4112 4155
1538 4156
4074 4156
2051
4156
4155
5607 3881 3636 4155 2776 5467 2320 2387 3886 4904 6315
602
4156 4104
4154
4255
2853 3881 2236
608 688 507
4125 2051
4155 1538 1538
4157
2180
2051
1538
4154 1538 4112
1538
4156
4155
4125
4157 4155 2944
4158 4112 1531
4159
4156 4132
2051 4125
4155
2051 4154
2051
4112 4158 4112
3835 6707 4638
163
4156
4112 4074
4136
2051 6969 4153 6880 3391 3510
4158
2051
2180
4156 4155
5969 6855 2329 3900 2362
2051 4112
4159 163
4154
4159
3268 2754 5490 2776 3875 1685 4221 4908 3274 269
2051
4112 4156 4126
4148 4154 4146 4146
4156
2119 431 2120
4157
5951 3875 2051
4157 4112
163 1538 163 1538 4159 163 1538 163 1538 163 1538 163 1538 163 1538 163 1538 163 1538
5991 2944 2944
4099
2051
3510 2180 4125 4159 1531 5980 3510 5214 6734 4125
1531 4155
4159
2051
2972
4154
4155
2051 1538
4159 4112
4158 1531 4112
2051
4154
2051 2944
163
4127 4158 2972
2797 4264 3881 2665 3877 2635 6723 4723 6855 6690 1022 1128 1098 1020 1113 1047 6690 6942
4156 4112
4126
4156 4112
4154
4126 4156
4157
4155
2051
6509 4125 4158
2051 1538
4125 4154
163
4155
4159 266
4157
2902 4638 2332 6309 6310
4157 4126
4157
4157
4159
2051
163
2944
2051
5829
2051
2051 4126
4126 4159
2051
6907 2387 6722 1738 2387 1669 4125 4112
4156 4127 6447
4157 3878 3559
4125 2051
4155
2944 4112
6
4156
2180 2180
4101
4132
4156
4156
4154
4156
4126 1538
4131 4158
4158
4159
4155 5772 2369 4157 5772
4154
1530 4155
4156
4159
4112 4159
4156
4158
4154
4155
4156
2051 4126
4156
2180
2755 3275 2368 6972
4154
2180 2051
4156
4136 4112
4125 2051
4112
6971 2326 5332 3463 2325 392 4525 2682 6972 2682 3881 4157 4525 3264 3658 2326 2325
5752 2390 5607 3268 1547 5827 2785 5607 6921 6880
2051 4126 4112
6447 4137
1703 3510 6372 4218 3065
2051 4112
4157
4074 4074 4074 2180
2051
4158
6557 1532
4154
2051
2051
4112
4156
4126 4112 4112
2224 2624 2387 3391 5840 2275 2783 3165 4156 3391 2275 2369 2224 2783 3165 5840 5929
4159
163 163 163
4156 4104 4074
4157
2051
4112
4112 4154 1538
4158
54 163
4112
3273 3880 1531 3274 3881 3899 3307 3306 1047 988 1115 1128 1076 1391
2051 4126
6002 2944 2180
4157
4128
4156 4125 4130
389 4434 1825 1738 1738 2647 4155
4154
4632
4156 4125
4157
4126 4156 4112
902 2584 2480
4158
4156
4157
5978 3309 2381 4158 3692 3541 3878 2665 3881 3880
163 163 163
2051
3275 2374 4156
4101 4159 4112
2651 3307 1531 2051
2051
4158 4112
4156
163
4126
2051
2051
2051 1530
1046 1100
4159
4126
2051
3374
2051
4129 1531 4156 6571 1529
4156 4125
4112
4127 4159
1459 1521 1471 1523 1480 1474
4158
4157
2944
4156
4158
4154
4155
2023 3875 5335
2199
2051
4126 4112 2051
2051
4156
4136 4112 2051
2053
4158
4136
4126 4156
2051 4125 4130
6823
2944 6551 1072
4155
4159
2051
163
1538
2051 4112
4112
4154
4158 4112
4159 4112
4157
4074 4125 4158
1538 163 1538 1871 4157 4149 1532 163 1538 163 1538
4157 4154
2051 285
4126 4156
2051
4156
4694
2944
4126 2051
4112 4126 4158 4112
4155
2051
4156
2051
574 602 688
4127 4135
4159
163
4112 4158
4159
4157
4131 4131 4131 4131 4131 4131
2051
2944
4157
2056
4904 4159 2368 5335 5969
1532
2051
4154 2051 4157
2051
2944 4136 4154
4156
4155 1738 1738
4112 1991 1992 6344 3510
4112
4156
4156
5335 3876
4126 4130
4112
163
4126
4126
4157 4126
2051
4112 4156
4125
4156
1862 2333 3275 2634
4125 6176
4159 4476 4787
4157
4155
4126
6176 4125 2051
4159
4156
4154
2051
4156
4156
4159
4158
4154
4156
4156 4126
4112
2051
163
2051
4136
4158
5827 1547 2647 4443 2051 3386 2645 5423 5951 2855 4154 1707 4158 4112 2645 5278 2362 4112 4158 4438 2362 1756 1547 2651 2647 2857 3964 4668
2051
4156
4158
1538 1538 4158
4158 4112
4156
4263 3877 3334 3914 6723 6855 2754
4126
4136 4632
4128 2051
1738 1669 454
4158 4112
4155
4155
3408
5925 4389 2797
4155 228
4155
4154
4125
4125 2051
4156
4157 1855 602
4158 2051
4126
4159
4112 4156 1531
4156 4125
2797
2326 3546 3923
2497 4303 2051 3880 2319 1545
2056
4156
4154
4159
4112
4125
3341 4439 1547 3643 6722
2051 4112
6446 4126
4159
4128 4159
4159
4125 4156
4125
4126 4112
4154
4126 4112
1 4157 1984 5606 3334 3898 3881 2368 3874
2051
4155
4155
5287
3509 602
4156
4126 4154
4158
4127 2051
4159
4155 4112
1531
1738 1855
4156
4157 6179 4125
1073 1130 1388 1076 1113 993 282 3915 3922
4156
4125 4156
4156
2051
4156
4126
4112
4157
4136
4156
2051
4112 2051
3876
2051
2051 2944
4156
4157
4112 4159 4074
4156
4126 4112 4158
4112 4156
4154
2051
4158 4159
2051
4158
2051 4125
4125
4156 709 602 676 2603 1836 2853
163
4126 4155
2051
4156
1846 4157 4158 1846
4154
4156
4125
4158
4126
163 163
6723 4156 2855
4074
4112 4155
163
4156
4156
1046 2820 6724 5929
4157
1538
4156
2051
4157
4156
4099 4131 4157
1 4074
4126
2051 4112
2640 5952 456
4154
4103 4155 4112
1538 4156 4112
4126
4157
4156
3275 3510
2051
4158
4158
4074
2051 4104
4156
2051 6722 3273 3885
2180 2051
2051
6241 4157
431 4156 4112
4159
2051
4157
4125 4156
4074 4159
4125 4157
5394 3299
4157
5582 6919
2180
4074
2051
2180
4156 4136 2972
4901 4902
2051 4125
4154
4156
4074 2944
4157
4073
4074 2051 2180
4154
2051
2051 4112 4112 4112
57 4156
4126
2051
4155
4158
163
4159
4663 5285 2777 4885 3309 5612 1547
4155
2051
4101
4159
4126
4159
4158
4126
4155
4156 6259 4817
4158
2051
4154
4154
4158
5640 2362 4616 1530
163 1538 4155 163 1538
4112 4126
4155 4112 2484 2946
4074
2051
4159
4156
4156
4157 4159
4156 4112 4158
4159 4126
1530 4158 4112
4157 4126 6184
4126
4155 1531
1164 1738 699 641 4155
4154
2051
4126 4156
4126
4125
4159
4159
4799 4156 4490 1533
4156
4126 6446 4126 6446
2634
2051 4112 4156
4155 4125
2946 4125
3297 5326 2362 4158
2944
1096 431 4159 1120 1094 6907 1391 717
4156 4155 4112
4156
163 163 163
4074
4125 2051
4156 4101 4132
4154 4112
4157
1234 2797 1403 1247
4154
4155
3509 4158
4218 5640 3334 2762 4443 1718
163 1538 5807 1738 454 5374 4157
4155 4159
2051 1530 1538 4112 4112
4154
4157
4125 4130
4156 4112 4112 1538
2901 4632
163 163 163
4155
1738 2051 1740
2966 4157 6690 4112
4112 4155 4112 3408
4638 2944 2919 2146 2051
4074
4126
2051 4112
2051 4156 4158 4159
4159
4156
4101
4157
4155
4112
4159
4159
4125
2051
2051
2944
2051
5373 1547 3269 2624 2777 3391 2440
6367 4157
2944
4156
4158
4154 6394 5514
454 4155
4126 4156
1531 4155
4158
4126
4074 4159
2051
4159
2051
2051
1531
334
4159
4156
2051
4159
4159
4159
2051
4154
4156 6459 4125 2943 4155
4126
4157
4155 163
4157
4155 1530
1774 5607 3877 4335
1531 4156 4112
4154
4154 4074
4125
4156
4112
4157
4154
2051
4126
4155
4074
4158
4157
6361 2329 5826 2236 4303
3001 4155 2207
4159
4154
4126
4128
2051
4156 1531
2051
2051 1538 2972
4125
4154
2051 4103 4632
4159 4074
4158 4112
4154 4112
4156
4155 4112 1531
4303 3878 4304 2634 6969
1532
4159 4157
4159 4112 4112
2944 4159
2820 6336 6336
4158
4156
4112
4154 2965
4127
163 163 4154 163 163
1533
4125
4125
4157
4157 4159 4155
4154
4157 4112
2051
163 163
610 584 691
890 431 431 890
4112
1076 5929
2051
4158
1133 1479 1076
2180
4154
4156 3404
2051
4159
6723 1738 4154 5975 2367 5214 2786 5356
163 163 163
6722 4087 5752 2051
4112 1538
4112 4112
4154
2051
4159
163
3878 5325 2368 5752
5339 3964
4155
604 583 1738 686 487
4112 4125
4125 4159
4154
4159
4156
4157
163
1532
1530
4157 1530
431 1102 1073 990 1119 1027 2282
1538 1538
2051
4159
4125 1531 4154
4156
4125
2180
4126 4159
4155 4074
2051 4112
4154
2051
4158
4103
4156
4154
4125
4158 4125
2382 4155 4155 2381
4154
4157
2051
4125 6551
387 1738 5941 1722
4125 285 4155 4155
4156
4129 2051
4156
4126 2051 1531 4112 4125
4125
2384 2051 3273 4112
2051 4112
2051 4112 4126
4157 4112
2956
4129
4158
4112 4112 4112 4112 4112 4112 4112
228 4157 64
4154
2366 3509
4125
4155
3640
4131 4112
2972 4156 4112
4155 4158
4156
4156
2899
4125
2051
4156
2944 4156 6594 5612 6017 3623 3273 5640 5827
3509 4631 4154
4157
4158
4154 1538
2051 4112 4074
4112
4157
2797 2369 3959 3510 5607 2340 4175 6013 2374 2369 2362
1859
4128
4155
4158 4112
4125 4156
4104
4155
2051 4074
2051
4159
4156 2051
4126 4125
4145 431 890
4154
4158
2051
4158 4112
4156
1
4158
4158
4156
4154
2180
2180
455 693 1862
4112
4099
4125 4158
4157
4125 6459
4155
4158
4126 4157
4157
4156
4155
2051
5625 6295 6012 4112 4156
163 4126
4158
4157
4154
163
2944
4156
4154
4154
4156 2944
2369 3382 5607 1692 4154 2944
1538 1531 6072
2051
4159
1846 4156
2051
4155
4157
2245 6723 2051
2180
4125
1538 4149 1532
163 163
4159
2051
4125 4154
4129
4149 674 669 1615 4156
6533 4126 4158
2369 4434 2834 3882
2944 4156
4158
4132
3510 2369
4156
4110 245
2051 4112
173 2714 4159
4157
4638 3842 2051
4125
4126
4157
4125
4155
2051 4154
163 1538 4112 4158 1538
4156
4156
2051 13
4126 4154
4156
4126
2972
5607 1760 277 276 2374
2180
4074
2051
1530
4126
6175 2944 2051
163 4125
263 2333 3420 3404 454 1738 455 3420 4998 4631 5329 2333 263 1223 440 705 710
4144 3334 2202
4154 4112
4157
4154
4157
4125
4154
2051
4125 1530 4155
4112
4125
4128
163 2944
4125
2051 4125
4159 1538 1538 1538 1538
4156
2587 2540 2777 3694
1757 3297 4156
4155
4155
4157
4156
2051
4112
4155
4158
2051
4126 4126 4154 1531
4157
4125 4156
1538 1533 4155 4128 4112 4112 4112
4157 1538
4159 2972
4101 2944
4154
4155
4125
2180 4158
4130 4131
4156
4159
4154
4157
4154
4112
5607 263 3933 5344
4074 4074
4156
2051
2051
3509 1531 4157
5747 3881 2369
4154
4125 4156 4156 2966 6266
4158
2051 4112 4112
4159
4158
2944
1531 4155
4156
2944 2051 2944
4156
4156
4157 2645 2327
6175 4084 4155 2944 4074
4155
4125
4694
1538 4112
2051
2051
4159
4156 2180 4158
4126 4158
2944 4158 6595
456 4158 1759 2362 4157 4158
2051
3338 1991 4155
4159 6851 1801 5974 1615 4112 1707 5974 6851 1801 2340
1686 4159 1820 2735 1531
2051
4158
4155
4159
2051 4126 2943
4157
4156 1538 4112
4159
3910 2368 1751 5325 1785 4155 2972
4112 4155
4155
4112
2051
4159
4155
1538 4157 1538 1538 1538 1538 1538 1538 4149 4112 1538 1538 1538 1538 1538 1538
4157
720 699 1853 2368 1855 4155
4156
4438
4155 6259 6264 5544 2598 5544 3413 2797 5951
4155 4074 4125 4130
168 4112
2180
1776 2580 3989
4159
4156
4158 1538 4155 4112
4125
4112 4155
344
4158
4156
4157
4155
4136 4159
5344 4158
2051
4157 4112
4112
4074
4137
2051
4154
4125 2051
4154
4158
4156
4112 4154
4154 4131
4158
163 2051 1538 163 1538
4159
2367 5330
4101 4101
4154
163
4157
4125
4157
2972
4126 4112
4159
4155
2051 1798
4112
2051
1538 2051
4154
1707 6299 2209
4155
4126 1531
163
2051 4125
4126
4154
2051
4112
2051 1531
4156 4158
4125
4157
2051
2051 5490 1774 6014 6295 1703 2368 1703 6295 1724 6014
4157
4158
4156
163
2369 4443 1795
2051
4126
2051
2944
2051
2944 6487 4126 4112
2368 2797 5828 3877
4126
4156
4156
2051
4156
5853 4074
4112 4112
4125
4126 4157
4154 3694 4221
4156 4158
163
4159
4158
4158
4126 4158
2051
4159
4158
4159
4280 4156
4158 1531
4158
4157
2343 4149
163
4074 4156
2051
4126 2972
2210 5214 2461
4157 1531
2806 2051 2857 2857 3509
3324 3309
2051
4159
4156 1538
701 602 2051 620 5951 6251
163
5154 3637 5326
4112
2051
4136 2051 4136 4112 408
4157 1530
4158 4112
4159
4125
4154 4112 4137
4158 4125
4156
4154 6175 4125
4157 4112
2972
4157 228 228
4125 2180 1530 4159
4156 1530
4156 4136
2051 4112
4155 2180 4125
4154
4136 4156
2944 2051 4112 2944
2180
4155
1531 2051
4136 2051
163
4156
4157 4112 4112
4126 2180
4158 2911 6705
2051
1533
4127
4112
4155 4112
4157 4136
2051
4158 1840 4112 2828 6949 2913 2911
4158
4154
1530 1533
1705
4112
4157
4129
3292 396 5550 2496 5806
4126
4155 1552 855 3408 1552 3408 6336 2944 6191 6727
2051
4157
163 4099
4157
4112 4155
163 1538
2457 3869 3869
4154
2899
163 4155
1538
4155
63 4130
4156
4155
4255
4154
2051
4136 3814
4158
4155
4159
4157
3885 2646 3334 3309 2333 2325
4112
2051
4158
4158 2944
4158
4158
4158
4112
1021 1120 928 2440 5246
4112 4156
1538
2368 6368 4154
4154 1532
4112
4156
4156 2951 2944 2652
4157
4074 4157 4074
4125 2051
3657 4440 6855 3269 5765 4218 3274 2440 2777
1531
1855 1164 686 2051
4154
4126
1533
4126 4159
4125
4158
4159
2797 3276 3319
4159
4155
2944
2051
2051
4156 1531 3380 4157 4158 3380
2906
2051
4154
4159
2051
4112 4155
4156
4112 2051
4158
4157
4156
4155
2649 2634 6307 2952
5524 4155
4156 1538 4149 1532
4126
6689 1738 4454 6206
2051
2944
4155
4157
2414 4155
3972 1981 5744
4126
4223 3882 2538 2119 4389 2775
4156 4157
4125 2051
1378 4145 1155
3420 4144 4631 4145 571 699 479
2944 4136 6457 3820 3819 4808 4112 4112 4155
3306 5952 2583 3275 3509 581
4159
4145 893 1135 1135 4145 955 1378 431
4158 4112
4125
4112
4156
4156
5532 5827 6985 2051
2051 4112
4155
4157
4157
4158
2944
4074
2944 6536
4125 2051
2944 4125 4158 1538
4156
4156
4157
2633 3882 2387
4158
2919 1743
4156
4156 163 1538 163 1538
4126
4126 4155
6178 4157 2944 1538
4126 4157
4159
4126 4131 4154 1538
163
4112 4156
4154
4157
4158
4156
4157
163
5485 2841
5470
2051 4154
4154
2051
4158
4125
2051
4155
2051
2051 4112 4125
163 1538 1538
4159
2051
2944 4136 4155
4158 1531 4112 4112 1759 4128 2972
2051
4159
4112
4158
4125 6162
2051 3341 3899 6722 1531
4156 4112 1531
2944
4156
4154
4126 4158
4156
2051
6747 4126
4125 6179 4155 1530
4131
6175 2944 4157 2726
4154
163
4156
4157
4125 4159
2944 6178
4157 4112
4154
2051
5828 2855 2224 4144 4144 2628 2834 3297 3297 3651 2834 1547 4144 4533 3948 4144
4126
4159
5867
4159
2366 1825 4126
2051
2051 4074
163 2051 5966 5901
4159
4157
4125
4156 282 5607
4154 6178 2944
2051
2051
4155
163
4157
4158
4155 4112
4155
2051 2836 4557 2797 5339
4155
4104 4104
4112
2956
4156
1538
4156
4154
1538 163 163 1538
2051
4154
4156
4125 4157
4156
2051
4157 4112
4155
4157
3374 5847 1834 3921 5744 5246 3651 4280 5743
2972 4158
2944 6055
2051 4125
6971
4156
5607 5531
4156
2944 6549 4157
4159
163
4156
4157
2972 4158 4112 2369 3276
4158
4156
4156
4129
4154
4126 4112 4112 4112 1531
4126
4154
4129 2944
2051 4112
4156
69 4155
163
4156
4158
4112
4074 4156
4156 2944 5929 1554 1555 3338 5929
2972 4126
4159
4157
4156 4126 4125
163 163
2051 4127
3286 4156 1547 2852 3910 2602 2583
4158
4125 4155
4159
4126 4155
4159 4112
4155
4158
4155
4158 4112 4112
2944 6488 4154 4112
4159
2051
4156
4126
4158
4158
2944 4158 4112
4158 4126
2051
2901 2146 4112 4156
4125
4112 4157
4156 4126 6533
4156
4112 4158
4126 2944
4156 4126
3877 6855 5607 3320 2754 2224
4158
4154
6186 4126
5606 2583 2207 4144
4156
4156
3267 6971 5631 5929 6970 3904 6970 1547 5958
2051
4157 4126 2967
4074 4125 6178
4126 677 3509 1862 455 455 1862 3509 677
4156
2051 1530
6184 4879 2944 3839
4159
6690
4125
4126 4155
4158
4154 188 228
4157
4155 2898
4159
4157
4157
4157 6175 2944 2944 6184
2051
4126 6178 4157
4101 431 890
2317 4156
4157 4074
4159
4158
4154
2911 2899
4158
2051
2944 2051 4062
4158
2051
8
2180
4157 10
4112 4154 4125
4158
4159
4156
4157
4156
4156
4156
2051
4112
6178 4125 4154
1982 3914 2387 4154
4136 4156
4439 4731
4157
4157
3340 2369 2224
4125
4156 4154
163
2051
4158
4154 1
2180 2051
4074 2944
4154
4155
2051 4112 4126
4129
2051
4154
4074
4154
4126 4158
3260
4158
1530 4158
4156
1073 1119 1388
4155 1530
5752
4157
2051
4159
4156 1530
4156
4112 2944 4154 4112 4112 4126
2180
4112
6014 2368 1703 6971
4125 2944 6184 4157
2374 4156
4154
2051 1474 1094 6969 6922 2656 2640
4155
4157
4156
4156
4154
163
4156
4156 1234 3509
4158
4157
699 5344 4306 4443 6961
2944 4069 6723 1774 3404 3643 6723 4144 6014 1774 5848 4145 737 722 824 781
4154
4112 2051 4112
4126
4125 4158
2972 4126
4156
2972 4126
4126 2051 4112 4112
3367
2051
4158
4155 4126
4155
4112
4125
4112 4157
4158
4125
4158
4156
2775 2651 3952 2325 2775
4158
4155 6251
2051 4125 4099
1681 384 4156
4159
4157 4126
2051 4159 4154 4157 4158
4156
4155
4156
4159
4156
1531
4074
4156 1538 1532
163 1538 4155 163 1538 163 1538
4125
2633 3881 3875 1821 3437 5531
1533
4125
2972
4159
4112 4112 4112 4157
4074
4156
1750
4155
2051 4149 1531
4157
4125
4126
7366 7362 4112 4159 1728 1705 6266 6369
2051
4156 4125 2972
4154
4157
2051
4156
2828
4074
455 6013 1862
4157
4156 4112 4112
4157
4155
4126
6457 4125
2180 2051 4137
163
4155
4136 4156 1538 323
4159
1532
4155 1531 4154
4131 4154
4155
2051
4158 4155 4154 4156 4112
2051 4126
1135 878 1152 893 4112
4156
6459 4126 2051
4112 4158
6178 2944
2051
4156 4112
2051
4155 4158 4140 1715 5929 2754 5929 5951 6855
4125
4158
2180
5608 4156
4158 4125 4125
4156
2920 2944 2899 4126
4158
1538 1538 1538
4156 4112
4112 2051 4112
1716 2051
2944
4158
4157
4156
2665 3882 4723 1530
2051
431 891 4145
4126 4157
4156 4112
2944
4154 4101
4158 10
4156
2051 6969
2051
2051
600 1709 385
4154 4137
4136 6102 2051
4158
608 720 691
4126 2051
4155 3
4156
2051
4156 1530
4156
1531 4126 2051 6163 4112
4154
4157
1538 4158 163 1538 163 163 1538
4125 2051
4155
4158 4112
2051 4112
4125
6815 1531
4125
163
4112
4126
4126
2051
163
2690
4155
4158
2051 4104 4074
4156
1538 1538 1538
4159 1871 1737 1669 1738 2458 2368
2944 4157
4127
1
2051
4156 4125
3509
4156
4157
4125
4459 2051
4125 4158
4155 4112 1531
2180 4154
4154
4132 2051
163 1538 1538 163
4136 3501
163 163 163 163
4125
4156
2946 4155 4112 4126
4157
4144 3545 3546 3658 3914 4144 3659 1547 3878 2216 3545 1547 4144 3546 3659
2051
4156
4154
4125 4156
5009 4069 6722 4158
4112
455 699 602 1862 575
4155 2326
4112
4156
4157
4112 2051 4112
2051
4126
4155 4104
2944 4112 4112
4157
2051
4158
4126 4156
6828 5531 1743 1394
4157
2051
4159
6013 4156 5607 1743 1532
4157
3877 4224 4675
6912 2362
2944 6178
4158
2051 4126
4156 4125
4112 4125
4157
4155
163
4159
4157 4125
4157
4126
4157 4125 1530 4125
4159
4156
4155
4158
4157
4158
4159 2322 4223
4158
4156 4156 4158
6691
4159
4125 4154 4074
4156
4126
2946
4159
36 2051 4112
6972
2051
2051 4125
4112
4129
4126
4126
5844 431
4158 4128
4156
4126
4156 4074
6175 4126 2051 4112
4158
2051
4112
4158 2972 4112
4158
4156
4157 4437 5929 2581 6930 5582 6969 3910 3273 3268
2051
3275 3278
4112
4126
4155
2119 4158
1531
4126
6178 2944
1530 2326 2326 4075
2899 4126 3840 2944
2120 4157
4126 2051
1531 2051 1529 6313 6823 5877
4157
4715 3269
163 163
4156
4126
4155
4159
4157
1538
4126
4158
4126
4158 1531 4112 4074
4154
4104 4112 4112
4438 2634 4159 4112
1531 4157
4136 6551 4126 6551 2120 2051
1743 4156 4112
2051
5820 2651
4157
4155
4154
2466
4125
1538
2051 4127 2944 1531
3404 2362 5828 4158 4631 2754 6307 699 500 1853 2362
67
4136 4154
4155
4156
4074 2972
2051
4156
4159
4128 2051
4157 1531
4112
4159
4156
4154
4156 4988 2936
4157
2538 2967
4112 4154
4156
285 2051
4159
5844 2369 1750 263 1547
1538 4156 4155 4159 4154 4157 4158 2051 1538 1538 4154 1538 1538 1538 1538 1538
4157
4158
4158 4158 4157 4157 4993 5941 2844 2691 2965 6698 3485 2431 3040 3184 3050 2547 2709 3008 2839 2903 2851 4155 4154 4157 4638 5696 4159 3009 4158 5531 3408 2640 4156 2890
2051 4126
4158
4125
4157
4156
4126
6536 4126 4112 4155
4112
4126 2972
4156
2965
4125
4154
4154
2051
2051
4155
4125
408 4158
2051 2120
4159
4155
250
4125
5867 5749 454 1738 455 1862 1388 2322
4159 1 4156
4158 4112
4159
2375 2051 2754 3307 2868 2375 2863 3371 5396 3120 5941 3922 6690 2375 3922 2249 2375 3307
2051
163 1533 4125
163
4158
4159
2051
163
4125 4158
4158
57 4154
6175 4125 4154 1530
163 163 4154
4156
4155
4694 4074 2943
4154 4125
1538 4156 1538 163 163 1538 1538 163 163 163 1538
2051
3264 5297
4125
4159 4112 4065 2057
4126 454 1737
2051
2180
4155
5606
4155
1109 1046 1020 1119
4156 4112
4157
4154
5132 4155 4074
4154
4155
4112 4157
4112 4159
16
4156
4158
4156
1530 4158
4125
163
4155
4156
4157
4158 1531 6942 2322 4136
163 5840 3414 2249 2768 3371
1862 2051 5516 4156
2369 4617 3880 2844 1140 904 1046 6853 700 2369 1615 1855 6979
4158 4127 4125
1530 4159 4126
2051
4125
4156 4157
163 1538 1709 385 163 1538 4157 454 4158 163 1538 163 163 1538
4125
4157
1538
3349 1693 5325 3882 5440 1981 5977
4127 4156
4155 4126 4112
4125 4125
4156
4157 1538
4126 4159
4154
4155 1531
4112
4136 4157
4158
4125
2944 2051
2051 3120
4126
4074
5053 5095 6881 5018 6914 3246 5017 5889 1780 2602 3458 5063 6344 1962
4126 4112 2051
4157
4157 4112
4154
4112 4155
4129 1531 2180
4159 4418 2322 4154
1531 4155 4112
2374
4126
3278 6969 1538 282
4156
4156 1703 1785 5544 4157 4112
2051 1531
1738 1737
890 4145 431
4126 4158 4126
2972
4068
2051
4156
4154
163
6446 4126 4638 2920 6446 4136 4126 4126 4136 6446 6447 4638 4136 4074 2920 6446 4126 4136 6447 4158 4112 6447 4126
4155
4159
4157 4112
2496 2832 4311 4352 2640 2832 4144 2458 3309 2825 1547 4144 4354 2275 2458 4320 4144
4128 4074
4156
4157
1785 6969 4159 2538
2051
2051
4125 4154 4155
4112 4156
2265 4694 6287 4155
4125 2051
4126
1729
1846
4157
2051 4112
4126 4112 1530
4155
2051 4112
4156
4126
2051 4074
4159
4156
4156
4126 4159
4154 4125
4158
6453 4126 4159
2051 4125
4159
4155 4158
2051
4156
4125 4158 4074
4074
4156 4125
2051
4125 4112
2051
4112 4158
955 1400 4112 4156
5607 4159
4155
4156
4155
4126 4157
4125 2972 4112 2051
2051
4159 2369 3372
4125 4156
4112 2051
4125 2051 2944
4125 6178 4156
4126
3910 3898 3320 3906 3692
2972 4155 2944
4154
6178 2944
4155
4112
4157
4156
4156
4112 2051 4112 4083
6969
4074
2972
4158
4156 6063 1533 2053 4157
4155
2956 4129 4154 2972 6326 2362
4156
163 163 1538
4126
4156 4158
4158
4112
4125 4156
4112
4136 167 4154
4158
5608 285 4157
4158
4158 5631
163
4158
4157
4112
4159
163
4126
2051 4696
4126
1538 4158
2051 4112
2051 4126
2180 4112
4157 1836 4663 2374 4304 3298 5975 3297 2237 2374 1836 3297 5793 1547 4663 4304
4144 4899 2649 3964 2261
4156
4074 4112 2051 4126
2317
4126
4156
4145 1155 1378
4126 2944 4126
4158
163 163
4158
4157
4126 2051
4155
4112 4158
4156
2051
4074
285
4125 4156
4156
4112 4159 4112 1531 4112
1234 1243
2051
2538 5951 2458 1531 4158
2051
2051
4158 6971
4126 4157 4112 4155 4159 4156
4156
1716 1685 2051
3878 3637 4158
4157
4156
4155
4159
4156 3487
4136
4156 4157
6675 6990
3882 1547 2368 5747 5335 3881
4155
5941 4136 2429 1745 4663 5752
4772 2797
2051 4126 4112
4158
163
4155 4157
2051
4155
4158
4136 4159 4136
4156 4074
1531 4125
4159 5941 2642 1947
2578 2343 4159
4156 2944 4125
4154
4126
2051
1538 1538 4155 1538 1538
607 720 701 699 500 602
2051
4159 1530
2051
4156 1531 4149
4126 4155 4112
4154 4128
4154
4155
4155
4158
4156 228
4156
4155
2944
4157
4126
2051
4158
4155
6625 1531 2944 3264 2901
163 163
4158
4159 4154
4156 4125
1531
4154
4112
4156 4125
4156
4154
1387 1047 992 1120 1130
4144 2645 2833 4145 699 489
4159
4159
4157 4126 4132
2972 4074 4158 4126
3881 3298
4125 6178
4156 1532
4157
2944 6180
4136
4156
2051
4155
4125
4125 4074
4159
2134 4154
4125
4157
2853 4144 3510 1726 1728 6361
4158
4125
2051
4158
2051
4154
4158
4159
163 4157
4157
720 585 700 600
4157 4159 4155
4157
4155
4099
2857
4158 1705 3509 4154 4159 5608 3510
4125
4156
6178 4125 2051 1531 4149
4158
4159
4155
4157
7
4158
1531
2051 2972
4159 4112
4112
2839
4126
4125
4155
4137
2899
4159
4156
4290 6367 7249 7143
4126 4125
488 699 557 602 1862
4136
2051
4125
4158
4074 5524 5813
4154
4158
2051 4154 4125 4112
4156
4125 4155 2119
4112
4126
4156
6969 4157
4155 4074
4159 4112 4112
3639 3120
4126
4157 4439 4439 6000 4126 2119 5612 2661
4154
4157
2754 4264 3877 263 6012
4154
4125
2972 4112
431 4145 890 5368 4144
4125 4156
4155 6712
2051
2051
4112 4154
5749 1751 4144 1984
1124 264 957 928 263 2023 4602 1100 1113 431 1479 263 2023 4595 1400 1381 4145
455 263 1738 1871
4158
431 2665
699 720 1855 4155 1855 699 720
4155
4155 4112
4154
1846 4158
1547 2249 4144 2886
2944 4154
4154
2944 2946
2944 6178 4128 4159
4155 1538
1538
4158
4131
4126 163
2051 1531
4074 4101
1726
431
2972
4074
4155
2972
4112 2051
3888
4126 2051 6894
4158 4074
2362 2841 4438 5328 3320 4112 5154 4154 5339 5329 3878 2834 2651 1538
228 1530 4154 4112
4156 4157
4156
4126
2051
4154 2431
4157
6961 1853 602 6171 6171 602 6171 602
4074 4126 2051
1046 1479 1121 1162
3220 4155 2319 3880 4264 3905
4130
4154
2944 2051
4125 4157
4154
4156
2051
4125 4158
4156
1425 1449
955 1162 4145
2051 4136
2180 4125
4157 163
4074
4155
2051
4159
4112 4158 4125
2944
4155
4156
4157
1531 4155
4154
4158
4126
4149 1538
4159
4154 4112
3877 3321 3878 3510
4156 4128
163 4155
167 4112 4128
4159
4156
4104
4156
4126 2913 2944 4112
4159 4074
2051
4155
6178 4125 4156
4158
2051
4158 4136 4112
4144 6961 5640 4883 1532 4112 2088 3880 4264 2797 4144 6855 6961 2603 2601 4145 787 732 818 748
1871 677 4145 1195 4145 1228 1178 1871 1737 446 4145 1827 1707 4144 4145 1868 608 709 1615
2633 6971
2051
4155 4112
4157 3278 2755 3307 3274 3275 3911
4156
4159
4156
4159 4125 4125
4156
2944 4158
4156
4159 2944 4126
4156
4156
2051
4158
4126
4125
4101 4101 4112 4112 4101 4101
4074 4155
5152
3509 3273 3509 1873 3276 3692 6855 1738 455 1477 1516 1474 1523 1467 3509 6666 4112
4723 6723 3269 5607 2261 6855 3881 2797 3893 2665 3882
4125 4157 4127 4125
4156
2797 3510
4156 1710 386 6690 4112
4155 4156 4154 4159 4155 1531
4157
3405 263 1827 1835 263 2216 3405 2088 163 263 4715 4708 4144 2216 6990 6990 4144 2216 2341 4144 3009 2216 3009 2216 4144 2341 4443
2944
4159
4156
4159
2051
4125
2051
4125
4155
4154
1530
4159 4126
4125
4155 4074 4125
2051
4157
2051
1718
4157
2180 4126 2972 4158
4125
4126 2051 2944
4112
4126 4159
4051 4112
4154
2051 4125
4112
4156 1916 5455 1916 5455
4156
2972 2051 4112
4156 4112
4125 4154
4158
4156
4158 4126
6723 5339 5969 2230 2213 3933
4155
5806 5807 4023 5817 5976 5811 5775 3696 5815 5978 3880 5623 5813 2754 2631 5817 3692
4125
4154 2180
4157
4156 4075
4112
2051
4126
4125
4129 2906 2918
263 5925 5640
2051 4126 6184
4159
4112
163
4126 4155
4158 4112
168
4125 2051
4157
2051
4218 2649 4899 2262 3259 3906 4144
4126 2051 4159 4155 4155 4156
4156
4156
2051 6284 1531 2944
2051
6396 3269 6942
163 1840 5625
4158
4159
4112 4156
4112 1077 1388 1119 2249 2587 2776
5514
4156 1538 1538 163 1538 1538 1538 163 1538 1538
4112 2051
2770 3274 3282 3276
4158
4156
6501 2944 4136 2966 6258
4816 2658
2051
4157
4156
4158
163 1538 4156
4156
4155
4154
2051
4156 1538 1538 1538 1538
4158
1855 585 500 1738 686 1759 500 699 1855
4154
4159
4156 6346
4112
2051 4074
2051
5624 5607 6792 4157
4155 4125
4112 1531 4156
4158 4157 4159 2051
163 4156 3342 6723 3655
228
4155
4074 4104
4125
4125 4125 4158
2051 2944
4156
4125
4156 1947
4157
163
4158 1531
4074
4154 4156
1759 1379 890 2140 4557
4157 4112 1531
2944 6177
431 1101 1121 1028 1388 1073 1119
4157 4112
4156
4132 4154
4156 1531
2944 2899 4156 4129 4112
4126
4126 2949
1538 4112
1785 4157 5929 5929
4159
4126
3509 4154
4137
2051 4126
4125 4156 4099
4157 4158 1531 4112 4112
2972 4154 4136
2051
4158
4126
4125
2051
4129 4158 4158 4154 4158 4154
4125
4159
4157
4159 4155 4157 4112 4149
4155
4112 4155
4159 4156
4158
163 4159 1531
4156 4158 4112
2051
4157 2411
4157
4155
4112
1538 4154
4156
2051
4125
2899 6445 4129
163
2051
4157
4155
4155
4156 1530
1530
4125
4159
4157
2051
6691 1531
4157
4156
4156 1530
4154 6262
4154
4112 2051
2051
4158
2051
2956
4126 4074 2051
4157
4156
4156 2908
2051
2051 4125
4126 4074
4157 4112
4103 2051
4126
163
4155 4157 4154 3570 3431
4159 486 699 581 688 6178 2944 479 581 1855 6826 688 581 602 676
4154
4156 4112
18
4154
1125 431 716 4145 1077 891 431 891 1076 1124 4145 1076 1124 431 4145 891 1120
2941 4136 4112
4074
4157
4156 4112
4158 4125
62 4159
4155
4158
163
4159
4126 4156 3833 4067
455 2362
4159
4156
2777
4126 6179 6179 4126 4158
4126
4156
4157
63 4155 228 57 57 5392 63 63 63 5392
4158
2051
4155
4155 10
4127
2051 6014 6966
4157 1801
3494 4156 4112 2797 5752
2944 4155 4137 1531
4156 1530
2037 2036 4156
4136
5607
4156
4158
3899 2651
4136 2051
4157
2972 2051 4112 4126
2051
4145 1097 1479 1131 5925 3269 2624 4144 6855 5247 1547
3636 5951 3875 2944 2255 4898 2381 3881
1530 4112 4125
1760 1705 6880 4156 5607
5855
4125
4156
4156
4158
2051
4159
4156
4129 2180
4157 163 1538 1538 4112 163 1538 1538
4155
4157
2180 684 669 709 6722 2051
4156
4154
163
2645 5919 2628
2051
4155 4157
4157 1531 4112
4157
4156
4126
4126 2944 4156
4157
1947
4155
4158
4156 4155
4159
4158 4112 2051
2051
4155
4156
4125
4155 2972
4154 2972 4112 2944
4158
4112 4154 1530
4159
4159 4126 4126
4156 1827 6013
6666 2458 2051 2528 6666 4437 6666
4155
3510 6306
4158
3510 2565 2565 3510 5941 3510 5941 3510 6691 2565 3510 1531 2565 3177 3166 6691 3510 4266 3178 3166 3510 6691 4159 4266 2565 3178 4266 2565 3166 2565 5941 3002 3050 2618
163 163
4155 4112 4112
1538 2897 2916
4156 4112
4126 4159 1531
2051
2051
2972 2972 4158
4157
2051
6723 163
4155
2944 6006 4112
4074
4155
2754 5623 3641 3885 3881 4723 3880 2665 6012
4158
4155
2051
4125 4158
4156 2944 6178 4112 4112 4112
4132 2051
4119
4158 4074 4156 4112 2180
4125
163 163
1294 1371 373 394 1306 6691
6668 6800 4144
4129 4156
4158
4157
4156
4159
6691 431
4084 2051 4112
2180
4125
4156
4155
163 1538
4126
6969 6969 6969 6969 4157 6969 6969 6969 6969 6969 6969 3509 6969 6969 6969 6969 6969
2051
2051
1531 2901
4158 4104
4155
1531
2797 263 2261 4898 4158 2261 4899 5607
4125 4154
4137 4126
2051
4125
4074
4880
4156
3510 2949
2051
4159
2368 5829 263
4126 4156
4155
1531
4156
4125
4154
4126 4158
4155
4154
4112
4112
4156
2853 1738
4125 4159
4158
4126 4156 6489
4131 4126
4154
4126
4157 4125
2051 2658 2886 1680
4125 1692
4159
5808 6690
4074 4158 2944
4158 6535 4126 4112
4156
4158
4159
5463 5796 2374 3269 4303
4158
4156
2051 4112
4157
4157
4156
4156
4159
4158
2051
4154 4132
4157
163
5929 5929 1801 6013 5606 4144 5806
4156
163 1538 163 163 163 163 1538
6355 4144 1742 6986
4074
4154
4126
163
2051 4112 4112 4112 4112
4158
4074
3898 2825 3899 3437 2051
4157
2972
3639 4144 3350 3638
4158
4112
4125 4126
4154
1531 4159 4149
163 1538 163 4157 163 1538 163 1538
4156 4112
4154
4157
4154
2051
4156 4112
4157 4126
4155
4154
4154
5607 4156
4126 4159
4154 1538 436
4154
4126
2051
608 578 700 600 1848 720
4156
4157
1785 3424 4157 5796 3298 2214 6725 6729 5463 2857 6907
2051 1538 4112
4156
4157 4125
4136 1530
1807 6691 5348 4136 4632 5952 1801 1531 3697 5752 1807 5347 4112 5752 2921 2795 2368 4632 2368 6691 1807
4125
4156
4154
4125
6616 2944
4156
4112
1915 4158
4157
4155
4112
1530
1 207
163 2051 2051
2540 2649 2051 2497
6723 5531 2051
2944 4128 6176 4112
4112 4154 4090
4157
4145 689 1728 671 543
2120 4126 6549 2119 4156
4157
4112 4158
4125 4112 4158
4158
2051
2944
6294
3878 5335
4155
4125
24
2051
4156
1538
4700 408
1394 5297 3299
5952 2797 2360 2242 4223 3952 3546
4157
2203 7329 7227
163
2051
4125 4154
2051
6689
4156
1531
4674 3889
1538
2051
4159
4112
4129
2051
4156
4126
2944 6178
10
4159
4156 4126 2948
4158
4158
4157
4156
4159
818 737 751
4126
4154
2051
4155 3510 4158 2828 4156 4159 3510
6969 6690
4074
4126
4156
6365 2225 6971
4126
4157 1538 1538
4156 1530
4155
163
5941 4154
2823
3494
4157
4125
4157
4158
4129
1017 1089 1098 1117 1119 1388
4155 285 4154
2051 2944
263 6855 5607 3880 4264 3900 5607 4144 3060 2261 5607 4144 5929 4898 2261
163 1538 4158 163 1538
163
4158 4126
4125
4154
4158 2956
2051 4112
4156
4158
2778 3372
1538
4157
4125 4155
4274 4112
4158
4156
4158
3509
4060 260
2602 4677 3900 2387 3659 6365 4670 4387 5624
4156
4136
4126 1531 2944
4125
6459 4125
4154
4154
4154 1531
2944 4087 4154
4158 5117
4155 4126
4074
4158
1530
4101
163
4158 4154
163
4157 4112
4157 4156
2944 2051
6549 4136
4157
4126
6722 2645 4144
4156
4291
6311 6361 3947 2369 4158 6942
2051
1698 6723 2764 2797 3299 2343 3644 3904 7252 3273 5607
2051
4154
4159
4125 2051
4157
601 1853 1164 692 1868 545 3264
4156 4136
3324 6969
4158
4157 4112
4145 1738 1871 1871 4145 1862 1738 1871 4145
4154 4158
6785
4126
4129
5752
4126
1 4155 1 4112
4155
4131 4135
4125
2765 3276
4125
4125
4155
2051
4158
2651 5773 2458 2051 2374
4154
4125 4126 4158
163
3509 1547 3876 2755 3873 2344 4144 3510 5980
3657 5807 3559
2635
4156 402 3510
4112 4112 2051
4158
4156 4159
4154 5826 6346 6942 4074
3543 3269 4443 3275 6313
4154
4157
163 163
4126
4155
1538
4126
163 1538 4157 163 1538 163 1538 2051
4156 4154 2317
1698 4156 3298 5765 1538 3560 1698 5772 3298
1751 4158
2948
4103
1795
4125
4112
2944 4154
4157 4112
4156
4074 4154
2319 1251 1533
163 1531
7224 3306 6791 1547 5896 3952 3956 3334 2665 4157 5326 2723 6012 5941
2051 4128
4159
1531 4158
4158
4158
4155
4158
4154 4158
2051
163
4126
3045 4159 3273 3336 3309 3890 1531
4159
4157
163 1538 4157 1538 4159 1538 4156
4074
6970
4154 1530 4112 4074 4112
4154
4125
4158 1530
4126 4126
2944
1100 1131 4145 1017
4157
4156
4158
1530 4154
4125
2051
4157 4125
4128
2901 2146 2944 2461 2458 1531
3205 5746 4159 4125
4156
1538 4157 163
5436 263 5229
2951 2946
4158 1538
4154 4112
4126 6178 4155
4126
1784 5532 5940 4144 3509 3657 4144 2836
2051
4126 4112
4154
4112 4112 4112 4112 4112 4112 4112 4112 4112 4112 4112 4112 4157
4125
4155
4159
4065 5608
4154 4112
4126 4156
4155
6148 1531
4158 4112
4158
4126
4156 4157
2367 2362
4632 4126
4157 4156 4112
4158
4112 2051
4158
431 3509
4125
4156 4159 4154
2051
4159
4155
4125
2972 4158
2051
4156
4159
6971 3826 1529 4158 1531
4156
4136 4156
4125
4126
4157
4132 4154
164
4125 4155 4112
4156
4542
4156
4155
4158
4126 4112 2683 4155 5941
4126 2051 1530 4112
4125 2051
4156
4156
4158
163 1538
4158 4074 4074 4074 4074 4074 4074 4074 4104 4074 4074 4074
4159
2943 4154 4136
1947
4159
5344 2051
1531 4741 454
163
4112 4112
4154 2180 2972
2051 4112
4158
4154 4159
4158
4156 2972
4155 163
4156
4157
4154
4074
4159 4112
4158
4158
5929 6602 4137 5929 5929 2440 1547 4306 5325
5625 1743 5631 1703 285 2051 285 1705 1716
4154
4159
5844 5925
2051
163
2051 4810 3334
4158
2051
4157
1846 4158 4158
4154
1530
4127 2051
1538 1538 4112 4149 1538 4157
2783 6901 3877 3924
2051
4158 4125 2944 2965 2966
4157
4159 4112
4156
2773 1547 4112 3904 3509 3959
2051
6880 6689
4126
2051
4154 2546 2466
4157
4158
4126 2051
4156 2954 4125
4112 4157
4158
2965 2972 2051 1538
4154
4157
4158
4155
4136
2944
2051 6076 1533
4074
1533 6573 2658 5326 6308
4131 4131 4131 4131
4159 4154
4154
163
2901 4126 2140 1531
4156
3260 3334
2180
4126
4156 1531
2051
4159
4154 4112
4156
4154
169
4158 4074
4157
2944 6186 2051
6689 4074 2051
4126 4112 4155
4156
6855 6723 3877 5623 3877 4156 4387 3657 3877 3657 4387 3877 4387 3657
4156 4126
4126
4126
2051
2051 3372 4157
1076 1002 4158
4158
1530
4154
2051
1119 2466 1047 1388 1137 2496
2645 3509 5827 6675 4433 4157
4074 4155
4126 4158 4126
2051
2051
2051
4125 4087 2972 4125
4159
4154
4159
4126
4156
4112
1531
2180
6063 1532
4158
2051
4125 4099
4126 1738 455 454
4074 4126
2051
4158 1530
4158 4158 1538 163 1538 1538 163 1538
2051 6251 2944 6238 5730 2944 6325
4112 4156
2180
5754 2051 1764 5754 5545 1763 5754 5754 5754 5754 5754 5545 5754 5754 5754 5754 5754 5754 5754
4155
4159
2754 3898 2797 3880 5607 5486 2777 2665 2261 3882 3340 2581 5623 4898 3636
4074 4132
6398 3008 263
4125 4155 4074 4156
4125
2051
2631 6855 4144 4264 3878
163
2051
2051
2051
6734 5483
2051 2901 4126
263 1796 5845 1774
4155
4159
4125 4157
4155
2325
4074
4154
4156
2051
500 667 490
3510 1836 456
1538
4159
2051
4154
4156
4158
4158
4157
4158
4159 2944 5622 6241 1982 5793 6970 2863 1982 5929 3261 1531 1394
2917 4158
4157
4131 4112
4154
2387 2120
163
4157
4126
2051
4156
4074 2051
2051
4136
2051
3881 2369 4154 3882 2369 5214 2369
4156
2956 4158
4157 4112
4155 4126
4159 4125
4158
4155
4136 4158
4156
4156
4631 3640 2603 3560 2817
2225 4074 2944
163
2946 6175
4125
4159
4154 4112
163
4099 4155
4158 4157
4157
4126
1530 6969
4157
891 1156
4126
4125
4155
4154
4112
6336 2944 1715 5829 6551 5875 5640 6668 2220 4158 5828
4074 4126 4156 1530 2944
4155 4157 4155 4158
163
4156 1531
2944
1531 4154 4149 4112
4155 2146 2908 2972
4155
4156
4154
2051 2134 1776
4158
2051
2944
64
4157
2051 4694 1913 1452 4112
4112
4157 2944 6178
2051
2180 4155 4112 2691 4157
163
4157 2944 577 1304 6398 6675 577 577 5463 577 6402 5332 577 577 1615 1531 6390 2820 6675 1882 5920 394 1347 5875 5332 577 5875 577 577 5875
4126 4158
4156
4154 4112
4156
4126
607 682 610 5929 2326 3559 2326 7269 7272 5929 7271 6395 3959
4112
4136
2051
4156
4125 2972
2051
4155
4154
2051
4155
1840
4155
4126
4157 1531
2051
4156
1533
4156
4156
4159
4155 4112 2944
4159
2119 4154 4112 1538
2965 6706
4074
4125
4158
2051
1947
4156
4158
4156
4155 4112 4156
4158
2051
4159 1531
4158 2944 1797
4155 1531 4112
4125
4158 4125
4156
4112 4156
5687 2120
4156
4112 4136 4156
4158
2051
4154
2051
4158
4126 4154 4125 4112 4125
2051
4125
4159 4126 4125
4125 4157 4159
4156 4112
4154
1668 2368 2658 4982 2459 6727
4159
2051
2051
4157
4112
4157
2051
163
4157
4158
1859 1874 4156 1859 1874 2180 4126
6250 2051 2944 2647
4155 1760 1718 5607 1709 5925 5951 2180 1709 1709
4156
4074 4156
4156 3505
2651 4144 2651 3009
4125 4154
4155 236 4159
4155
2051 4126
4155 1531
4158 2181
4157
4126 4156
4126 2051 4157
5823 5823
4112 4156
5607 2443 4444
4154 4131 4131 4131 4131 4131 4126 4131 4131 4131
3882 2317 2665 3881 3636 3273 2776 5752 3885
2051 4112 4154 4158
4157
4158 4126
2051
4155
163
4158
2944 1531 4112
4156
4157 4074 4112
5532 6800
4156
2943
2054
2180 4112
4159
4126 4126
4773
6310 1785 3408 3201 1825 4430 4074 3408 6310 1825 6325 4129 1825 1748 4433 3408 3408 1825 6310
4126 6690
4112 2901
431 1125 1379 988 1077 4145
4156
2322
4154 4126
4158
2051
4158
163 163
4154
4157
4112 2944
4155
3334 3306 3307 4156 4154
4112
4127 4112
4156
2051
4125 4159
6511 2913 4129 2051
4159
4069
891 2051 431
4099
4155
4112
4126
4158
163
4156 4112 4126 6176
4159
4158
4158
4155 4159 4157
4156
4157
2125 6721 3306
2944 1757 5995 5633
4159
4157
4155
4158
2051
4158 4159
1531 5473 2944 4157
4158 4156
4156
2051
4125 2051
5811
163
6299 5530 4126 2901 2946 2943
4156 1531
4156
4136 4157
4158
2051 408
4154 4159
4125
4157 4156
2051
4157 2944
4157
2797
4158
2944 4103
4125
4158 4159 4125
4157
2972 4159
4155
4157
4157
4157
163
4156 4158
4155 1531
4112
5640 2461 4144
4157
2944 4157 4793 2362
4159
4112
163
4112
4126
4074
2051
6926 6914 2538
4155
4155
4156
4154
4074
4126
2051 4126
456 1862
4157
4156 4157
6529 4126
4158 5623 2944
4126
2944 6551 2944 4159 4158 4112 4112 4112 4156
4157 1530
4126 1972 4156
4158
4156
4158
4154 2051
1947
4156 4157
4159
6711
2051
4126
4155 2688 6030 4112 2944
3324 5941 6971 1801 5941 6971 3324 5941
4159 4126
4074 4155
4156
4156
4154
4074
4158
1718 2051 5524
4132
4155 6475
4157
4112 4159 1530 4126 4112
1195 1185 710 1215 1202 705 4074
4074 5746 1738 4159 5750 1264 394 5852 1738
2051
1532 4125 1532 4154
4074
4158 4112
4156 5665 2272 2381 2338 2272 3033 2338 2330
2180
1780 4149 4158 2466 2483
5490 4157 1795 163 1538 1538
4156
4154
4155 3324 4158 3261 2387 3900 3265 2369 2870 3003 3297
4112
4158
4126
4156
1073 1391 1096 1131 1124 901 955 1130 1100
4157
2051 4125 2180
6561 2944 4136
2051
4074
4145 1119 1394 1046 1388 4144 4264 3877 4263 1119 1394 4145 1479 1089 1119 1391 1394 4145 1099 3270 2284 4261 4144 4263 4264 3270 4144 4264 3269 4263 4144 4264 3267 4144 4263 1102 1388 4145 431 1119 4263 4144 4264 3270 2261 3267 4144 3270 4144 4263 1119 1394 1089 1391 4145 2262 4144 2261 3267 4264 3267 4263 4144 7129
4154 4074
4 182
4144 6410 2023 2023 4144 6336
4158
206 4156 206 206 206
4158
4154 2949
4158
4158 2943
2972
6528 4126 2051
4126 4125
4158
2051 4156
4155 4126 6547
4156 4136
4157
4158
4156
2776 4155
4074
4154
4125
4112
4125
4159
575 577 693 1166 1077 716 1399 1131 1021 4145 1135 4145 1131 1021 1077 716
4156
2369
5144 4957 4157
4157 2051 4156 4158
4158
4112 4112
4125
4154
794 5612 2051
4126 4112
2369 2051
4131 4130 4103 2943 4131 4130 4154 4130 4132
4158
6002 1533
4156
4157
3875 2633 3881
4125
4127
4125
4154 4158
6723 1631 1642 2366 1649 1623 4158 4157 1633 1630 710 1224 431 1194 1185 1197 705 439 711
6014 2051 2645
4158
163
4154
4155 2618
4125 4154
4158
4125
4126 4159 4112
4157 4112
2949
2051
4159
4125
4156
1531 4156
4155
4126 4156
4131
6924 3658 1531
571 685 488 686
2051 5801 3319 5978 5969
4157 2051
4112
4156 4112
3875 3404 3436 2274
4158
4155
1759 3195 1718 3656 5743 3037 3001 1547 1767 3137 5750 1547 2727
4155
4144 3510 3889 2773 6722
4158
4112
4155
6523 4125
7302 2209 7169
4136
4156
4112
4156
4156
1759 1685 5801 263 1759 2341 2329 4218 263 1759 3876 4144 6969 1759 4144 1759 4218 6345 1759 4144 6969 3877 4144 3165 2797 1759 6320 3037
2249 2211 5752 2250 4144
5530 163 6850 1801
4112
4158
6969 4144 6691 1547 2884 2227 2214 4144 2369 2459 2853 2203 2369 4144 6395 5339
1531 4158
4271 4125 2943
4426 3509 1547 5941 5941 1547 2368 4144 4426
2949
4155
4156
4155
4158
1862 4157
4126
163
4129 4112
2051
4126
4632
6986
2956
4156 4126
163 1538
5325
4125 4135 4130 4157
4155 4112 4157
2899
4112
4126
1047 1381 717 1399 431 890
6969
4126
4158 4112
2051
228
163 4125
4158
4158
375 4154
4155 4125
4156
4126
6675 3878 3893
4158 2180
2051
163
4158
4155
4158
4157
4154 4158 4125
2051
4125
1047 2651 2245 5749 2229 1046 1759 3694 2994 1718 5806 1073 2051 4154 1759
163
2956
4157
6878 6014
4156 641
3915 3261 263 1547 4437 2839 2443 4144 6687
4156 1530
4112 2051
163
2051 1531
4158 1530
4155
1155 890 891 1394 1399
4112 4156
2322 3268
4156 4156
4155 4112
2246 3510 3334
4144 2366 4723 3268
4074
4159 4112
4159
4136
4126 4156
2051 4127
4126 6711 4112
163
4125
4158 2120
2368 3697 2223 2811 3208 2229 4537 6970 3509 1837 4732
4112
4156
579 679 479 1738
4074
4157
4155
2369
4154
2051
454
4126
4154
4159 5754
4158
4159 4126 4112
4155
3282 6373 1756
2944 4158 4126 6528
5607
3898 2755
4136
4159
2797 5752 3275 1028 1047 1821 4157 2643 1547 5764 5496 5752 955 1117 1047 4440
4125 4112
4157 4125 4156
4126
4154 4158 4155 4159
4159 4112 2051
4156
4112 4158
4126 4158 4130 4131
1538 4152 1538 4152
4126 4112 4159
163
163 1862 3420 4485 2249
4126
4074 4154
4159 2944 6179
4157
4157 1947 1947
4132
4157 6942 5470 5625
4157
4158
4157
4157 4129 2944
6533 4125 4125 6535
4154
2768 3391 3321 3278 3979 2586
1530 4158
4112
1538
4112 4158
3126
300
4104 4154 4104 4104 4104
2797 1780 5875 263 1827 2581 3882 6985 2209 263
4125
6
2051
4074
6535 4126 4157
4126 6501
6263 2972
1530
4112
4156 4112 4112
6691
4156
2783 2601 3509 6345 5764 6359 2325
4158
4155 4112 4112
4156
4158
4126 4132 4126 4132
4156 4158
4125
6830
4129 4157 2366 6990
4159
2545 3509 3889 6013 5524 3309 4144 2797
1538 1538 4152 1538 4149 1538 1538 1538
4157 2944
4156
4155
4067
2051 5801
4156
4156 1531 4112
4154
4125 4156
4158
2944
4157 5150 5102 6971
4157
2051
4154
2051
4156
4157
3408 2807 6242 3210 3208
4155 4112
4155
4154
2817 4159 6969 2817
4157
2051 4112
1530
4154
4154
4156
4156
4112
4154
4145 689 671
4112 2051
4074 1538 4074 1538
4125
4158
5940
4126 4125 4158
4157
4126
1850 5806 4908 4904 620 686
4157
2645 3900 3510 263 2628 4144 3261 3509 3265 2399 3510
4157
4126 4125 4156
4154
4125
4158
4155
4157 2366
1738
4125
4155
4125 2051 4099
4157
163 4157 1538
4155 4159
4130 4103
4156
4156
4125 4154
2051
4157
2051
4125
2051
4157
4155 1531
6885
4154 6184 2944 4125 4112
4158
5845 4154
4159
4112 5959 2972 4156 4156
4132 4132
163
163
4156
4157 4155
4126 4112
4112 4155
2051
2237 1669 2369 454 6969
4127
4157
2051
4159
4136 4112 4154
4125
4158
3275 4217 3878
1531 4156
6969 3952
4159
4157
4158
2944
4112
4156
4157 4155
1264 373 1338 1353 394
4157 1531 4112
2051
4159 1538
4484 4074
2944 6564
4815 6536 2944 4136
4112
4438 2325 4154
4125 4159
4155
6365 6687 4157
4156
4126
4126
4154
2972 6713
163
4159 6341
4159 4154
4157
4112
4156
4156
4154 207
2972
4137
4155 4126
4154
6969
4154
4156
4156
4156
2967 6713
4159
4074
4156
2051
4156 4112
1531 4155 4136
2051
63
4126
163 163 163
1394 893 264 891 1399 890
4155
5640 4144 4888
2368 1855
4156
3509 4159 2320 1825 389 3510
3638 4144 1785 3545 3120
4154
454 6986 838
3273 3922 263 6012 3273 3922 4144 3651
4127 6459
4159 4112
4126
4126 4126 4126 2706
2051
6691
4669 3309
5631
4158
2051
1538 4156 1538 163 1538 1538 1538 163 1538
4158 431
4157 4126
163
4126 4158
4157 4132 4099
4137
1697
1155 891 1121 4145 893
4158 4126 4112
2051
4126
4144 6972 6942 4898
2051
6986 3914 2656 3307 263 1758 2322 1547 2317 4675 6985 6986 3914 2317 4675 2317 6986 2317 3656 3874
4126
4125
4125
4157
2944 3156
4126
4130 4155
4156
169
4154
3153 5246 2864
4126
4137
4154
4125
4159
4159
4125 4125 4125 1530 2051
6112 1533
4126 4158
4126
4158
4137 4154 4137
4125 4156 4112
2944
4081 4125
163 4158 602
4155 4126 2972
4156 2665 6690 6691 6979 6961 6942 4157 5681
2051
4154
4155 6262
4154 1531
4155 4112
4112 4112
2051 581 479 681 479 1615 681
163 4158 1531 163
4137 4159 4112 4112 4112
4126
4125 2051
2051
4125 163
2908 5270 4126
4668 4036 2367 4040 1547 5852
4158
2954 1738 1538
4158 4159
2944 4159
4159
4157 4112
600 5951
4155
3278 1547 3510 6899 2245
4144 3278 3273 3275
4159
4157
4156 4126 4112
6690 2727 263 2319
4159
4156 1530
4126
4154 2261 2807 2826
4158 6176 4125
4156 4155
1531 2362 1144 1378 4126
163 3408 4886
4159 163
4125 4159
2538 2483 2538
4158 4112
6527 4125
1738
1785
2965
2952 4126 4158
4157
3881 5746 4772 3906 4155 5744 2764
4158 4112 1796
2841 3371 5978 2387 3658
344
5941 4155 2586 2369
4157 2972
163
2051 4154 4158 4156 4159
4154
4158 1530
2051 64
2764 6985 1098 163
6969 1720 1742 263 1728 1715 2362 263 1724 1742 1720 1726 1715
4159
4156
4112 1530 4154
4158
5514
4158
3877 3275 5846 3875 2250
7023 4159
4304
3510 2946 2628
4136
2051
4158
4154 1825 1547 389 2207 6969
4156
2912 2967 3835 3836 2899 2906 2930 2922
2134 4156
4159
4157
4112 4156 4112 4112
4157
3510 4426 4616 2665
4658
2331 4144 3889
4155 4157 4156 6184 2944 4154 4126
4125 4154
4112 4158 282 1530 1538
2051
4156
2051
4156
4156
2965 4154 2966 2797 6729 6723 2631 5120
2797 2934 1760
4074 4157
207 4157 4125 4112
4156
1531
2972
163 2440 2864 5373 4144 4144 5941 2817 5373 891 1160 4144 890
6651 1533
4156 4157 4112 4112 4112 4112 4112 4112 4112
2180 4157 2180
4157
2944 2953 2180 4159 4126 4128 5335 1820
701 620 500
3408 4136 6326 6457 4632 2213
1538 4155 163 1538 1538 1538 163 295 336
4156 4074 4074
4158 4159 4158
2051
4155 4157
3543 1837 5852 4112 4156 2329 2587 1695
2051 1796 1795 6894
4136 2368
4158 2119 4156 4156
4157
4154
1681
4158
4158 4112
4154
2051
163 163
4159 163 1538 163 1538
163 1538 2051 1538 1538
6687 7253 6913
4159
4159
4126
5844
163 1538 163
4154 4157
6971 4156 6971 6971
4156
2051
6535 4136
4157
4156 4074
4156
4157
5941 263 1379 1120 1381 1117 5941 2368 263 6239 5941 2754 6247 3278 263 5941 6247 263 6969 5941 2797 3915 2756 4144 5941 6969 3509 5941 2756 2368 6969 4144 4261 4144 6969 5941 2368 5941 4144 1685 2754 6969
163 1538 163 1538 4156 163 1538 163 1538 4157 4159
5607 1680 2362 5752 5651 4158 3906 1547 6402
4154
4156 4128
4099
4156 4112
2051
4159
4129
4159
4155
4126 4156
4125
4158
4074 4157
4125 4158 1530 2926 5723
2972 4074
4159 4112
4126
4157
4112 2944 4156
4159 4157 4156 4158
4156
4155 4112
3195 6346 4883 2884
4156
4159
4156 4112
4159
4155
4145 1077 891 431 431 891 1028 1097 4145 1135
163 163
4112 2339 2367 2340
4112
163 4126
4158 1531
2051 4154
4156 2051
4126
671 607
4156
607
5960 5485 2643 1547 3692 5929 6347
4074
2755 6723 6326 2773 1547 2804 3165 4803
4159
4126
4155
4136
4156
4156
1538 4155 1538 1538
2051
4157
4155
4154
340
4156
2578 3321 2362 3307
4156
4112
4074
3899
4112
4158
4112 4154
2051
4074
3270 3880 2823 2754 5744 2233 2325 2317 2374 3952 3001 5623
4157
1703 2634 3276 1743
4156
4112 4156
4159
102
163 163 163 163 163
2051
4158
4154
4158
163
1915
4126
4158
4158
2972 2051
4156 1530 4112
4129 2051
4156
4126
2051
1162 1120 1094 878 1097
163 1538 4156 163 1538 163 1538 163 1538 163 1538
4159
2051 4112 4112 1531
4125 4154
1846 4156
4154
4154 4159 4155
4074 2051
4132
2119 5925 6878 6689 4157 6878 6689 4154
4154 4126
4155
1757 2320 3881 5607 2755 3641
4125
4156
4156
163
4156
4112
4156 4159 4158 4112 4154
1076 1131
2051
163
2051
4157 2972
163
4156
4159
4125
3510
4158
2051 2381 1703 2855 5470 1703
4158
4155
163 1538 1538 4157 1538 1538 1538 1538 1538
1538 4157 1538 163 1538 1538 1538 1538
3201
4156
4157
4154
163
1757 5941 2764
2946 4136
6691 2797
4156
163
3640 3878 2329 4158 2051
4158 4158
4154 4125 6447
4156
4156
4125 4154
1761
4156
4126 4156 1531
4099
2754 4159
4155
4156 61 4081 4074 4112 4074
4112 4157
4157
3559 6012 2754 5623 3885
4132 5607 2944
4157
2775 2777 2797 4674 5770 4675
4158
4159
4154
4158
2956 4156
3274 5925 390 1826
4154 2051
2051
4157
4125 1530
4125 4074
4074 1685
4112
4125 4156
4154 4157
4125 4157
4157 4112
6691
2466 6971
4157
4157 163
4156
221
4158
4157
4154 4112
4157
2496 1760 6319
4159
4125 4125 4156
4158 1531 1529
4125
4101
1020 4156 1077 1120
163
4159
4154 4112 4130 4135 4127 4135 4130
4158 1740 1738
4157
4126 4154
2051 1787
1947 4158
4125
163
4074 4112
4136
3273 6979 6976
4157
5598
4125
4156 4158 4157 4155 4154 4159
4158
4132
4159 2 4112 4159 4158 4112
4159
4157
4158
4126
4158
4125
4127
1547 4222 6972 2051 4217 3907 2659
4074
5808 5817
4126 4155 4101 1530 4136
163
4155
4156 1531
4125
2946
4156
4159
4136 2972 2180 4158
4157
4156
3275 5833 2317
4159
4157
4154 4155
3948 1538 3049 3846 2387 2224 2387 1683 4144 4144 3509 3261 3137 5329 3261
4154 4074
4074 4127
3510 2642
163
4154
5328 1791 3898 2369 5329 3881 2051 5339 1547
4158
4158
4157
4074 4074
1538
4154
4074 1846 4074
2368
4158
4154
4126 6459
163 1538 4158 1538 4157 1772 163 1538 1871 2051
2369 3933 6315
2775 2585 6972 1577 4156 3265 2325 6971 2578 2775
1531 4156 4112
4125 3509 3300
5392
2948
4157 4125
4157
4155 4158
57 4157
4158
4156 2180 4112
4112
4461
2252 6729 3275
4127
4149 1538 24 25
4154
4132 4132 4112 4112 4112 4112 1538 4112 1531 6725 3805 3510 4155 6723
455 1853 1737 679 4145 5827 3510 4144 5940 4144 3271
163 4525 3911 4144 3324 6969 3899 4144
4129
4158
4157
4157
5631 1716 2329
2051
4156
1531 4156 1681 1681
4155
4074
4159
4154
4074 5867 2944
4158
4157
4159
4112 2051 1530
4126
5817 1855 4899 2759
