5845 1760 3910 1871 3692 5844 2754 4433 6492 5941 2210 669 3268
5842 2233 2284 3297 2723 3509
4125
4694
4135
4112
2944 6440
6723 2634 3278 2224
6447 4125 4112
4112
4125
1743 4140 5544 1776 4150 2317 2461
1538 4112
6969
5865
7143
1538
4112
4128
2972 2319 2362
1538 1538 1538 1538
4112 4074
2369 6675 1757
1532 6969 3510 6803 3408 1984 6969 1836 3343
1538
4074
4101 4112
1120 1024 1047 1025 1073 2245 3637 4037 5082
4074
4112
4126
1096
4125 4125
4126
4125
4125
4112
285 4542 285
4074
2944 6446
5951
1388 2797
4112
6907 3509
3 1 408
4112
4125
4074
5631 5740
1750 2230 6063 1531 2233 2387
891 905
4125
2225
2319 1891 1855
2827
4126 4112
4126
4112
2901
6267
1776
4112
3878
10
4126
4127
4126
4125 5995
4074
1538
5771 1760 3096 4663 2834
4125
2252 2334 2806 3373 6241 3391 2249 4444 2203
4074
1773
4129
2806
552 676 1855 580 551
4126
3298 3379 6727
4112 4112 4126 4112 4112 4112 4112
163
2972
2972
4129
4126 6178
4126 4112
4132
4125
4087 2944
4112
4126
6961 2369 4221
4126
1586 1573 1582
2956
4087
163
4131
4074
4112 1538
4126
1772 1772 1772 456 1772 1772
163
670
2645 1046 2886 4112
4136
4125 4099
2660 5951 2565 2660 2658 4136 6961 2660 2565 2860 2660 3156
221
4126
418 4147
4125 4112
4125
4112
4112
4112
1531 1718 1801 5817
4126 4074
4112
4125
4126
4112
4099
4126
4125
5278 3509 4112
4126 4112
163
1670 4146
4112 4125
4125
3408 2844 1784 6013
4126
4125
1538
4112
4112
5764 3882 3949 2665 2317 3636 3273 5772
4125
4126 4112
2180 2901
4126
4112
163
3463 5282 3195 1547 282 3264 4533 5332 3560 6971 2326 2796 4525 392 4674 3638 4879 3886 2682 3882 2817 3881 6972 4870 5332 2325 4533 2682 4879 2326 1798 1791 3195 3560 2817
4126
4118
4126
1538
4112
6005 1533 3657 5246 2369
4126
4112
6446 4126
203
4126 4112
4112
408
2965
4112
419
4125
1538
4126 4112
4112
6336
3669 4144 3684 3669 1698 4144 4144 3669 1698
4125
3509
3255 5747 2317 2213 4399
1538
3358 2339 6961 2340
4443 2826 3274
4126 6446
454 1862 6402 1862 1862 6319
4126
4129
4126
4125
6178 4125
4112 4112
4112
408
4074
4074 4125 4112
4126
4126
4112
4125
10
4074
4125
4104
4125 4112
4126
4125
4128
4125
4080 4126 2972 4112
2944 4074
4112
207
2180 4126
4112
6723
203 2956 4125
4126
4260 6098 2754 3877 3893 6723 2320 3636 2262 5607 3949
1
2180 2901
4074
4126
2944
4068
4125
1935
4125 4099
2944 6552
1915
4112
4266 3278
1795
4112
4125
4112
4125 4125 4112
4112
4112
4112
4125
263 2631 5619 5651 2480
2944
1829 5530 1736
4669 1703 2362 6855
4112 2943 4126
4126
4136 4112
2237 3881 3915 2869 4112
2369 1855 5625
4112
4112
4136
4112
4387 3009 2265
4125 4125
1538
2327
4126
4112
5941 5532
1846
3509 2948 5724 5723
4112
6905
4126 2965 2966
3839 5111 4128
2180
1532 3379
4112
2932
2634 263 3881 3643
4125
4126 4255
3208
4125 4099
163
4125
4136 4112
3408
3263 2634 1988
4125
3509
4126
4126 2946
62
4125
4137
5036
4126
1716 61 285
4126
4776
4112
4126
2954
1795 2387 6242
5607 4389 6926
2654 3510
2903 4129
4132
2965 2966
1850 688 610
4125
4112
4136
4103
3269
1669 1615 1871 5622 454 1615 3319 5969 3274 5969 3274 454 1615 3334 5969 454 3334 5969 1615 3334 1615 5969
4126 6178
2538 2459 2458 2461 263
4126
4112 4126
5607 1531 3856 3864 3947
2489 6796
1795
4099 3510 5611 6368 4440 4130 4112 4112 3390
4126
4112 4136
4074 4112
2944
1538 1538 4149 2596 4533 1538
6969 4433
5091 4210
4126
2224 3636 3881 4677 2764 2665 4669 2547
1691 3278 2369
4112 4112
4112
5951 4125 3843 6926
1707
6722
4128
4131 4130 4125
6359 2776
4112
4125
485 264 720 1862 454
4125
3379 6986
4126 2180
1538
2943 4125
163
4112
4135
4099
4125
5951 5201 4669 5952 6691 4670
4125
4125
