1760 5845
3334 4265 2284 4713 1683
4112
4832 3875 3898
4112
6320 2333 2972 3436 3881 2645 2225 1757
6536 4125
4112
2224
5
5625 2488 4149 5544 6760
2899 3835 2918 2909
6969 3280 4291 3380 3373 3373 5606 5817 6729 1818 6969 2211 3268 428 1841 3380 3379 3408 4280 6729 3275 3380 1784 6969 3386 1689 4380 2855 3269 3373 3379 4291 4648 5752 3299 6969 6727 2634 2627 6292
6722 2972 4632 6722 4136
5819
2546
21
1538
1538
1
4126 4112 2762 3336 3876
4132
4126 4125
4112
4694 285
4126
1987 3877 3655
4074 1
4125
4074
1316 1301 1352 394 1882 1303 1363 1286 1346 1367 373 1276 1361 1278 1364 1373 1325 1304
2387
1862 455 454
4132
6950
3898
1378 3268 5633
4112
4126
1693
285
2530
1738
4112
2946
1538
1871 454
4112
5016 6509 4136 431 717 890 891 1144 891 431 1399
4112
2946
2968
10
4890 5253 7337 4889 3988 2266 5041 2333 7391 349 5883 4892 7276 3960 3360 6722 2225 2322 4893 5844 7336 2329 7205 4790 4891
4126 4112
3082 2642 3327 4663 1791
289 289
6241 6250 2807 2873 2252 2480 2807 6265 2755 2252 2764 2873 2807 2755 1821 2873 2827 2807 2754 2252 6241 3391 2480
2972
4112
4126
5431 2261 3340 3881 1836 6855 2466 3268
4542
5754
1738 682 484 504
2901 4125
402 3297 6723 4373
1531
4126
4112
2972
717 1119 950 1389
4112
5577 4126
3171 4280 3147 3030
2968
4126
1705
4112
4112
4126
2972
4126
5941 1538 455 6284 1871 455
649 3857
4125 6176 1538
4126
4074
4126
4112
4125
4126
1538
2972
1538
2565
2972 4112
2972
2972
4112
2944 4137
4112
4126
1152 1135 890 891 1119
4112 6402 3509 2368 3347 3297
6458 4136
4087 2944
2968
1538
4125
4126
6299 1776 4969
4125
4126 2968
4129
4125
4508 1689 2863 2440
3241
163
2230 2546 2241 2237 5977
4112
5952 5793 3338 4112 3509 6388
3405 2999
4126
6969
4126
3487 4125
4125 5829 2727 6320 5795 5246 1547 2723 4440 3644 3647 3054
1538
1703
1538
6855 1821
4112
4112
4112
4112 4112
1533
4136
4126 4112
4112
4112
4125
271
1848 4112
1707 6299
4136 2944
5750 1547 5607 6341 6320 2367 5845 7221
4136
4112
4145 431 868 431 1019 4145
3669 4144 5829
4112
4126
3320 4396 4440
163
6335 5496 4129 3274 4443
4112
1538
4125 4112
4125
4112
3509
4112
4125
3334 2369
2968
5625 1532
4126
4125
4125
4694
4074
4126 4112
2968
4112
4126 4112
4112 1538
6259
4125
4126
4112
1538
3270 6569 2855 1531 2883 3509
4125
4074 4112 1538 4112
2972 4074
4125
1738
2180 4126
1538 4112
4125
4112 6839
5847 2853 2230 479
4112
4126
4112
6152 4125 4125 6152
4129
2940 4112
4125 4099 4112
4126
6091 4126
431 1073 4218 1391
4136
4074 4112
431 1773
1786
2945 1834 6691
4129 4112
1532 6571 5532 4112
4112
3867
4125
4125
6268
4139 1801 6299 4112
2555 6855 3275 3892
2951
1855 2754 455 1855 2754 552 454
2754 2729 5246
1378 878 891 4441 1378 6972 6598 1533
2972
2140 2327 2912 4087 2913
6346 5122 6336 6392
1716
4126
2934 2932
2759 5640
4112
4112
1538
2968 4112
2968 4125
4125
6325 2325 1716 2325 2944 4112
1986 263 2628 3881 3643 3914 263 2628
4125
5754 5941 5938
4112
1393 928 870 1399 1024
2968 4112
4125 4099
6796 6839 1801 6839
6969 1669
4125
4136 4125
2911 4126
4125
4440
4112
4125
2944 4126 4112
2946 2180
4126 1538
262
4126 4112
2640 2369 1547 5644 5640 5844
4129
408
4137
268 5
4126 2091
4126
1692 6242 5842 2387
4081 2972 4112
4112
688 1850 649 688 610 1277 1850 688 610 1850
4112
4126
3509 2656 163
4125
4103
4112
4112 1538
3269 2833 3268
2207 1615 455 607 2322 1615 1669 1669 454 607 1615
2538 2461 263 2601 2461 263 2538 2458
3842 3480 3842 6936 3843
4126
4112
4125 6176
4112
4112
3708
1538
600 674 608 552
4126
4112 4112 4112
4112
4218 5918 3373 5470 5470 3408
3878 5623 6723 1720 6855
4127
414 1223 440 1184 705
163
4125
4126 1538 4125
2972
4112
4125
2968
163
1394 4145 893 957 891 1077 1155 878 431 4145
6178 4125 2944
4126
4132
178
6989
4126
4074
3275 5840 3962
4132
4125 4099
