10
5631
408
4125
6251 1707
1871 448 1737
3697 2386 6013 2386 3210 1836 4125 5929 1836 2386 2287 5530 6690 5951 6305 1836 2420
24
4125
1538 1538 1538 1538
2825 2754 813 431 2367
6969 3385 3510 4291 3380 3377 3384 3373 3386 1581 6850 6969 6969 6850 6724 1579 2642 3268 3380 2780 3379 6969 6850 6969 3380 5929 3386 2594
2944 4632
1530
4125
4126 4112 4087 4112
2713
4125
4112 156
4074 4126 2946
4125 4125
3338 3265 3334 5749 5747 5750 2852 3259
1532
4126
1530
4132
1738 1855 500 688
163
4125
4112
2944
7275 7274
2180 2180 4125
4125
1552 824 1564 1549 834 724 1551 828 1558 1554 1562
2202 1530
10
2414 2415 285
163
4112
1904
6674 3882 1547 2886
3643 3644 3341 3334 2333 3509
163
4157 6498 4126
163
4125
4125
3372 5829 3510 4305
4126
4126
4650
1530
4126
4125
6986
4129
4112 1820
4206 4867 1547 4311 2382 3679 3680
2944
4126 1538 1538
4125
4126
2180
4129
1531
1101
4126
4126
4125
4221 2645 1547 6961 5335 3297 3545 3296 3882
5549
408 3
4074
4136
4158 4155 4154 1533 4154
4112
4126
4112 2140 4989
4112 4126
6179 4137
4074
455 455 1871 6284 1776
1531
24
4125
4126
167
2944
4101
4112
221
6241 4986
6247 6238
4128
4112
4074
1538 1538
4112
4126
2855 4776 2853 5649
4125
4112 4112
4064
6723 3338 3924 3334 3923 2853 1547 3924 3340 2367 3889 2390 3923 6723
4125
4112
1530 4112
163
4125
163
2943
228
3334 6336 3510 3259 5980 6369
4112 4112 6850
5185 3463 5412 1547 392 5401 3868 3195 3870 4879 4533 5435 6666 4674 3559 3881 6972 6990 2682 3657 2325 2326 2817 2274 5881 2682 2546 5741 2930 5886 3195 2817 3881 2326 5889 6385 2325 6666 3657
3405
4112
2180
6722 2387 4112
4126 4112
4126
589
4126
4074
2369 6675 1531 3644 2754 6675 1728 2369 3338 2440 5246 3657 4125 5246 2773 1547 2624 3644 2387 3437 6398 2440
1704 1530 3876 4674
4125
4125
4074
5840 1862
4127
4877
455
4126
4112
4125
1532 5985
4126
163
4303
1530
4074
5631 2465 2852 6723 5651
4126
1531
4125
1531 4112
1530
7368 350 7361
4125 4130
4125
4112
4125
4125
4112
4125 6184
455 693 4145 454
2972 2180
1530
3
4125
4126
4074
4112
4112
4126
4126
6446 4136
2180
4112
10
4112
4112
3341 3338 2855 2366
4125
4129
2691 4080
4125 6155 4125 6155
4126
1530 2754 2841
2944
854
1853 3003
4126
4128
4125
1530
2855 6985 5330
4126
4125 4125 4112
4090
4125 1531
344
5839
1825 389 1530
4126 2946
4112
4126
1531
1710 6967 1710
4112
2538 1686 2368
4051
163
4112
3843
4126 163 4126 4126 6180 163 163
4112
4158 4154
1532 2932 1532 1532 1531
1530
4112 2325
2972 4126
1683 1731
2631
6299
4125
1784
4128
2538 5607 2886
1669 6971
4125
1530
3388 3387 3388
1530
6371 2483
2944 4126
4126
167
4112
3875 3874 2776
285
4112
4136 2327 4730
4127
4129
4126
5941
4126
4090
6895
1363 1348 394 1274 688 620 1850 7226
4112
4126
4112 4112
3914 4387 3423
2180
2911 2966 4103 1766 3869 4103 2797
374 3387
4126 3878 3952 5771
3269 4112
4125
4112
3844 6938 6938 2934 3842 6938
4126
4136
6178 4125
6261
4112 1530
4125
163
5247 3205 3334
2180
602 4145 1737 1672 692 691 589 4145 602 1853 455 4145 709 691 1853 692 4145 592
4074 1531 2946
2180
1693 3852
4126
4125
1685
4076
2287 2287
2944
4127
4112
4125
4136
4126
4676 4675
1531 1538
4132
479 686 1738 557
4126
1530
4125
3814
4112
4125
4126
