1538 1538
4130
4156
1531
3876 3275 5764 5475 5607 5623 6855 2317
4157 2944
1391 1099 1128 674 500 488
4125
163
1530
4155
4157
2634 3276
4155
1538 163 163
4074
4156
857 431 2375 6689 6907 5310 5295 7017
4104
2944
2051 4112
4074
4126
4125
3423
1538 1538 1538 1538 1538 1538 1538
5458 5458 1530
3045 5335 3658 4221 6855 3876 1818 4415 6398 5929 2281 3877 1547 4156 4264 2754 3878
2944
4137 4158 4112
1538 1538
4125
4112
163
4159
163
4126
4159
163
4074 4126
479 1738 674 605 575 3509 1738 686 454 454 700 686 1615 601
4112
2944
4125
1538 4149 2326 163 1538
5865
4155
4126
4218 3297 5740 3268 3910 3922 2366 5629
2417 4156 2417
4125 1531
5326 1862 2237 2237 1164 699 608 1862
2051
4159 1538
4159
1531 4112
4112
4099
4074 1531
1531 4159
3510 5817
2210
2262 3949 2784 3338 4263 2358
2982 2934
4074
6014 6013 1703 2051
3509
1692
4132 1531 4112
163
4126 1533
2634
4125
4126
4125
2051
3268 2466 4899
163 2944
6907 700 500 607 573 701 6907
1531 163
4136 5940
4074
4159
2051
4125 4125
2180
4074
4074
5765 3275 5852 1757 3910 2540 4305
4125
4125
3347 3959 2284
163
163 1538 163 1538
4158
4125
4158
4126
4075
4125
1530 1538 2051
2944
4112
4126
1737 454 4145 1862
2180
2180 4126
4074 1531
4104
4125
4126 4125
4125
3903 2768 6691
1538 4152 1538 4152
4126
4126 6528
163 163
1530 4104
5246 2387 3037 5312 5291 2776
1530 4155 3510 2585
4126
4159
4112
4136
4126
4156
2051 1531
2972
4125
214 4155
4112
2944
163
4125
4125
1531
4157
2944 2944
6855 2651 2369 3881 3875 3874
2051 7322 2817
4126
4074
4125
4112 4156
4126
2972
4155
4126 169
1738 455 507 838
3568
4074
4159
4263 1757 3876 6855
4158
4125
2051
1531 2762 3914
4159
4125
4159
2180
2461
4074
4159 4126
2051
188
3635 4158 3635
2906
4156 4156
4156
4125
4125 6179
4126
2913 2946
4074
4126
724 782 431 817
4159
1531 4112 4126
4112
4112 4112
1538 1538
3878 3309 2764 2797 3509
4136 4112
4104
3587 1255 2051 7087 7086 7083
1532 5183 3259
4125
1538
4126
4158 4112
4159
163
4125
4159
4126
4126
3900 3893 2777 5844 2214 1532
4126
4126 4155
4126
2051
2120 2119 2645 4631 431
4074 4131 4112 4112 4112
5837 4126
1538 163 163 1538 163 1538 163 1538 163 1538 163 1538
4112
1530
4125
1530
2900 4157
1531
4112 4112 4112 4112 4112
6690
2944
163
6178 4125
4125
4125
2764 6713 2383 2335 2382
5297 4149 5295
2051
2833
4125 4112
4128
2645 3338 1547 3959 3207
4158
2944
4125 4112 4112
4112
4158 1530
4131 1530
4112
4223 3950 3951 3904
5772
4387 6723 2366
4159 2369 1697 3882 5531 3874 543 455 1861
4125
4112 4112
4112
1531
1530
1531
4112
3275 3273
4154 4155
4099 4125
2180
2325 5437 2382 4439 4870 4879 282 3463 5889 4462 2682 2459 5881 392 2540 3195 4502 2855 4525 6972 1547
4126
4074 4074
5339 3878 3952 3658 4677 2773
4125
2634 3273
5050 1787 1820 2775 4533
4112
4159 4112 4125 4112
4125
4112 4112 4112 4112 4112 4112 4112 4112 4112 4112
4126
2051 4112
163
163 163
4112
2387 5335 2780 2832 3900 4899
4159
4126
6942
4112
4129
4125 4125
4127
4127
3269 3268 2764 2237
1538 1530
4125
4159
1530
4074
4438
2180
1531
6527 4136
6713
4125 4130
4126
4159
4136
4074 4154
4126
2755 3885 3275 2776 5817
64
4126
1531
4155 1530 3509
4159
163 1538 163 1538
4112 4157
4125
4126
2965 5274
1533
2180 57
2051
6880 6879 6914
4074
4127 4112
4126 4156
4217 3882 4218 3906 6722 5281
4099
163 163
4131 4131
4156 1530 4125
3278 4303 2317 2051 3270 4444 5325 1547 3545
2051
285
1738 1738 6986 1987 4131 1862 1738 5522 3520 1738 1530 2369 1862
4074
4126
4159 4112
4157
1853 699 689 569 602 1164 671 1738
4112
4126
4125
4125
454 1862 454 1862
4126
3875 3275 3273 2317 2126 1547
2054
2944
4159
3338 3334 3298
4074
2919 2146 2918
4154
5297 3907 2362 2754 1547 5297 4157 3334 2944 2362
1530 4112 4158
4156
620 4212 5796 1757 6013
1531 4126
4125
5339 1533
4154
4126
4126 4126 4126 4126 4126
4074 2944
2797 5925
2241 6723 5483 2207 5304 1795 1547 3900 2051 5765 2368 1704 3309
4159
4129
4125
4112 4112 4112 4112 4112
3889 2369 5651
3924 4444 3299
4125
4159
2944
2946
3275
3260 2369
4104
2051
3877 2797 5625
2956 4898 2645 2754 3510 5325 4349 3298 5750 3898 4347 4898 5740
4128
4126
4125 4154
4125
4156
4125
1758 3269 2776 3924 3376
1531 4112
693 455 1740 454
4112 2944
2952
202
4125 4112
4074
4155
4156 4125
4159
163
4158 1531
4112
6938 4099 4156 6938
1846 1846
4666 4676 4899 2764 3349 3268
4125
4074 2944 4136
1531
2362
408 285
4132
4099 4131
4126
4154
4126
2366 3273
1538
1669 1738
4125 6535
1530
4126
4127 4157
4156
4156
4112 4155
4126
4156
4154 4112
4125
2946
4104 4104
3509 431 1531
4156 2317 1144 1530
408
4125
4126
4468 4149 1532
6926 6924 4983 341 282 1531 2625 5820
4154 1531
4112
4075 1073 2797
4155
4157
4126
1531
4126
1547 3949 5752 4303 5632 2368
4074 1846
5607 5975 3905
4126
4126
2912
4131
4112
1538
4112 2956
4112
5640 6942
4045 1531 3638
2944
5808 6971 4112
1538 163 1538 163 1538
1846
5587
163
4126
1531
4087
4073
4126
4125
4440 2367 773
4126
4126 163
4074 4104 4104
4136
3510 5994 1532
3045 4158 3638 4154 3638 2765
1530 3338 3881 3914 3336 5844 6341 2317 2368 3509
163 163 163
4125
4136
163
4159
4154 1530
6368 3509 1813
4112
4126
2944
4159 4127
4126
4112 4112 1531
7087 7084 5624 2214
4154 4112
6457 4125
6320 3659 2762 3509 4218
2944 2146 2901 1530
2051 2210
4156
4125
4074
4126 2180
4126
6017 3875 3694 3320 2776 5640 2369 3878
4125
610 1615 1738 581 700 699 2481 479 2944
4126
4157 1530 4112
4157 4112 2180
4074 3558 4218
4158
4126
2944
163 163
4126 4112
4125 2180
5607
2913 2911 2912 1530 4154
2051
2051
4882
1378 891
4112 4126
431 717 870
2051 4125
2944
4280 3250 4156 3265
1531
163
61
4112
4159
4159
4126
4126
2051
4103
3320 2784 6723 2777 5749 3878
4074
2051
4125
455 1862 1848
4694 224 4156
4136
2820 2224 3060
4158
3463
3334
46
3873
4156
4125 1530
2180 4126
23
4125
6878
6689
4154 4112 1538 4112 4159 4154
4156 208
1096 1046 1072 1538 4155 1531
4159 4156
1689 1784
3338 3334
4112
163 163 163
4112
163
4112
1738 699 580 1855
2051
4112
4074
4099 6907
285 4070
4112
4112
1530
4126
2180
4103
1531
202
4125 2972
2051
163
4126
4126 3187
5844 4154
2051
1757
228 228 228 64
2203
2949
4156
4125
4112 4126
4112
61
4156
256
4125
4104
2180
4156
4112
2919 4136
4126 4125 4112
4156 4112 4112 4112
4099 163 4126
2944 4126
4074
2943 4081
4157
4156
4074 4112
4126
4125
4125 4156
4112 4126
6231 6012 5651
4112
4112
4125
4126
2051
4129 5520
203
4074
4126 163
4125
4126
4112
4125
4154
4137 2899 2901 2921
4112 3509
4156
3898 3952 2756 3889
4132
4051 2459 4159 4156 5624
156 4129 158
4074
4125
2362 6727 6395 2807
4156
4126 2944 2180
4156
2180
163
4125
3269 1760
4126
4126
4155
4157
4126
2214 4144 2333 6381 2331 4145 1470 1479 1517 1474 455 4145 1738 455 454 1738 693 439 431 4145 1194 414 705 1229 431 4145 891 890
4158
4155
1710 2936 2944 5762 4398 1760 2656 1710 2686 386 293 3874 6901 6723 1547 2331 3510 1710 6969 4223 1710 3692 5752 3274 2326 386 4646
2944
4074
2665 3881 3636
4112 4112
4112
2051
4136
4125
4074
4156
4125 4112
2944
1531
4112
4126 4126
4125 1530
1533
4103
188
4157
4101 4112
163 163
4155
4158
4074
4156
4112
6251
4125
2944 4154
4136
1947
4125
4073
1697 4161 3881 4663 2317 2645 4444 2457 3869 2368
4155 2051
4125
4154 1530
4125
4112
4156
4126
4158
1479 928 1119 431 1099 957 1120 993 1098 1141 1098
4899 1757 2775 2051
4074
1759 1531
4155
3170
4159
4127
4126
4112
4125 4125
2051
4125
2944
1738 6722 1531 3510 4155
1538 1538 1538 1538 4149 4112 1538
4156
580 699 600
6178 4126
4112 4158 4696 4699
4159 4112
4124 1707
2797 3345 2764 2051 2764 5291 3347 2369 2146 3914 3644 4899 3269 3273
4132
4126
4154
4074
5477 1862
4074
4126
4112
4112
4159
4112 4125
4112
4159
4131
4126
2944
163 1538
4074
4155
4112 4126
2180 2777 3269 2886 2628
4130 4131
4158
4156 4112
4112 4125
4112 4126
4125
4158
7351
169
163
2551 4154
4126
2944
4112
4074
3275 4218 4674 4159 3893 4676
4101
4126
2051
4074
4158
4125
4074
4126
4154
4154
1530 4112 2051 2944
6926 5820 3852 6688 2631
4126
5091
4155
4125
4126
277 2459 4443 6012
6954
1743 5625
4126
2051
4126 1531 4112
4112
4126
4125
2645 2863 2241 3307 2237 4158
4137
4126
4125 6176 4112
163
4155
2944 3842
1136 1130 1098 1388 1047 1389 1101 1137
4156
6178 4126 4112
4126 4112 4112
620
4126
4125
4112
4126
4112 6422
4127
4136
2051
4126 2944 2180 4112 4112 4112
4112 3881 6012 6723 2633
4125 3623
4085
4155
57 4130
4156
13
4126
4126
4112
6247 4218 381 4223
6178 4125 4099 6178 4125
6251 6241
4112
1728 6368 5951 4155
4125
2368 2317 6367 6368
4125
3911 4663 3636 1703 3907 2665 2369 4389
1538 4156 4112
4126 4126
4125 4125
500 1615
4112
4074
2944 4074
4125
4125 2944
4137
4126
4156
4125
163
2051
4112 4149
1531 4159
4127 4112
4074
4112 4074 4149 4112
2414 2415 2414 2414
4222 3886 2645
163
4125
22
2540 5516 4440 3165 3030 2369
5806 5640 5633 5643 2339 2631 2340
4144 3880 6012 3423 4263 2754 2645 5483 4144 6734 4174 5844 5483 4144 5483 4144
2051 3307 2369 1531
4125
4126
4154
2631
5328 4218
5752 2665 3882 4723 1547 3636 5925 3950
4126
4159
4126
4159
4112
4126 4131
4155
62
5929 1100 1388 1133
4136
2369 6924
4074 4125
4126
4126
4158 1530 4126
4125
4156 6689 4154
1997
2051
4155
2972
2180 4112 2180
4112
4101
2944
4154
4125
4155
163
3261 4144 2631
1846 4074
4125
1531
4112 4149
4074
5811
5280
1538
4127
4670 4672 4668
4156
5941 2773 3899 2214 2601 2317 6381 2640 1547
4104
2051
4154
4125
2180
1538
4112 4126
163
4149 1532
2679 3093
4126
4125
4126
4112
4112
2944 4074 3276
6178 4103 2946 4112
4125
4443
3297 2051 4676 3885 4224 3298 3946 3974 3372 6850
4125
4112
4125 4112
4126
163 163 163
4156
4137
4126 4112
4126
4112
6971 4155 2650
4126
4158 2930
4126 4112
2369 6942
163
4156
163
4533 4043
6535 4126
4112 4159
4074 2944
4136
4157 2944
6359 6723 6734 6396 3950 1547 5651
4074
4157
4074
4112
4154
6924 6942 6907 1538 4112 2051 6924 6691 6907 3273
64
4112
4112
4112
4125 4112 4125
6687 2497
5765 5532 1703 4908
4156
163
3
1531 4126
4155
2944
4074
4155 1531
2729 3376
4128
4074
163
4126
4156
4126
4074
163
3260 5951 3264 2633 4154 2538 4112
4112 4126
3994
4125
4112
4264 2631 6855 3891
4156
4126
4125 2944
4156
6013 1679 934 6880 6971 2631
1531
4125 4074 4112
4157
2051 4112
4156
2051
4158
782 4145 732 824 744
4155
6017 2051
4126
4125
4112
2944
2180
3558 4144 6850 3509
4125
163
1531
4125 4099
4112
4154
4155
3201 5608
4127
6924 3156
4156
4126 4074
163
163 1538 163 1538
2362
2051
6691 3911 6914 6878 5640 3273 6907
2645 2051 2633
2631 2250
2972 1531 4112 4112 4074 2180
4159
4155
2262 320 5607 2320 2658 4389 3949 4898 3340 2646 4156 2362 3341 4723 2459
2797 4433
4112
6014 4154 6014 4155 4159 4157 4154
2180
1846
4126 2120
1530
4152 1538
4126
4156
2911
4129
3518 4144 2250 3307 4144 6924 6675
4126
1759 2754 5929 7216 2051 6970
4156
1531
4065 2944
4154
6299 6855 2755 5929 2649 1732
4126 2919 2904 2965 2918 1531
2944 2911 4802 2913 3843 2912
4126
4112 2374
4155
2902 4112
431 891 4145
4126
3
1531
4074
1947
2628 6792 5332 5844 3510
1532
4155 4112
4155
4126
4137
4126
2180 2180
4158
163
163
163 1538
4156 1530
6012 3878 2853 1760 3882 3875 3881
4127 4130
4125 4155
4155
4074
6583 1533
4125
4159
4125
2918 2908 1531 2909
163 1538
163 1538 1538
4112
2051
2944 163 4136
3657 3546 4144 3545
4156
4125
1862 601 659 699 709 455
2944 4074
4125
1737 838
4126
4675 4908 3377 4905 3880
5940 4156 6969 1776 3694
5846 3274
2051 408
4159
1531 890 1119 5214 4155
2649 5530
4156
1
6013
4125 4156
23
6689
4126
4125
4112
163
2051 1530
5960 2645 2540 2497 2833
1533
4112 4125 4125 2972
4074
4125
163
5117
4126
2051
6013 3906 5792 3881 6971 5623 5792 6723 6969 3882
2944 5929 3379 5941 4149
4125
2833 1547 2331 2777 2645 3334 4112 4112
4112
4126 4099
4156
4129
6340
4126 4074
1738 1669 5046 4156
4127
163 3340 3275
2051
1531
2051 3659 3546 4280 4387
4155
4051
4126
163
2361 4905 2857 2852 4908
4126
6313 6280 1716 2325 6364 5952 4434 6313 2466 2362
163 2051 1538
1538 4155 1538 1538 1538 1538 1538 4149 2836 4280 1538
4126
4157
4125
2946 6729
4104
4132
890 3408 6972 1801
6547 4136 4112
3409
4126 6178
4112
6666 2214
4156
2944 4136 4136
2051
1538 7015 7126 2287
1538
2322 1389 6961 1130 2773 1100
4125 4125
4127
4126
1615 3656 5764 3274 1758
2180
2944 4074
1531
1538 2051
163 2051
4155 4112
4112
4074 4156
4154
3343 3297 5952
2899 1531
4126
4125 6184
4125 4099
4159
1855 1672 2797
4126
3309 4443 2633 4669 5344 2381
4125
1669 5749 455 1862
4101 2972 1531
4155 4112
1531
4112
3890 2375 4264 2375 3204 5941 2375 6689
5496
4154 4155 4156 4157 4157 4159 4158
4638 2966 2369 6690 4126 4112
4125
4126
4125
4136
1532
163 1538 163
4112
1381 5747 3643 5980 1378 1391
4125
4125 4159 4112
2180
1927
4155
4126 4074 4156
4125 1531
1531
2944
6725 6691 3881 4074
4444 4144 6690 6691
4154
4154
4125
2051
4127
4126 1531 4156 5651 4158
3349 3545 2369 3278 1381 2368 1135
4125
4136 4136 2901 4136
2922 2901 1531 2921 2900 2631
4127
1531
3275
4125
3285 2374 3880
4159 4112
1530 235
4126 2180
4157
4112 4112 1531
1532 3994
3889 5763 2754 5640 3510
3299 5651
4126
4136 6453 4126 4136 6453 4126 6451 4136
4125
4125 2943
4125
4125
2956
4125 4125
4126
4125
4129
4158 4104
4126
4126 4158
4112
2899 2901
6336 6969 4112 4112 4112
3372 6722 4899 3881 3640 2443 4898 7090 1394
4125 4074
4074
2944 4125 4112
4126
4127
4155
4125
4099
4125
4159
4125
2972 4112 1531
4
4103
3341 2645 4438 4899 6666 5531 2857 2366 3349
4200
4156 4126
4074 4087 1873 428 1862 6226 1872 1863 428
455 1538
2684
1538 163
1128 431 1390 1047
4132
4125
171
2051
4125
4125
285 285 285 5625
2051
163
6698 2051
1400
4126
4126
1530
4074
4074
4112
4159 1530
4126
2756 3298 6972 2374 4306 3296 4663
4130
2051
4154
4112
2944
2944
4126 6533 2944
4112
4126
4112 5855 4112
1707 1703 2683
4154 1530
4129
4126 4156 4154 1531
2382 2851
4125
2911 5929
1531
4137 2946 1530
4074 4126
4075
4126
4074
4155
1759
4126
4156
2966 3028 3280 6698 3268 3835 2920 2140 5941 2907 2913 6827
3889 4899 6802 3297 2317 1530 1538
1119 1073 904
6701 4125
4731 3510
4126
2180 4075
2051
2642 5941 5941 2642
6179 4126
4112
1947
2944
4158 4081
4156
163
1538 1538 1538 1538 1538 1538 1538
2972
3298 3268 5110 2899
4074 4156
2387 6907
4156
4125
4074
4112 4112 4155 4127
4154
4125
163 163
4155
4125
2944
2180
4125
5532 6974 4155
1750 1531
4112 163
4156
6341 1530
4144 3405
4158
4154
4126
4112
4112 4155 4112 4087
4125
1530
4126
1530
4126
4159 4112
4074
2944
4156 4125
5801
4060 2972
4125
4155 6988 5623
4126
4126
1538 4075
4126 1531 4112
955 431 1155
2972 4156 4126
7078 7110
3869
6972
4125
4157
4112
277 3588
4126
6855 4263 4144 2631 3885 6012 4144 6855 3878 4263
4099 1531
2180
4125 1531
64
4126
1751 5749 4144 1984 2368
4155 4125
4144 5640 2203
4126
2972 4155 4126 2899
2368 4444
1400 890 4145
2343 1827 269 6356 4708 5844
1846
2886 1547 4144 3424 2886 4144 5844 2844 1547
2051
2944
4158
163
4155 1531 4112
4127
163 1538
1855 3268 3639
4125 4125 4125
5959
3881 4901 5925 3882
163 4154
2180
602 6171
163
4112
1538
4125
4125
1538 1538 163
4074
163
2051
4155
6446 4125
4126
4125
4126
4126
4157
4156
2783 4157 2723
4144 3889 3659 1738 454 1740 455 4145 4144 5314
5625
2645 6345 4144 4144 2645
163
955 1135
4156 4112 1531 4112 4112 2839 2329
1139 1021 1378 431
2797
4129
4156 4126
1530
3881 3347 2797 1547 4144
4125
3405 5801
4126 4112 4158
4159
3334 1827 3120 3264 3340 2836 3260 3868 4883 3915
4112
4155 2944
4126
4126
6942 6924
2587 6313 4144
3274 3064 5813
2051
4101
2944
6014 3509 1547 6359 3274 6855 3558
4126
2216 4443 3009 4144 3405 2344 4144 6012 2344 1835 4144 3405 4443 4144 5344 2216 3009 4144 4443 3008 4144 3148 4443 4144 4434 6342 3405 6342 4443 4144 6012 4144 4434 4335 4345
4132
4125
4144 3877 3510
431 4145 6690 4144 4731 3060
3376
4126
4065
4125
4126
1795
1916
4156 1531
4112
1531
1531 4074 4154
6729 3510
5789
2944
2946 2912 6711 4129
2051
2943
4112
4125
5827 3853 3877 5858 3875 3320 5295 2633
2634 6907 4144 2224
4126
4154
2051
4136
1531
601 3952 1531 3923
1843
163 1538 1538 1538 163
2584 4144 4631 5828 3891 4144 3923 2754 2384 269 5828 2583
641 2362
4104 4074
163
2919
1538 3437 3436 1538
3637 3509
4126 2180
6176 4126 1530
4156
4125 6184
5640 3065 5623 2756 2760 3509 4305 4304 2228
1538
1797 6969
4112 4112
6723
2051 4112
4631 2369
4157 4156 4159 4154
6392 2390 3655 6723 5765 824 795 781 3196 5765 3656 3900 2390 2603
1846
4125
1531
1388
4126
1028 431 1101 1120 1073
4112
4156
1695 2944
2375
4126
4112
4125 4112
3509
4137
4154
4126
4125 4099
2956
4158
4223 4830 3424
6184 4125
4156
4125
4126
3905 2631 2322 6926
1530
4131
4159
4157
4112 4112
1762
3408 6258 2901 5829 2899
6969 1530 4196
4112
4074
4159
4125 4125 4156
163
4126 1530
4126
2051
4136 4112
4112
6796
4112 4112
4126 4112
890 1124 988 4145 431 1076 431 1076 1124 1120 4145 891 1120 4145 1124 431 1076 890 838 454 693 1738 718 718 838 693 454 4145 1738 890 4145 1028 1124 431 1076 1135 4145 1394 1124 1076 890 1703 4349 4144
4125
4112 4112
4126
1530 4112
57
4132
4125 4130 4135 4074
1538
4074
4155
2051
163
1531 4156
4125
4074 2972
2944 4074
2396 3948 3268 3877 2480
2940
5852 4898 2387 4389 6675 6971 3265 6336 4222 2387
5925 1982 4144 5845 4145 890 1400 891 4144 5606 6354 5845
4112
4155 1531 6346 3420 5796 2216
4074 4074
2387 3640 4158 5749 5752
4125 4130 4135 4154
4074 2944
4125 1531
1538
2051
163 1538
4126 5817 5806
4112
4112
4126
4155
4074
4443
4074
2051
4125
2903
4144 3889 4218
4104
6666 2528 4112 2458 6666 4437 6666 2528
455 1862
1531 2565 3177 4266 2565 3177 2490 4266 2618 1531 2565 6878 2930 6942 2420 2565 3510
1532
4126
1530 2051 4112
4125 6178
4126
2180 4061 2944 4081 2984 4084 4076
4342 2797 6313 4144 6372 4144 4341 6369 2216 6385 4144 6723
5640 4144 3275
4112
163
4129
163
6367
4129 6183
4112
1531
4136
819 826 771 795 753 808 781 825 773 798 4126
163 163
2180 2180
163
6703
4144 2224
4126 4125
4125 2051
4125
163 1538 163 1538 4112
4127 4154
4144 4401 1785 3510 4144 2836 3350 2368 2817 4144 3324 2836 2369 5826 4144 4420
4126
6969 6969 6969 6969 6969 6969 6969 6969 6969 6969 6969 6969
1855 1853 5607 1855
2146
163
4104
4156 4112 4112 4112 4112 4112 4112 4112 4112 4112
2120 2051
2944 4137 4112 4126
4125
4125
4125
4125
4074 4125 2180
4125
4156 5845 4883
4112
4112
6688
3309 4420
4144 5929 4144 6014 5929 163 5929 4144 4144 6969 5929 163 2366 5291
163 1538 163 1538 602
4156
163
2944
4156
4132
1530
6968 4144 1796 4144 1689 1795
1538 163 1538
4126
2944 4126
2946
1531
6199 5966
2610
4126
5820 3949 2384 3318
2051
3386 4434 6012 3377 4444
1538
1531 1703
4697 4694 2675
4155 1530
5348 2645 1807 5752 1807 5348 4422 5752
4155 7246
163
1538 4155
1915
6178 4127
2934
1 207
4074 4074
2944 4126
2946
4125
2181
4158
4126
1862 6722 3334
4156
1530 4158
6722 5573 5764 1981 3307 3387
1531
6259
2954
4126
4126
5827
163
4156 4112
3546 6012 5839 2396 1547 2369 3880
4125
2051
4125
4090
207
1531
2756 3270 2665 4899 2646 5765 5752 2252 3888
3898 2326
2944 4126 6178
2944
4112
6727 5765 2754 1751 6942
772 817 732 729 768 826 781
4126
4131
1530 1772
4125
5682
1533 4154
4158
4136
4125
4126
5392
6971 4533 3270 4213 1760
543 1853 674
4157
4126
1531
4125
4126
349
4125
3907 2317 3297
5952 1703
1538
2944 1531
3875 5496 4218 3274 3120 2465 2826 1547 3880 3008 3877 6805 3275 5328 4218 3880 3949 6821
2972
4156 4125
4159
2944 2051 5463 4663 5246 2251 1547 5929 2773
4156 2919 2966 4126
163
6734 5619 5516 2322 2649 2369 3509 1776 5852 4112
6851 3882 2369 4144
4112
3510 6907 6942 1757 3932 6295 6014
4126
1
4159
163
4126
4132
6689
4125
4136
4125
3260 4663 3268
6277 4125
4126
2773 4144 4443 6969
4144 3509 2362 2583 2886 2886 5844 1821 4144 4144 6365 1829 2344
4125
4125 4125
4158
4144 1715 6361 6723 3881
4154
4129
4154
2946
2180
2944
4225 5131 3875 5325 3275 5326 2723 3334 5941 5844 1547
4126
4126 2944
4112 4126
4159
4154 3178 6723 3274 3278 3373
500 1164 1738
4156 4156 4157
1538
163
4074 2180
2322 5471 5483 4389 1547 5806 4670 5770
4159 4074
1538 163 163 1538 163 1538
2930
4125
455 682 4145 693 571
4112
2944 4112 4112 4112
4157
2901 2907 2898 4112
6894 6800 2466
5820 2682 3374 3195 2440 6878 6942
2665 2317 3898 5752 3881 3275 5607 4723 3306
6972
4155
4136
2944 4074
6258 4112
4125
4159
163
4112
4112 4112 4112
5053
1533
2051 4126
1533
4136
1388 2381 4144 2236
1547 5332 2820 3220 2324 3219 2362 3218 3228 3407 6347 2206
4125
4074
4047
4112 1531
4126
188
4155
4154
4155 4126 4112 4112 4112 4112 1531
6855 2754 3881 3204 4223 3307 1697 6754
4074 4074 4074 4074 4074 4074 4074 4074 4074 4074 4074 4074 4074 4074 4074 4074 4104
2944
4112
4126 4126
5740 3558 3560 1538 3873 4557 3948 2633 3876 2538 1739 2665 4433
2764 2764
2051 4112 1530
602 1672 674 2051
4159
2051 4823
2944 2180
1531
4126
1531
4125
4125
163
2645 4510 3307 6385 6385 5857 3334 4387 3275 2873
4049 4126
35 2051
3275 3881 3638 1758 3880 3986 4226 4387
4156
4127 4135 4130
4159
4074 2944
3809 4632
4154
4126
4156
4125
4131 4074 4074 4131 4131
2051
6938 2180
2051
1855 688 1164 3260
2051 1531 4126
4158
2051
163 4112 4149
1
6178 4126
4126
2374 4157 1530
4074
3409 2645
2325 4112
1530
2458 2538 2536
4074
2944 2051
4158 4125
4156
4126
4159
2115 2114
4074
4125 4099
4112
1538 1538 163 1538 1538
2180 6251 6711
4112
1687 5754 5754 6258 5754 5754 5754
4126
4145 893 1378 717
4125 4112
2251 3959 3510
4074
4156 4126
2912
4144 6971 3559 3307 2382
4112 4154
1530
4156
4125 1531
4075
4158
4112 4155 1531
4099
2972
4103
1538 2249 3852 1820 5496
4126
4112
163 6723 3880 3509 4144
2387 5746
5607
4126
4112
3420 5278 2326
4125
4159
3510 1394 890
4156
6817 1855
4126
4126 1531
4126
1530
3275 1742 2366
4125
4128
4125
4159 4158 2051
4135
4154 2944
4159
4156
4126
4156
4125 4125 4156 4112
2146 3835 2965 6708 6703 4125 2919
4074
4155
4125
5131
4112 4156
4125 1531
4125
454 455
4112 1530
2180
63
4125
1703
4125
1862 1859 1672 1615
577 2851 2209 577 577 5620 2682 1772 3195 4112 1726 577 4807
4112
2949 4062 2944
2119 3219
2944
4126
4136
4112
4158
1531
2051
4155
1531
2944 2949
4136
4112
5325 7016 5749 4159
4125
4156
2387 6860 6924 6906 4438
4112
4157
2368 1991 3906
4137
4125 4155
4126
2051
4156
4126
4112
4125
2944
4158
4126
4126 4125
4125 4130
4158
2944 5121
4158
4136
2180
4154
2944
4126
1533 1529
2955 2946
1709 1709 1709 1759 1709 3259 5959 3261
4136
1530
2645 5284 5808 2225 1547
2287 6907 2322
2051
4074
4074
1530
6204 5980
1530
4131 4131 4099 4131 1531 4131 4131
2485 3509
163
1530
4154 4074
4125
4125
3408 5921 5959 4756 3408 1825
4125
2899 4126 4112
4145 1135 1077 1379 1022 1394 1125
3260 4158 7063 3264 5400 3949 6723 2864 2362
5344
6369 2651 4144 3655
2855 2381 6855 3876 3877 6914
1538 1538
4155 4125
4112
1531
2780
2051
4126 4159
4126 6183
4156
1531 1531 1531 1531
3260 6395
2944 4155 5633 3904 1757
203
2944
4074
4125
1728 6666 4159
3345 3595
4125
4125 4154
4154
4112
4125
4112
2649
2613
431 890 4145
2859
4074
4126
4136 4112
4157
4112
4126
2950 2051
4126 6178
4125
6971 282 2369
1532
4156 4112
4112
6713 4136 6369
4076
4156
4152 1538 4041 2326
1530
4126
4126
4159
3510
4126
4112 4131
4125
1264 1280 6961 5746
4104
4125 1532
4074
2180
2325 2933 2938
163 1538 163 1538
6971 3340
4112
2051
4128
4129
4158
4264 4263 3270 4144 1391 1101 1119 4145 431 3270 4144 2261 1119 1388 4145 1089 1394 3270 4264 4263 4144 3270 4144 4263 4264 1479 4145 431 1119 1102 4144 3270 2284 4260 1119 431 4145 1391 1101 1388 1089 4145 431 1119 1089 1479 4145 1119 1089 431 1024 4145 1119 3270 4144 2284 4264
4112
2023 4144 5951 2841 6336 5806 4144 6336 6970 4144 4144 2023 5844 163 2023 4144 3269
4112 4158
206 206 206 206 206 206 206 206
4156
4125 4126
3881 5326 3975 2317 1390 4426 6855 5328 2324 2863 5793 5325 6675 2023 3510 717 1047 2237 5773 1072
3408 4112
4156
1118 1391 1076
4157
228
3636 3877 3880 4723
163
2119 2051
4145 1738 693 577 4145 577 693 4145 1131 1021 1077 1135
5951
2264 3622 6311 6971
2051
2949 163
431 1024 402 6970
6179 4126
4156
4158
2944
5344
163
4074 2944
4126 5999 4112
4125
4159
4155
3388 1233 1644
4074
4136 1531
1531
4125 4099
4112
4125
2180
4158
4158
4126
4136
1868 4145 1853 1164 1738 709 1868 569 4145 1738 4145 1378 431 893 1388 1378 1388 4145 891 1144 1378 1388 4145 431 891 716
4156
2051
1531 5531 3307 5607 3656 5626 5980 3347 2202 3881
5528 4159 1531
2944
4112
1759 4144
6796 2051
4144 6969 2220 5740 1547 2369
4273
1531
4130 4103
1531
3890 5792 2797 4144 3914 6170 5847 4144
4158
2944
2180
4112
6176 4126
3409 4112
2956
163
2051
4074
3391
4101
4126
4156 4155
3805 1533
4156 6722
2972 4112
4158
375 4112
4125
4439 4144 2764 4439 4144 2764 2797
4112
4137
4075 2051
1394 1378 890
4156
4126 4156
2265 5820 6411 2203 4136
4156
4158
2951 4156
4136
4144 6336 4437 4439 4144 2331 4144 2331 4439 4144 2778 2216 4439 3509 2665 4144 2839
4156 4126
4156
163
4125 4112
4677 5335 6723 1547 4144 4144 2754 5623 2797 3876
3376
4156
1531
4154 6818
1533
2755
4126 4112
3636 4158 2466 4223 4670 5875 5925 4908
163
4151
2944
4158
4131
4125
5607 2464
4125 4125
4156 4074
2225
2754 2649
4126 4130 4131
4129
4126
4125 4156
4112
1947
2051
2180
4156
5925 620 4158
2965
1716 4112
4136
4137
300
4104 4104 4104
4157
163
4126 4131 4130
4126 4125
1538 163 1538
2369 1796 4879 4144
4154
1538
4126
163 2051 2180
4132
389 1825
4112
285
4158 4112 4154
4136
4128
4128 1531
2634 4074
3181 3510 6811
6668 1716 4144 5875
163 1538 1538 1538 1538
4125
1664
4136
4112
4126
163
3839
4125 4130
4156
4125
392 3463 4156 5328
1531
4157 4112
4126
2237 3269 1746 6242 6970
4126
5929 3952 1533 3233 6592
4126
4125
4158
4112
1605
4125
4074
1862 4145 694
4074 1538
163
3334 3518 4144 4439 4144 2624 4144 6990 3541
4125 2944 4125 4130
4156
163
4443 2369
4125 4130
4125 4099
163 1538 163 1538
4158
4126
3881 4723 3320 2665 3877 1530
4157 4112
4125
163
2387 6942
454 1862 1738 3050 5607 1736 3510
2051
4125 4112 4099 4112
2051
4125 4063
4154
4136
4074
4154
2946 4136
4126
4136 6183 4112 4112 4112 4112
163
2051
4074
4112 2051
4125
4159
4112
2665 3636 6855 3949 3269 5944 3309
4156
4125
4112
4112
3376
4154
4125
4159
2474 1705
4125
4158
3510
4125
891 1394
4128 4126
4112
1853 686 454
4136
1072 4145 1479
4156
4126
1862 608 1615 699
4144 5829 5622 4144 5622 6668
2427 6972
1530 4154 4126
2368 4144 5829 3274
4127
577 699 669 4568 4011 5169
4126 2797 4112 4126
2326 2319 3509 5820
2944
5631
163 1538
4074
456 5941 4156 2642 1538
4157 4158
413 599 1223 707 4145 1194
4126
1538 4112 4156
3269 4264 6972 4144
4126
4125 2051 4112
3637 4144 2322 3638 2329 2886 4144 5844 2322 3637 4144
1829 1698 1704 4144 6313
4125
4074 4074
4126 2051
4125
4154
2051
4125 163
163
4112 2944
4154
4126
4126
4112
163
4136
4898 3924 3922 4899 6930 6972
2362 4144 5344 5752 1760 3882 6687
1538 4152
163 163
1532
1703
6914 6942
4125 163
2944 4112 4156 1531
4158 4112
4157
163
3874 2797 3875 4218 5606 2242
6178 4125
3510
1707
4074 6178 4126
815 5941 2775
4125 6179
4112
4074
2908 4156
4157
4126
4125
6972 2538
4156 4112
4126
2944
5485 5633 5403 5941 5407
6179 4126 2946
4112 1531
2944
163
2180
4144 3656 3643 2317 3873
163 163
4074 4112 1531
4126
4112
3264 2369 4159 3274
1742
4125
2944
2967 2922 2912
6258 2134
4125
2458 2051
4156
4155
4112
2773 3899
5631
4112
4104
5116 2651 2333 6969 5626 5116 6942
2934 4112 4158 4112
4136
4155 6724 5954
1
6675 2368 3877 2650 3264 4112
4126 4157 4126
4074
4158
455 454 957 888 886
4074 4632 2901
163 1538
4074
5594 6917
4156
4222 3307
4125 4155
610 720 692
6346
4104
163
4126
4136 4074 4156
163 1538 4159 1538 4112 163 1538 454 163 1538 4149 5374 6907
4158 4159
2944 4112 4112 4112 2180
5612 2585
4125 2944
2051
4125 2922 2943
4112
4158
163 163 1538 163 1538
4125 4694 4154
455 1532 838
4135
4155 4091
2051 3843 3842
4136 2944
4144 5475 4224 2727 604 1615 4145 608 1868 700
4154
751 786 831
163
6295 5531
4159 4126 4112
4156 4155 4126
2944 4076 4112 4112
4136
4074
163
1530 4112
4159 6306
6879 3510 5474
1531
4126
1077 891 4145 431 1135 4144 2211 1135 1097 891 431 988 4145 878
163
3285
4145 454 455 557 6986 4144 2645 3298
2886 4525 2755 4144 4144 2886 1760 2755 3273
4154
4156
4112
1531
4154 4112 61
163
163
2051
3881 2768 3269 3949 3298 3882
1538
4156
2565
1846 4074 4074
4155
3876 4264 3628 6723 2754
4112
4112 4112
163
1531
163 163
102
5969 3320
163 163 163 163 163
2207 3877 6969 4223
1530 4112
2911 1915 1915
2180 4158 4126 4112
720 2855 2853 1848 699 2853
4074
4156 4126
6850
1531
163 1538 163 1538
7370 7372 3997
4126
4112 1166 1738 1615 456 838
1531
2631 3694
1757
4112 4149 163
4074 4125
4156
4125 4125
4126 4125
4125 4112 1531
163 163
3694 4144 1547 3338 2333
163 1538 1538
1538 1538 1538 1538
4125
1707
163
4126 6446 6293 6280
4125
2180 4112 4129
4135
4112
1820
4125
2245 6814 2384 2461
4074
6924
4156
163
4156
1604 456
1538
163
455
221
163 163
4154
2051
4112
3404
4154
6878
4132
4125
4156
4081
4158 2051
4126
6971
5958 6293 6979
2051
2051
2 4159
4112
1795 5214 5741 5740 1718 1547 2886 1759 3639 3437
1692 1779 2225
4157
5929
5808 6970 5941
1585 1582 1573
4154
4156
4074 4159 1846
2946 5607
4155
4154
163 6383 4144 3137 3261 163 4144 3465 2387 3137 569 688 1737 4145 602 163 2387 4144 5941 3465 3137 4144 3261 4439 163 2249 3261 4144 3137 4144 5941 3465 163 4144 2224 1683 4439 163 163 4144 3465 3964
1394 890
163
2944 4136
163 1538
1718 6336 6972
163 1538 1538 1538 4112 163 1538
4156
4130 4101
4154
3510 6687
4125
4137
4074 1530
4126
4154
4127
1697
4125 4155 6178
4144 4525 3964 4674 5801 3911 4144 5801 3889 163 4144 3911 5801 3911 4144 5801 5801 3877 4144 163 3911 5801 4144 3911 4144 5801
4112
4156
2180
4158
4159 3405 5630 4155 5632 5632 5929 5630 1531
4157
4126 2051
