3952
2968
1538 4112 1538
4126
4112
1699
4074 4112 4126
4126 6178
4125
6533 4126
4112
1580
4112 2910
2975 2977
4074
4126
2968 4112
2968
4189
4125
163
4112
6 105 108 6
4112 4125
4125 6535 4074
4112 4112 4126
2250 2368 3655
610 667 1164
2968
4112
2366 5281
2968
1538 163
4274
2945 2210
2968 152
2946
4126
4126
2946
4112
4128
163 4112 163 1538 1538 163
1538
6259
4112
7342
2368
1538 1538 4112 1538 4149 6261 2906 5623
2968
5460 5460
2968 4112
1804
2968
2968
163
3269 2369
4125
4131
2921 2905
4099
163
4074 1622 1737
4129 4112 4112
4126 6527 4126 6533 709 608 682 709 607 681 608 709 682 682 608 709 682 608 709 608 709 682
163 2946
4127
4126
4127
163
1533
6259
4112
4136 4112 4632
2968
2968
4136
163 1538 608 1615 1538 1538 163 1538
5865
4112
4112
4101
2368 4112
3869 3869
4112 4112 4112 5531
2968
4065 2948
4112
4126
1738 5324 6336 2237 649 5827 2367 1862 5326 6336 5326 2237
4129
285
2968
4112
6178 4125
2956
1738 689 602 1164 2368 1738 1853
2326 4525
163 1538 163 1538 1538 1538 163 1538
6247 6250
1369 342 1318 373 394
2968
4112 2945
4126 4112
2180 4112
2656 4436 2640
6850
2968
3874 3509
4126
4126
5626 4112
2946 4074
5607 4126
4112
4112 4112 4112 2899
2968
5607 4112
4126
2968
4112
3379
4125
721 1703 620 5631 5951 500
163 163
4125
1715 1705
2911 4074
4126
4440 3719 3799 4222 6395 1547 2776
4074 1846
4125
4671 5808 5845 2857
2983
163
2921
4135
2968
2968
2764 3877 6680 3875
163
163 1538 163 1538 163 1538 163
1785 6369 1703
4112
4125
4126
2368 5845
1532 6001
4274
6178 4136 2975 2977
4112
163
163 163
4112
2946
2180 6336 5629
4126 1858 682 1853
4126
4126 2918
5828 5929 3273 1698 6851 2229 3640 5828 3875 1382 5969
4112
2146
4104
4125
2968
4750 4112
4126 2905
1759 4027 3275
3826 4112
4126
2968 4112 4112 4112 4112 4112 4112 4112
4112
163 1538 4074 4074 1538 4074 1538
4112 2968 4112 5531 5468
4129 6535
2968
2368
4112
4126
4126
2968
4063
2754 1757 6855 2635 2769 5852 2665
2368
4125
2968
239
2956
2968
4880 3867
2905
2947
1531
4125
4112
6178 4126
4112
4099 4099
4074
2968
4112
4126
4126
4129
1538 6258
4126 1531 4126
1391 922 1120 1009
1476 1470 1474 1516 1480 1513
4103
4126 4112 4112
4274
2968 4112
2946
3153 3165 3030 6410 2440
4112 2968 4136
2368
2387 2397 2211 5633 3270 5749 1547 3737 3275 3275 5750 5633 2440 1689 1547 2369 2723 3307 6990
4074 1846
1785 2672
5531 5651
3635 4112
4126
4112
2644 602 688 2806 3165 1737 2777 600 410 6970 1277 2649 1858
4125
4129 2146 1750 2899
163
4112
1538 1538
4112
4074
1538
4129
5929 1547 3874 5793 4303 3008
1813 1812
4125
1853
65
4112
2968 4112 2484
4126
2650 5764 4899 2585
2369
4112 4125
1538 1538
1683 266
4126
3494
4112
163
2968
6251
4132
6178 4125
165
6178 4127
2968
4112
4112 4112
4126
3201 5801 6985 2649 6729
4112
4112
4112
2968
4112
2225 2797 4303
3952 3320 6014
2968 4112
4129
4112
163 1538 163 1538 163 1538 163 1538 163 1538 163 1538
4551
1699
2946 2956 4125 4112 4075 4074
4126 4112
4136 4112
1703 6404
4112
4112
163
4125
4125
4112
2180
4136 4074
2968 6207 4112 6266
6713 2976 2975 2902 4112
4112
6464 4126
4112
4112
4127
3489
1538
2946
5811
5952 4165 1987 4020 5951 4023
4101
4125
4125 4112
4132
2921 2146
2946
4112 4107
2520 1820 1689 1821
4112
3298 5772 2369
4074
2946
2968
6457 4129
1707
2968
2968 4112
4074 4112
5531
4112
4112
4129
6161 4126 2369
4126
2968 2368
720 1615 608 688
4126
4112
4112
4125 2368
1547 5229 4420 2794 3882 1796 3647 2682 5485 3264 3991 2275 3559 2832 3195 2326 6384 4525 3868 6395 392 3463
4537 2911
4126
4112
6372
4274 2368
4112 2968 4074 4074 4074 4074 4112
4125
4112
4112 2946
4112
5222 4405 2325 1531 6437 3581
1531 2497 2461 6012 5796 5929 2224 2275 2863 2623
1707 6662 2265
163 163 163
4137
4074
4112 5632 5629
4125
4125
4125
4112
1738 1718 389 1825 5995 1531 389 1825 6723 389 2336 2496 1825 2497
4074
1532
2946
4125
4125 6178
4125
4101 4112
2975 2977 4126 6184
1670 2968
2921 2920 4632
163
4125
4112 4112 1538
2976
4112
4125 6346 6336
4112
922 1389 1046 1113 1126 1479
4112
1930 2968 4130
4074
4126 2765 4112
4125
2459 20
4125 4130
4127
4126 4112 2968 6241 6013
2946
4126 4112
228 228
4112 1538
4125
4125
2369 5827
163 1538 1538 163 1538 1538 1538 1538
285 2948
4112 2946
4126 6135
4125
2968
4126
4126 4112
4112
2968 4101
4074
2968 4125
4126
2968
721 1738 4112 6990 2968
2968
4131 4131 4131 4131 4132
1532 2968 2369 1532 5999
2968
4125 4112
2368
4112 5867
2368 4112
1848 5792 674 1853
1119 716 1072 3510 5623 2240 3623 4112
4126
2946 4074
4112 4126
2968 4126
3408 5624
4126 4112 163
4175 2021 4320 1991
2948
2968
2975
3377 3379 4877
6722 3900 3959
2134 2134
5634 2968
2968
2968 2946 4129 6535
5634 6013 6014 5531
3510 6855 2827 3081
2947 4125
163 163
4125
4125
4074
163
431 926 1742 1987 6013 1120 1391 1704 3881
2968
2968
2369
4112 2945
2968
4125
2180 2946
666 699 5626 1615 2480 2369
2368 4112 4112
4126
4126 6176
163 1538 1538 163 1538 1538 163 1538 1538 163 1538 1538 163 1538 1538 163 163 1538 1538 3265 4149 1774 3260 3259 3261 163 1538 1538 163 1538 1538 163 1538 1538 163 1538 1538 163 1538 1538 163 1538
5326 1707
5532 4537 2216
2946
2146
4125
4128
2362
2968 2899
2968
163
163
2968
4127
4074 4112
4112 4112
2369
2968
4112
4126
1532 6599 7136 5531
2182 4112
5531
4112 4112 4112
4663 2362 6336 4112 5326
2947
4125
6330 2466 2503
163
2945
721 1538 1538
4112
4131
2754 2797 2210 3880 5623 1547 2628
2913 2966
4128
2968
2946
4125
4125
2853 3009 3509 4667 4669
163
4125
4125
6936 2966 1824 1824 1824
4104
2968
4112
4112
2968 4112
4129
654 1855
2920
2180
4099 4131
4126 2905
4126
4125 4112
2968
4112
4112
4126
4125 4125 4125
4065 2946
4074 4074
11 5105 4112
4104 4112 4104
2946 4126
2968
6705 2968 4126 4112
4075
4126
4125
4126
4125
163
285
2968
4112
4126 2180
2583 2452 4136 4632
4136 5913 2643 1912
4125
4112
4126 4112
4112
4112
4087 1187 1205 1215 432
4112
2368
243
163
4074
4112 4126
2983
4126
2968
4274
96 124 91 86
4112
2946
4132
4112
3558 2826
7081
716 1120 1073
163 1538 1538 1538 163
2484
3494 4112
4125 1532 2369
4137
4126
4112
4125
4126
4074
4126
2968
2162 5808
4126
2968
4112
1533 1529 4112
1531 4112
4126
4136
2968 4125 4125 4125
4126 4104
2968
4129
228
4126 4112
4129 4074
4112
2387 1532 6005
4112
2021
3636 6907 2245 2367 2764 2368 2304 3546
4125
4112
2366 1748
163
4125
4127
4126
4112
2911
2956 4112
2461 1724 2460
1538 1538 4112
6207 6258
4125
4129
2947 5951 2369
4126
2968 2368
4112
2921
4112
4807
7107 4361 7105 7106 4510 4776
4103
2368
4126
4112
4112
2146 2909 4074
4883 5496 3297 3309 2210
4112
2947
2368 4139
1724
170
1813 1807 1813 1807
4112 602 699 1615 1532
4126
4104 2968
4112
4127
2968
2968
4112
4112
2775 4510 6722 1547 5826 5827 2839 1547 4904 5640 4303 3391
1538
2900 2146
4126 4112
4074
2968 4112 2946
4112
2368 2968 1538 4112 4112
57
4132
2968 1785 6796 5754
1745
3668
2968
4126 4126
5632 2329
4663 2236 6855 2329 2843
4112
6367 4128
2968
4099
2968
2968 4112
2947
1046 1077 605 604
4112
4065 2968
4112
2968
4112
2924
163 163 163
2968 1670
4112
5531 5651 2265 6850 6013 4125
4125
4125
2915
6459 4125 4112
2367 2587 2326 1531 4112
4127
890 1394
4908
4112 4126
688 1855 1702 1738 1615
4074
4112 4112
4112
163
163
3888 4509
1871 1669 1871 452 1669 1144 1378
163 163 163
4126 4112
4750
3084 3135 6723
4126
5844
1738 479 686 527 557
2968
4125
4112
2945 4128
64
4125
163
1538 1538 1538 1538 1538 452 6263 1538
2146 2947
163
4112
5531
2975 2977
4125
2369 1683 2319 5631 1693
4125
5634 3276 6013
5844 269 4444
4112
4112
4074
4126 150
2934 2470
2764 6012 479 3637 5844
4112 4074
2968 4126 4112
2368
4074
4125
6727 6732
4125 4125 4112 4125
2368
4750
5496 3507 2826 1960 2968 4126 4112
4126 4125
2946
163
4074
228 228 228 228 228 228
2968
4074
2946
4126
4112
2368
4126
4136
4136 2146
2968 4125
4126
2245 3881 5752
4125
2968 4112
4104
4073 4074
2968
6796 2387
6175 4126
4126 4125
2968 4112
4099
2968
2368
4132
2968
4126
4112
2968 5765 5752
4126
4112 2968
4127
4125
4112
2968 4112 2583
2975
2134
5747 5749
4126
4403 3391
6584 4128
4074 4112 4126
4125 2968
4074
6535 5827 6971 4126
4074
5646 5520
4074
4125
4112
163
4112
4112
170
6341 4438
4112
4126 4112
4125
170 148
2946
2368
4125
2369
1533 6005
163 1538 163 1538 1538
4125
3299 5335 5332
4098 4127
4112
2968 6410 1759
4126 1697 5530 1698 6299
4126
4112 4801 4801 2079 2078
4145 431 870
5498 6760
4112
4136 4112
4112
2180
4112 4126 6459
6306 2946
688 720 608
170
2968
4126
4125
4112
4101
2968
2180
2899
2968
4126 4126
4125 4112
2968
2946
3881 3880 3890
2968
2968 4112
4074 4074
2901
2368
705 441 1224 1200 710
4127
2968
1532 2968
2968 2524 2483
4112
2968 4487
2968
2968
2368
4112
4126
4125
4112
691 1772 1855 709
4125
2968
4128 6457
4126
2369
2180
4125 2856
4112
2754 1697 2586 3391
1759 4126 6179 1759
1820 1531 2363 2975
4131
4074
61
1767 2912
944 2857 2237 1128 954 6922 6926 6911
2369 4125
2369
4125 4112
4126
2946
3510 4112 6722 1738
1538 1538
720 1855 699 505 699 1855 699 505 1855 2968 505 699 1855
3891 4112 3880 1533
6175 4126
1968 5451 3625 3517 4945 6264 3517
4125
6886
4132
4126
2946 4112 4126
4112 2773 6734 1986
4112
10
4126
2945 4112
4750
4125
2968
1997
4131 4065 2180
2946 2368
4126 6175
699 502 519 1738 652 607 717 870 1378 431 1474 1517 1470 1502 1523 431 1119 1094
4101
4126 2968
2968
4112
2431 4126 4125
4074
4130
2968
2947 4074
2968
4125
6293
6850 2209 1703
2956
2368 4112
4112
2968 4125
1801 6014
4126
163
4126
4136
4126 2968
4112 6459 4125
2968
2946
2968
2202
2968
721 688 608 507 676
2947 2968 4112 2536
4074
4126
699 540 649 1848 1855
2968
2912 2968
4074
1668 5920
1538 1538 2343
4112
6529 4136
2968
2968 269 2965 6069 4125
163
2968 4112
4125
4126
4632 2908
5747 890 870 891 5951 5749
4112
4126 6178
4125 6535
4112
163 1538 1538 1538 1538 1538
4112
4125 2368
4112 2946 4137
4112
163
1829 1820 6336 5747 3651 3640 2578 5749
2968
228
4074
4125
5925 13
4129 4112
4112
4112
4074
4126
2968 4112
2899 4126
4112
2968
4130 5532 2754
4112 2589 2588
1532
2968 4112
649 688 512 3959 699 682 686 649 1858 527 1738
5846 5396 5339 3509
5214 1553 2968 5488 2754 5645
4125
2945
2968
6176 4125
163
2946
1615 688 608
4129
4112
4806
4130 4130 4130
2946
1506 1523 1474 1468 1477
6394 6404
4126
2899 4136 6535 2923
1999 1998 1998
2968
1
2968
4112
3106 4112
6258 6259
4126 4112
4112
4112
6262 6259
4049
2946 4129 4074
4112 4112 4112 4112 2369
2968
2968 163
3882 5170
4125
6889
2968 163
57
4112
4126
1
4126 4112
4112
4125 2968 4112
4125 2946
2905
4112 3380 5269
4125 6179
4112
4125 6176
4112
4125
2968
4112
6313 5625
4137 5531 2905
4126
4131
5030 2200 6941
2415 2414
2968
4136 6457 6458 4136 2921
4125
4074 4112
1135 891 4145 431
1683 3030 2369 5324 3886 6013
2946
4112
4508 3944 6674 5741 2211 4908 1547 4908 6251 1748 3944 5628 1751 5765 1547
4126
163
2946
4125
4126 4112 4112 4112
4125
2968
2968 2363
4112
4126 4112 2965
24
2905
4126
163 163
6175 4125
5606 4537 2833 2503 2230
4136 6447
2368
2968 2180
2968
163
4126
1784 1805 2968
4126
4112 4125
4112 4112 4107
6207 4112 6259
4112
4126
6175 4125
2911 2899
4112
2968
4125
163 163
2322 2367 5287 4631
4126
4112
2946
4112
1538
4125
2968
2968
1682 4112
4125
2968
4132
2968 4112
1538
2968
4125
4130
4126 4112
2921 3814
4131
4125
2769 3510
4112
1532
4218 1760 1853 620 3334
1743
4126 2968
2975 4291
2946 4136
2946 4126
4125
2968
1837
4112
2946
163
2968
4112
2968 2911 4126
4129 4129
4127
4129
1538
4112
4112
2946
4112 6457 4136
4115
2946 4074
4125 4112
2968
2230 6668 5339 5747 4731 1547 4880
4136
4126
2968 4125
75
2968
2968 4120
4112
6396 5826 2605 3692 3268 2755 1547 6666 6723 4112
4112 2690 4063 2975
163 4112 6336 2343 5631 163
4274
2363
4126 652 500 1738 679
4797 4112
6855
2947
163
8
4112 1720
4126
4112
2968 2968 2968
4126
4112
4112
2968
4074
5105
4112
4112
4112
2325 5793 5772 4663
2921
221
4537 1784 1682 1683 4112
2968 4112
4112
4126
4126
5527
2876
2946 4112 4638
4125
4125
4125 4099
163 163
4125
4126
4112
5626
1997
2180 2968
4126 2946
4126
4127
4125 6179 4112
6012 6971 2797 4112
6527 4126
2064
4112
4112 2461 3510
8
163
2362 2968 5625 2645
4126
3510 2605 4508 3298 2368
4074
4112
4508 3644 2723 2578 4303
4126 4112 2945 4112 2968
6185 4126
163
2946
4750 5631 5625 1743
4112
73 75
4125 4099 4112 4112 4513 5940 5730
163
4112 4112
4112
2975 4112
4125
2369
4125
2968 4131
163
163 1538 1538 4112 1538 4466 4149
4137 2368
2362 2853
4125 2368
135 33
2968
4126 3696 4217
4125
4099
4128
2968
610 1615 674
4125
4112 4125
4112
2968 4112
2968
2968 4136
5940 602
4126
1759 2672 5634
2368
2230 3275
1846
4074
2968
4084 4074
4126
6178 4125
163
5931 5918 5918
2968 4112 228
4127 4112
4125 2968
4137 2967
4112
4126
4112
4112
1797 2326 3875 2833 3273 3338 6325 2326
5625 1743 5754 1703 1707
4126
1791
6014 3510
2968
4125 4112
1912 4538 6367
163 163
2368 4112
4126 3814
2968 4112
2202 2503 2583 2592
4126
2968 3625
2968 1703 6299
4126
2946
4074
4112
4149
2946
1538
2968
4126
4129
2946 2181
2855 3898 6336 6723 6792 1547 2797 4898
4126
163 1538 163 163 1538 163 1538 1538 1538 4074
4112
4112 4125
3269 5324 2211 6723 1703 4508
6005 1531
4126
4125
4125
4126
4125
163 4074
1531
4076
4104 1776 6258
2946
4127
4087
4127
2362
163 1538 1538 163
4126 4112
4126 4112
4126 4112
2946
4112
1538 163 1538 1538 1538 1710 386 1538
2369 1912 5531 6012
163 1538 1538
2368 4136 2968 6162
2968
1785 1801 13 1668
4099
4218 4284 4420 4283
4112 4126
4125
4112 266 1697
2797 5629 3894 3298
4125
2968 4112
163
4125
4126 4112 1538
4104
3799 3889 3757 3875 3874 3758
1840 6796
4125 6447
4112
2797 5471 4215
163
163 163
2362 5335 4264 5749 4904
4112
4125 4112 1538
4126 2946
2968
2968
6157 4126 4112 2968
4112
2947
2968
4125
4126 2140 2918
2385 2366 2374 4218
4112
4125 4112
4750 4126
163 1538
4132 2634 3321 3275 4218
4112
4112
4112
4129
4136
2946
2180
4127
2968 4112
2968
2368
1703 3175
4126
4112 4112 4112 4112 4112 4112 4112
4126 4126
2968
2817 3941 2575 5750 3275 3269 3644 4218
2387 5295 2325 3963
4112
4030 5925 5925 2225
4126
4074
4125
4112
3276
2968
2946 4806 4489 2928 5051 2922 6278 6707 2930 5660 2975
4899 5939 3877 2326
1533
163 163 163 4112
2968
1538 1538 1538
5640 1533
2968
4126
4125
4112
4112
1474 1090 957
4112 4126
4112
2967 3106 2946 4112 2966
6459 4136 4112
5856
4074
1772 1538
1538
2755 3255 6012 5763 2367 3694 2633 5606
4112
4750 2899 4125
4126 2966 6325 4112 6326 4880 2458 6325 5213
2946
2975
4112
4074
4112
3322 2628 5764
2681
4136
4125
2968
4112 2968 5496 1751 4112 4112
1538 1538 1538 1538 1538
170
4112
2586 1076 431 2756 2369 3876
4125 6014 6297
4422 4112 6014 5531 5468 5468 6014 5468 5468 5468 5468 6729
4126
2853 5952
6179 4125
6178 4126
408 10
163
2633
4125 2968
2968
1400 5747 431 1397
4112 4126
6851 3922 2968 2832 2343 2369
5625
2362 5560 3651 2723 1692 2862 1547 2245 4212
4132
5532 3558
2956 2946
4125
2946
4074 4136 2946 6747
6178 4125 4112
2968
5918
6641 1532
6458 4126
4074 2946
163 1538 1538 163 1538 1538
4125
6207 6258 5754
4125 2946
2968 6457 4126 6457 4125
1745
4129 6336 2503 5525
4125
4112
2968 5827
6723 2284 3777
7403 4074
4112 1531 2968 2368
4112
4112
4125 6175
4126
2968 4112
2968
4074 4136 2946
2237 2820 2369 3881
5475 3320 1912
6178 4125
163
163 1538 1538
4127
4126 4112 2975
2965 2967
4126
4127
2968
4112
6184 4125
4125
2968
4126
4129
4125
4112 3379
2368
4126 4112
2968
2139
5801 2968
4126 4130
1400 4145 1119 998 1077 1381
891 4145 890 1135 1400
4126
2368
4126 6447 4638 2920 6446 4136 4126 6446 6447 4126
4125 2968
2825 2605 3022 2640 4144
4112
1538
5929 4392 4389
4125
6691
6013
6500 4126 4632
6535 4129
4101
4104
4112
2968
376 5631 1703 5829
4126 4112
6457 4126 6365
4125 4112
2968 3334 5607 6179 4126
4126
3860 3865
4127
4125 6443
4074
4112 2368
6178 4126
4074 4074
4127
4112 1820 2506 2503
4126
4074
2968
4125
4112
4074
6555 4136 2968
4112
4125
6176 4125
163
4125 6297 6299 5631
3266 5339 2369 6017 3274 3881
2975
4125 4112
1912 1799 4112
4129
4112
3128 4125
4125 2946 6458
4126
2945
163 1538 163 1538 1538
4750
1622 2797 384 1681 2797
170
4112
4112 6336 5829
4
285 285
2946 2968
2180
2968
163 163 163 1531
3340
5651
1853 649 701 1615 1759 2755
4074
4136
4112 2968
2968 4125 2368
4074 4112
6161 4125
4112 4112
2968
4112
2946 4126
4126 4112 2908 2899
6713 2910
1538
2947 2946
1792 1912 1798
2368
4112
2946 2968
2946
2968
4112
4125
2968
2283
4137 4112
6742 4125 2368
4074 2968
4126
4115
5530 5929 3637 3874
2213 3297
4126
5623
2968
4126 2952
5475 2245 2968
2968 4112
2912 5754
1791 2461 1796 2466
4112
3268 2920 2920 3269 2817 4136 5941 2920 2920 3167 5219
4112 1703 1785 5617 1743
1776 6259
4126
4125
2968 3892
4125 4112
4125
3298 2209 4525 4303 6969
4112
2968 4126
4112 4112
4126
2368
2968
1538 4495 3510 1538 1538
4112
4112
4125 2968
5894 2369
3517 5544
2968
4112
4125
2968 4112
2827 3509 3276
2968
4126
2946
2968
608
2909 2146 2919 4126 4112 5522 5521
4125
4112
2968
4136 6525
4112 4112 4112
4126
4126 2968
2968
4112
4136
4125
4081 4128 4112
4112 4126
5801
2968
64
1821 10 1821
4126
4112
4125 6175
4112
395 699 666
1538
2146
4128
4112
4125
4126
4112 5638 5631
4136
6822 2643
163 163
4136 4136
4125
4126
2910
5990 4125
4132
4274
2968
4112
4136 4112
1379 1394 4145 1400
2368
2968
2369 5640
2968
2968
5754 4074
5844 4631 2369 2851
6035 1533 6844 6930
4125 6547 2968 4112
2946
4126
1378 1135 4145 1379 431 4145 1135
4074 4112
6178 4125
1538
2899
2968 4074
163
4127 6915
1538 4451
3639 3924 6723 3933
1547 2236 2326 3269 3960 2241
2968
4074
2968
2968
4112 4112 4112
2368 4271 6894
4126 4112
4126
4126
4112
2968
4112
602 649 649 701 5806 551 5398 5398 5952 5806 602 551 649 551 688 350
4125
1073 1119 1391 1162 1379
4112
2911 2140
4112
4112
4127 4112
2946 4112
2945
2899 2146 4126
2968
369 1428
1792
2968
4112
2954
4126
4067 4126 6179
5741 263 5743 5740 263 5740 4631 5745 5745 263 4439 263 5325 5326 5747 5750 5749 4420 4439 263 2237 263 4439 3651 4439 263
4112 5207 2797 4112
4125
2946
4112
4128
4126
57
4104
4112
4126
2968
6176 4125 4112
4112
4136
4126 2368 2968 4112
890 4145 431 891 1400 1547 2585 4144 2088 2547
2910
4125
2945
4112
4126
4125 4125 4125
263 1760 3952 6855
1574 1578 1589 1580 1588
4112
2968
2966 2967 4125 4112
2946 4126
2930
3395 1718
4101 4101 4101
3625
4126 6178
2947 6284 3509 5630 1077
4129 4128
5805 2461
5867 2146 2899
231 231 2968 4136 231 231 233
4112 4126
2968 4129 1799 2578
2968 163
2946 4101
2968
6013 2343
4126 4112
2968
4112
4125 4125 5867 2180 2968
2948 4075
4505
4126 4112
2968 6176 4125
5852 2481 2466
4126 4112 2756 5544
2459 4112 6330 2538
4112 6792 2214
4112 4126 2945
3269 5952 1795 4257 3267
4112
2968 5451
2585 2546 2857 1716
4112
1074 1119
2968 4112
2835 2600 4144 2635
4129
4132
2946
163
4112 2369
4126 2911 2205
2968
2214 3437 5829
3876 5951
4112 4126 4126
5631 4112 2216 4112 4112 4125
5606 5631
2968
2905 2943 4136 2911
1846
2369 2617
1538 1538 1538 1538 163 1538 1538
4128
2968
4126
4112 4112 2910 2899
5845 3320 2275
6849
4750
4125
4112
4112
4125 6185
163 1672 263 1615 551 562 1713 4420 263 2820 263
2912 5754
1538 4112
1738 1669
5867
4126
1739 2764 4437 6723
2549 6251
4112
4104
4125 4112
6175 4125
4129
4125
4112 4074
3878
2368
4112
4126
6266
4069 2968
6014 5929 5929 6014
2953
4126
4827
4126
4125 4099
4112
6677 4468
2975
2968
2180
4125
163
6176 4126
4638 4112
4112
5941 890
2927 1381 3502 1394 2140 2947 163
163
4125
4112 4112
2968 4125 3869
4130 4131
3517 1776
4125
4112
1692 1726 6386 4880 4883
4112
4115
4126
4064
4127
4112 3510
2968
4439 5623 5746 5745
4074
2968 4112 4132
4112
4136 2912 6266
163
4136
2968
6536 4125
2968
4125 5625 2797
4426 3437 1707 6336 263 5829 3437 263 263 3437 6410 4426 263 3437 5336 5827 5829 6410 4426 1801 263
163
699 502 479
5927 5806 2538
4112 4112 4112
4112 4136 4136
1531 163
6243 5489 279
2968 4112
4125 4112
4126 2968 2368 4112 4099 4112
4112
6299 5646 5530 5468
1846 1846
4112 4112
4750
1750 4264 6855 3878 1757 263
2930
1622
2966 2918 4126
6258 6207
376 5839 5623 1818
6536 4126 2369
57 4074 57 57 2180 57
4112
4112
2919 2146 1695 2921
4112
2968
2328 3510 4136
2968
4125
2968
4126 2378 5344
2225 5607
4112 4112 4112
2975
6447 4126
4112
1538 1538
4125 6179 4125
4125
6192 4112
4136
4125
2968
4126 4112
163
2180 2946
4125
1738 540 1538
2946
2180
4126 2968 4112 2458 2466
3414 5839 3891 1776
4112 4126
207 4112
721 1738
4131
4074
4112 2965
2968
2968
4104
6178 4126
5496 2946 4112
4125 4135 4130
2733 3050 3510 2565 2975 1531
4125
2946 2946 2946 3501 3501
5250 4223 4217
3669 4144 3671 6372 5607 3671 5607 4144 6372 4144 3671
163
5629 5633
2946 4112
4112 4289
5531 6013
2968
2968
2968 4112 4125 6555
4112 2968
2368
2180
4112
2851 3510 3799 3261 3766 3264
4126
4074 1531 1538
1750 1751 6179 4129
6968
4112
4125
170
2180
4125
170
4074 4126 6179
4112
4126
163 1538
4631 3694 4440
4126
6969 6969 6969 6969 6969 6969
2968 6796
1538 1538 1538 163 1538 4074
6369 5929 1912 1831
163
4104
4126
2363
4898 2261 2382 2261 2381 4899 674 709 650
4125
24 4137
2946 1531 4112
4129 2146
4125
3870 3868
5278 2755 5286 5475 2590
4126
2968 4125 2368 4099
4126 4112
4112 2968
4126
1538 163 1538 1538 1538 1538 163
4126
2905 2911 5696 2921 2910
5530 2797 2459 5530 2797 2459
3697 1759 6855 2633 2754
4125
2947
6539 4126 6528 4126 4136 6528 4112 6528 4126 6528
4126 4112
6012 3510 2968 4433
4112
4149 5544 4112 4149
163
2363 2968 4112 4126
4132
163 1538 163 1538
6178 4136
1705 1715
2968
2946
3876 3694 3899 3911 3898 3952 3880
2968
4112
4125 4112
4074 2947
4126
4132 6177 4132 4130
2975 4112
4125 4099 4126 4125
2968
163 1538 2432 1538
4126
4125 6179
4112
1532
163
1841 6969
2480 2459 2461
2947
2146 2910
7
2968 1693 4132
4112
4112
6416 211 4136 4638 5696 4638 2924 6969 5752 1708 3267 3298 6971 1707 5752 1785 4136 4112 4112 1785 4638 5826 1785 5951 2934 6299 4638
4125
4112
6012 1759 6004 4126
1538 6346
4126
2755 3881 2362 6336 3639 3898 1820
1915
263 3334 5875
600 452 5951 1740 540 6176 4128
6364 6668
4112 2946 2968
4112 5531 2769 2855 1912
2949 4141 6013
4125
4112
4112
1738 604 502 605
1801 6344 4713
4112
163
5752 5632 4112 2369
2368 188
2968 3517
4112
4112
4125
1538 1531
4217 2764 2317 2665 2754 4263 5623 6361 3869 3881 3891 1821 6012 3877 5632 2230 2797
4112
4112
4074
2631 3275 3923 2968
2806 3952 5844
6013 2957
4126 2899
6712
4136
2362 3296 1689 3987 2754 3317 2547 3899 1547 3986 4433 3880 5496 3852 3509 1757 3269 4222 3867 5531 3869 3297 2568 3854 4215 6723 4217 4899 4437 1820 3340 7264 7263 7265
1
5764 2756
4131 4130 2968
163
4125
4125 4112
4125 4112 2968 4112 2368
4126
5607 4264 263 6855 5530 3876
2465
163 163
2968
4125
4074
4274 4112
1760 5801 2181 2224 4164
3106 3509 1126 1108 1129 1006 1091 922 1133 1077 1002
4125
163 163 163
4125
2946
2898 2368
1529 1532
4125
2966
4074
6969 5920
2999 610
4112
4136
5638 1704
4112
2946
4125 2211 5782
4074
6369
2968
4126 6459
2947
1533 2368
2319 5792 3650
4112
4125 4099 4125 4099
4074 2366 2368 1746 2425 3273 4217
6251 2180
4112
716 945 926 946 1120 1388 1017 1037 1119 1390
1 1 4112 1
4125
4126 2180
1825 389
2968 4112 2651 1738 600 2275 6392 5764
4112
1119 1516 922 431 1466 1474 1494 1523 1478
4112
4112
6422 1685
4126
2677
4112
3721 277 2394 5840 2394 2284 277 3737 3737 2284 277 2394 163 2284 277 2394 3717 277 3278 2282 2397 277 2394
4125
2918 6527 4126 3826 2908
163
4126
2968
263 2855 5630 3906 263 2855 3881 6361 1715 6723 6361
163 1538 1538 163 1538 1538 1538
4074
4112
4137
3279
4125
2368
3839 4074 6262 2908
4125
4137
4126
6299
4112
1538
4112
4126
4112
4125
3800
4112
4125
838 1871
163 1538 163 1538 163 1538 1538 1538
263 3049 3921 6990 3405 263 2884
2968 5430
163 163 163
3631
4125
4112
2947 2945 4126
2681
2344 4189 4189
4074 4126
5008
5752
3625
6977
4126
6279 4777
5925 5913 263 3391 263 3391 5925
2909
53
4112
163 163 163
1155 891 1538 1155 891 1394
1622
6889 1538
1846
233
4112 4126
4112 4112 4112 1692 211 6013
3509 3321 2216 4218 6388 1821
3408
1499 3509 1474 1506 1523 1471 431
4125
3409
2947 4112
4126
2828 3206 4217 3073 5646 4095 4728 280 4218 3094 6392 3204 2437 3206 2343
2968 6107 1533
1538 1538 1538
2968
1846
5994 1533
4074
4112
2181
4103
5801 3881 1547 3275 3903 3882 1532 6068 1855 721 5801 686 1853
4125
4112
4126
163 163 163 163
1915 4074
4112
62
3510 1748 1697 6666 1750 5844 3404
1369 1274 1323 394 373
1531 6068
4112
4087
4125 6185
4126
2968
4126
4112
4126 4112
4115
1533 6569 2369
4112
5929 3509 2857 2914 5929
1716 1707 2475 1716
163
5482 2640 3334 2968
4126
4112
4127 4135 4130
4125
2387 1985 3275
5793 3622 607 3522 4420 6410 5339
2968 4112
4075
163
4112 4126
2968
57
4125
4132
4125
4125 2910
4112
4099 2754 4380 4131
2368
4136
4126
4126 3510
500 692 1855 500 601 692
4126
4126 4112
4112
2945
4112
4125 2503 2458 6014
4126
721 1820 1622
4126
2968
4126 2946
3801 6320 3656 263
2180 4126
4126 4112
3647 3376 2130 2440 2130 3647 2440 3376 2973 2440 3376 2130
4112
4126 2954
4136
163 1738 452
3874 2797
6723 6295 690 1853 3713 1926 699 607 564
2594 2458 2595 2481
4126
4125
4126
4112
4099 4537 1760 6850 2797
2968
4112 2299 2368 1759
4112
2911 2975
5754 5754 1931 1931 1931 1931 1931 5754 2640 1931 5918 1931 2640 5941 6969 1931 1931 1931 6266 1931
2968
4125
4126
2914
2265 5625 1703 5631 5623
2968
2134
4112
4126
4112 4112
2921 2918 3839 2925
2180 4125
7
4112
1785 6974 1837 5845
2968
2944
4127
2968 1759 2387 2807
2968 2368
1738 2322 5532 891 1750 2362 890 1152 1604 483 676
4126
4125
2369
2968 5625
2317 5531
4126
2952 4126 2946
2968
4126 2946 4074
2968
4125
4126
4136
2287 2369 1748
4126 4126
2968
2975
4125 4074 4112
1538
1785 2634
4126
5941
3719 3275
4126
4112 4136
4074 2946
4112
4125 4130
4074 4126
4126
4112
5651 4437
5801
2968
5929 2578 1836
2968
3625 2968 1743
2968
2968 4112 4112
4136 4883 2202 4112 2946
4112
4112
2968
2968 2956
395 6293 1858 1858 1858 1858 1858 1858 1858 3195 1858 1858 1858 1858 1858 1858 5978 1858 1871 1858
5925 2797 5531 4051 2797 2641 2797 4490 5925
5808 5482
2968 6700
4125 4112
4125 2918 5468
4112
3962 3801 1987 2326 3265 1544 4235 4623 3559 3962 3962 4769 5929
4126
4112 2946
4136
1533
4126
2900
1967
4125
2920 1912
2968
5324 3338
2946
2754
2968
4112
6013 2855 6410
1820 1720 2484 3509
2945 4125
2968
4632 4126
4074
2946
4112
4074
4125
608 654 350
4125
57
3510 2480 4880 4217 5626 3898 5808 4112
2968
4126 4125
4127 4130 4135
4112
2946
4112
1533
3705
2968 4128
2908 2946
2968 6014 5467 6013 5634
4125 3959 3894 1547 2363 3324 3639
2975 2369 2647 4112 4112 2904 2921
2968
1947
4112 4125
3647 5829 2797 3650 1547 3880
2968 4112
4125 4112
4132
4112 4126
163
4126 2362
721 1622 838 1538 1538 1538
5819
2968
5823
2968
4131 4131 4101 4132
2906
2947
4101
1862 452
4136 4112
4125
1390 3690 3696 1016 2631
2857 4112
4126
4129
2946
2968
4103 4137
6238 6241
6986 1825 2633 5606 2024 3510 2565 1825 1801 1825 2633 3009 2633 4756 2759 1801
2946 4126
163
6706 6266 4125
4112
2645 452 502 4420
4136
4101
2458 2461 2374
1538 4112 1538 1538
4112
2180
4112
4126
4074
4074
2968
42
4075 2180 4112
2826 1611
4074
4126
4125
4125
3391 3338 263 3391 1547
163
4125
4126
4125
4126 4112
2946
2368
4126 2946
2820 3878 2646 3639
2968 4112
6176 4128
4125
3297 2634 263 5633
4129 2968 4112
57
2968
2587 3259 5640 2459
2968
4126
1862 1622 2317 6986
4126 2524 6013
6179 4126
2946
1622 718
2946
4074
4125 4112
2968
2946 4126
1972
4112
4125 5122 4125 5112 3143 3510
4136 4112 4136 4112
4112 6261 1798 3155
4074 4074
2968 4125
2946
4125
4125 1532
4074 4074
170 4126
4125 1799 1683
6722 2857 2939 2935 2162
1538 4112 7071 1532
1538 163 4112 1538 1538 1538 721 1622 1538 1538
2968
2139
1695 4112
4112
4137
4112 4126
2333 4814 2645 1547 5826 6247 5295 2628 3886 2777 5012
4125
4112
2182 4112 4136
2946 2368
1532 4303 3804
1846
3510
1013 431 1119 4145 970 1089 3875 4144 3269 970 4145 1089 1011 1119 431 3875 3269 4144 4145 431 970 1119 1089 1013 2284 4144 3270 2263 1119 970 1089 431 1479 4145 2284 3270 4144
4112
2946
4694
206
5634
4112
4125 4112
6971 3324 1695
4126 2968
4126 6528
2930
3379
4112
4101
5913 955 1131 5801 1076 1073
2325 5952
2956
4112
4125 5623 5634 5468
2540 2480
1093 1125 900
693 263 1738 1853 1868 3003 5826 891 890
4112
4127
4126 6525 6525 4125
4126
2914
4112
4132 4130 2807 5531 5634 1668 4132 4131
4112 4112 4880
1797 5839 2634
2906
2968
263 3338 5750
6424
2496 3961 3756 1531 6972 3274
4112
4129
2368 2224
4125
2262 3881 6012 2797 3891 4264 6855 4898 2381 5623
4125
1615 2968 1853 1870
4125
2968
4098 4125
2968
4126 2968 2362
2180
4125
5875 5626 5531
4126
324
3510 2390 4816 5339 3900 5744 5324 5746
263 3037 3900 891 1147 263 3518 5801 5325 3510 1378 1400 891 264 1547 264 5847 2682 3922 6990 1147 891 264 1378 2682 3510 3922 263 3037 5325 5326 3518
2906
4112
2899 5606 1707 2975 4128
1835 6398 263 6336
1705 1767 2910 2146 5867 2949
2635 4619
2946
4136
1738
2363
2641 1547 3201 2367 2230 263 3509 2641 5941 2245 1547 3201 5941 2641 6727
2968 6796
2651 4898 263
4125
4099
4112
2682 263 2249 4420 891 264 1399 2249 263 4420 891 1159 2249 3638 3639 6410 1547 3649 2249
2968 4126
1538 163
4125
2936 5214 3826 5534 3839
2946
4666 3206 3509
4126
4126
2587 5845 4126 3372 2587
2946
1695 6241 1532
4112
375
2968
3437 263 3915 5475 3437 263 2764 4401 5475 3943 4426 263
2317 4717 2775 4899 3298 4898
4125
2968
2180
4136
4125
2968
4074
4126
2942
2968
4125
5844 263 5763 5845 3437 5475 6410 263 263 5844 2778 3986 3437 263 1760 6017 5475 5845 5844 263 5749 263 5852 1760 263 1547 2997
163
2968
4112 1538
4112
2968
5754 2912
4126
4127 2968 6723 2464
4126 4112
4128
4125 2946
4126
1531
4112
6 2343 3510 4112
263 3558 4426
2369 4112 2249 2778 3307
6299 4112
4126
4089
4125 4125 4112 4074
4112
4126 4131 4126 4125
4128 6796
163
4112 2914
2946 4126
4074
2947 6178 2977 2975 4136
4112 2139
2968
4112
1855 2946 2968
2949
2975 4129
4136
6176 4126
4104
263 1986 2209 2797 5740 2209 5925 263 5772 3545 2209 3637 263 1986 2220 263 2797 2209
4103 6
3391 6251 6398
2946
4126 6714
4041 2368
4217 2367 1797
2968
2945
2968
2968 4112 4112
4131
2968
4126 4126
1538
2968
4136 2146 2899
4136
4126 5951 5531
5801
4792
4125
2968
2946
4112
5532 1710 6930 3275 386
3766 2930 3770 6972 2631 3777 3766 2325 3924 3641 349 3882 2320 3594
2968
6825 5978
2368 4112 2968
3408
3639 3942 263 3921
4137 3509 4137
2369 4112
4112
2968
4665 2769 2024 2759 3278 4126 3045 4443 4665
3298 6383 4218 6014
4125
2921
2947 2968 4112
5632 1704 1538 1538
6971 3558 1813
4112
4129 2946
4076
2446 1547 3518 6946 3137 610 692 1737 263 3137 3194 3915 3915 3716 1547 3137 2446 3803 6946
163
4126
2975
5929 5634 6800 2755
4125 4099
1538
2464 2536
4112 4112
2946 4112
4126
2180 4112
2968
163
4125 4112
4126
4112
4112
4126
6176 4126
3817 4126
4074
4125 6705
2274
4112
4125
4112
5765 3282 2223 2267
4112 2968
6320
4136
2968
2946
4125
4126
1807 4065 1797 1812 4065 4126 4065 4081
4126 6262
2968
602 560 516 1738
2134
4112 6176 4136
4112
4112
4125
2968
4126
2968 4112
4128
6705
2968 5530 5623 1743
1862 686 607 1615
4126 4112 13 2911
2946
4126 6176
2375 3338 4007 4265
5839 1783 1821
4112
170
4135 4130
263 3981 4439 1547 4439 4582 3640 4439 263 3060 5740 263 5495 3622 4439
4126 2968 6049
2946
4126 2968
4132
4125
2975
2946
4112
4136
1836
4125
6258 6207
1077 1119 1017
4127 4112
1821 2834 2261
5247 1072 3960 5808 1547 2769 3437
163
6251 2387 5339
4125 4130 4135
4125 4125 6445
163 1538 1538 1538 1538 1538 1538 163 1538
2562 3875 3509 5827 3270
4129
4112 4882 4541 2857
1622 3647 6792 263 2755
4126
4125
4074 4074
2968
3900 6969
163
4125
62
4125
4112 3379
4112 2546 6013
136 18
2968
2968
4112
4126 4112
4126 4125
2968 4112 2920
4128
2134
1784 5470 1703 1538
263 3882 4443 2024 5826 263 2024
2968
4126
2968
4112
4125
4074
4126
2911 3829 4125 2833
163 1716 5532 6368
3928 2754 3932 2229 2665 3882 3933
2968
6703 6713 2140 2946 2267 4112 2368
2968
4112
4126 6280 2905
6179 4125
1378 1144
4136 2947 4112 2139
4125
5531
4112
4126
6251
3563 1710
2524 2503 2634
2946
2968
4129
4274 2968
5865 4112
4126
4126 4112
2968
4103
4074 6259
4125
2968
4112 3840
5629 5485 2826 4112 855 2826 5918 855
4126
2968
4136
2538 2497
4075
4125 4112
4099
4112
4126
4126
4074
2968
6346 1813 4137 6013 2362 2777
4126
4631 263 6313 4439
4112
4112
688 608 507 6533 4125 1855 688 507 688 720 608
4074 4137 2946
4074
4136 6459 2968
4112
4112 2946
4136 1801 5582
4112
4126
5521 4112 1796
4112
3278 3962 3914
4125
4112
4112
163 1538 1538 3380 2100 163 1538 163 1538 163 1538 3380 1538 163 1538 163 163 1538
1729 6362
2968
4112
163 163 163
163 1538
4074
1154 890
4125
4125
2975 4112
163 1538 163 1538 1538 1538 1538
4112
2956
4112
1785
2947
4112 3377
4112
163
163 1538 163 1538 1538 1538 163 1538
3274 3275
4112 4695
4065
163 163
2968 5754 1686 1685 4091
4074
5925 263 891 1394 264
4112
4074
2934
5623
163 163
1693
4126 4112
3881 2317
163
3880 5607 1760 3297 3298 4218 3296
2946 4112
5531 2365
4074
4129
4126
4144 6398 1799
2440 1547 2440 263
3414 4908 2646 2481 1547
2956 4274 2643 5752 1547 3890
4101
5754
4112
3334
4112
4112
4126
2946
6258 6207
1751
4112
340 2946
1686 6796 2968
1538 4112
1846 4074
6237
2928
4125 163
4112
4112
4112 163 163 163
6961
4112
4125
163
163
1915
2968
4126
4070 2946
2946
1381 431
4112
163
4126
4128 6176
163 1538 1538 1538 1538
4175
4132
4125
4112
4136
4080 4112
4112
2797
4126 4112
4136 4112 5464 5525 5623
4125 4112
2968
2665 3640 3892 3944 3391 3269 1799 3622 5747 3270 1547
163
4218 870 1073
163
4101
1691 3719
1533
163 1538 1538 1538 1538 1538 1538 1538 1538
1538 1538 1538 1538 4112 1538
2914
4112
4126
5623 1785
2368 1862
163
2968 4112
167 170
4112
4112
4112
6722 2645
4074
4125 4750
163
3379 3024 6391 1538 1761 1718 6391 2775 1538
2329 4129
2968
4125 4125 4125
4074 2968 4074
4125
4126 2975
2797 2817
2968
163
4298
220
6533 4126
204 228
1538 610 1738 691 2764 564 1850 677 666 565 1538
4074
4112
163
4112 4132
4132
1531
4125
4125
4112 2968
6969 3273
4074
4125
4126
2634 3932 6980 3898 3894
6976 6977
602 1738 540 674 163
2975
2968
4136 4136
4694 1662
4112
1538 1538 1538
4074
4126
3907 4433 4222
1846 4074
1759
6457 4126
4136
5626
4125
163 163
1119 998 1008 1047 5328 5329 6666 3340 3876 1547
6445 4125
4098 4098 4098
1538 1538
4074 4074
3638 6336 1718 6336 4112 5521
1538 1538 1538
4125 5867
6346 2387 2387 6346 2369 6990 3386 2369 6346 3386 5763 1760 3259 3276 6969 6299 2387 6971 6346 2968
4130 4130
4127
4074
4112
2956
1538
2977 2975
6317 3404 3144 6666 1681 4401 6317
4126 6450
6336 1547 3437 3639 2817
4125
2948
1703 1785 5801 5625
