1538
163
1530
4125
1532 890
4104 1531 4104
4125
4074
4136
3294 5619 2369 3309
1530
4389 5326 3546
163
4149
4126
2966 4632 3839 2922
1531
4125
6666 4126 6459
4074
731 826 733 765
1538
4126 2946
686 490 588 500
1531
4112
4125 6472
4087 2180
4104
163 1538 163 1538 1538
1538
4126
2947
1538 1538 1538 1538
5459
4126
2946
4137
163 1538 1538
1531 4099
4129
163
4112
455 1737
682 709 5471 608 6535 4126 669 682 584 709 608 682 608 682 709 6535 4126 709 682 608
701 709 649 2387 2211 649 709 1737 701
2241 5828 3274 2213 2857
163
4126
454 1738
4112
2930 4112 4638
4112
2180
4112 163 1538 1538 1538 163
1530
1530 230
4125
6178 4125
2734 2290 1530
4112 4112
163
1862 1862 2237 1862 5326
7228 2651 1791 7392 7393 1810
4638 4126
1530
163 1538 1538 163
4074
1530
2180 2972
2945
4126
4126 4126 4132 4126 4126
4112
4136
2797 2797 2797
1738 3634 718
163
701 597
163
2946 1530
2633 2966 2913 2911
4074
4074
3636 2324 3881
4128
203
4149 4112
163 1538 163 1538 163 1538 163 1538 163 163 1538 163 1538
1531
4126
4125
4125
4112
2841 1862
4126 4112
4126 2946
4065
4128
4126 4128
6175 4125
2943 4125
6662
163
1728 3259 2369
1530 4112
4136
4126
4112
6532 4125
6530 4126 2956
4126
163 163
4125
163 1538 163 163 1538 163 1538 163 1538 1538 163
4112 1531
4129
1538
4112
2669
4126
4126
239
163
1531
4074
1530
2946
4125
4074
1531
1848 688 1853 688 1615 1855 1738
4112
4125
2946
2946
2180
57 188
3635
2899
4129
4112
1538
4125
2341 5470 3900 5765
4125
1538 1538 1538 1538 3878 4304 6189 2947 1538
4136
4129
3340 2797 3269
2319 5335 3910 2242 5765 5975 1547
4099
4104
1531
1530
4125
1538 1538
4127
4125
4125
4112
4112 2946
4126 3275
4126
4125 4112
4126
4126
1531
4125
4112
3268 3273 3898 6786
4126
4112
431 891
163 163 1538 163 1538 163 163 1538 163 1538 1538 1538 163 163 1538
4126
5997 4136
2832 5839 2852 3297 3922 1531
4126 3408 4112 4305 1820 6542 3960 3510 3992 1760
163
2281 2461
1530
3900
4126 4074
4125
1530
4125
1538 4112 1538 1538
2946 5631 2287 6713 5623 6938 5522 2287 2382 5839 4638 2382 4126 2382 5839 2287 1703 5623 2946 1530 5623
5330 5829 2841
4074
4074 4074
2946 3814 5560
2946 4136
1530 4125
5629 6284 5644 5625 5640 5632 6299 5643 2275
4125
5805 5811
1531
4065
4112
4074
4125 1530 1538
6
4125
2180
5144 6263 6268
1530
1530 4112
6855
4131
5772 5772 3298 3952 2387 5752 3952 5773 2387 3269 2839
454 455 1862
1047 2325 891
4112
4112
2817 3265 5844
1530
4126
3924 2797 3298 2284
2180 4131 2954
1531 4112
4127
2645 2368 4631 5530
4126
2946
5929 163
4074 4074
4126 6175
4136
5796 6583 4303 5137 2864 5531 2275 5929 5781 6578 4306 5925 4204 6319 2538 2727
4074
4104
163
4128
4112
3341 6308 5846 1984 1531 4112 3376
4125
4125
5335 3510 3341
4125
1855 699 589 1738
1776 2945
2944 4126 1530
2956 4125
163 163 163 163 163
2387 2319 2369
2947
2369 4899 2236 1547 1797 6410
2946 2946 6184 4126
230 230
3374 2918
4125 4125
4112 4112 2946 4112 4112 4112 4112
2943
1530
5867
4074
5631 1395
1930
5827 3275 5752 3268 6346 5764
6705
5852
1530
1738 1294 373 1308 1366 1280
2966 2965 6713 4126 2946 4126
4125 4130
4125
4087 2946 4112
4126
4132
1538
1538 1538 163 1538 163 1538 163 1538
4112
4136
4136
2956
4125 4130 4135
4131 4131 4131 4131 4131 4131 4131 4131 4131 4131
5605
163 163 1861 163 1532
4099
4112
2912 2967
4137
2458 1697
163
6175 4125
4104
4125 6176
3994 4237 4112
4126 4112
4112
2946 2946
4074
4125
4126
2956
4112
717 1098 1984 1757 2180 1757 490 502 3165
2825 5521 2319 3907
1531
163
1707 2646 2645 4126
4125
2949 4076
5969 3334 2322 6013
4074
6326
1531
4125
4125
4125
649
4126
1549 1550 1552 1564 4112
4112 4126 4074 2180
1532 6105
5929
4426 5059 2755 3338
4128
4125
2956
3376
4125
4125
1531
1695 3510
4131
1538
4126
4112 1530
2650
4132
4112
2944
4125
4669 2362 4676
6938 1824 1824 6938
3431
4074
4126
1538
2203 5607 4218
1531
4074 4696
4126
2946
4694
6536 4126
4126
4104 4104
4074
2369 1704 3876
4136
4125
4126
4126
163
4136
4126
2180
4126
4112
4112 4126
1530
3275 2245 2631
163
2983
4112
2948
2180 172
4112
667 601 699 608
4112 2180
4129
2946
4126
1530
163 1538 1538 163 1538 163 1538 163 1538 1538
2538
1531
4125
4126 6178
4126
4125
4125 6178
3509
4112 4112 4112 4112
4126 4125
6447 4126
4074 4104
67
4126 4112
4074
2457 4403 4882 2596 2457 4112 4112 4112
1531
6764 6346 4304 3001 3510 5765
163 163 163 163
163
3878
4126
4112
1482 1520 1474 1460 1467
4101
3637 3874 3509 3922
4126
1538 163 1538
4129
4126
4125 4130
6459 4125
4218 6320 3881 3509 3639 4132
2962 2946 4112
4101 4101 4101
4126
4126
4136 4112
4126
1530
4074
2944 204
1813 1807 1813
4074 4112
4126
1530
163
4112
57
3869
4112
608 692 1164
4125
6441 4126
4074 4126
1077
4136
4126
4125
163
1445 1432 369
2387 4612 5237
6258 2583
4074
4112
163 163 163
4125
4125
4074
2180
163
2946 4126
4112
3888 4908 1391 1479
163
4125
4090
163 163 163 163
2833 2369 2647 5975 3889
2945
4126
163
1530
1393 2317 6971
4125 4112
394 4112 1372 1262 373 1315 688 605 502
163
6712
1538 1538 163 1538 1538
4074
203
4125
5631 7394 7006 1395
4125
4112
4074
4074
4126
53 3520
4125
163
4125
1867 1898 1880
4126 4112 4112
6179 4136
4112
3875
163
1757 2944 1757
228 228 228
2359 6543 4663 3962
1738 373 394 1304 1882 1361
62
6365 3510
6397 2283
4104
1531
4126 4125
4125
4126
4112
4125
4132 4074 4112 2071
163 163
163
4125
4076 2180
4126
4125
4125
2946 4074
4074
4136
4074
163
6398 6326 2230 3274 2651
5392
2369 400 1692 2209
2230 3877
4074
1846
4074
163
4125
4112 4112
163
4074 1532
1530
4125
2369 6012
4074
1523 1474 1467 1521 1505 6508 4112
3842 2966
4087
4125
431 1119 1020 1099 1076 1120 1046 3900 5640 3298
1738 2807 2387 2261 2807 2387 1531
4074
4074
163
4125 2945
4126
4112 4112 4112
5940 1797 1825 5544
4074
4126
4065
4074
1538 1538 1538
4112
1969
4125
4126 4126
4112
1533
4126
4126
2946 4101
6178 4125
5651
163
4126
4074 4074
1530
2210 6251 6251
2362
4126
2946
1947
221
3881
4074
1530
4016 5801
4126
1759 1759
171
4125
4126
4126
4125 4125 163 4112
4291
1737 5974 455 1738 454
1538
1538 1538 4497 1538 1538 4112 4112 4149 1538 1538 1538 1538 1538 1538
699 543 1855
4126 6175 4126
4112
4132
1530
4074 344
163
4112 1531
4136
1119 957 1479 1394 1089
4129
4126
4112
2944
4125
2465 607 1533
4112
163 1538 163 1538 163 1538 163 163 1538 1538
4112 4112 3282 5607 2245
1531
2180 2944
4125
2180 1531
4112
2944
4126
2180
163
4074
4861 3530
61
256
4125 4099
1530
4074
4126
4125 163
163 163
4126 2946
1707
2362 1862 5951 1767
4074 4074
4126
163
6178 4126
1531
4433
163 4126
4126
4074
4129
4112 4112 408 4136
3640 3307 6969 2764
4074
1530
4127
6179 4125
163
1531 188
4125
4125
1530 4126 6175
5640 3322 3637 2369
4112
1531 4112
4126
4125
4149 1532
1533
4136 6850 5549
4069
2497 2225 5806 2797
4112
163
1538 163 1538 5633 1708 6800 4149 1538 1538
4112 1530
163
699 500
4126
4125
6179 4125
1530 4112
6176 4663
6368 1728
4112
2368 6368 2368 6368 4112
4126 2797 2652 2645 2645
4125
4125
2944 4125
4112
4112
4136
4074 2946 4126 1531 4112 4112 4112 4112
2946 2946
4125
4112 1530
163
1531
2946
4074
4112
6691 350 7368 7365
4074 4126 2690
4127
1531 4112 4112 4112 4112 2414 2414 2414
1073 1703 2853 5845 1530
163 163
4125
1531
4723 2665 3949 5624 3298 2374
4136 4052 6457 5144
3509 6388 1547 3874 4018 4006
2864 6723 3907 2863 2649 3900 2863 3320 3321
4125
4126
1796
1698 3888 2650 1547 5765 3949 2214
163
4125 4125
163
2946
2919
163 1538
674 1887 1615
4126
163
4126
4125
163
1530
4125 6176
2180
2955 4136
1532 2754
4136 4112
6284 2912
2946 1530
4074 2944
4125
163
4125 6457
4112 4112
4112
4670 4899 6722 5980 6722 4898 3910
2180 2946 2180
2180 4112
2946 4090
4144 3009 2538 2483
4074
1530
4074 4074
4074
2956 4126
4126
4074
1530
2946 4126
4126
4125 163
1538 1538
4112 4112
4127 4638
4112 4125
5913 3030 2440 6342 3165 3643
163
1846 4104 1846 4104
4125 6178
4125
4112 1530 4112
4663 5997
4112 1538 1538 2180 2946 2180
4125
610 1760 620 4899 4663
2983
4125
163
4112
4125
163
6972
4126 4112
1738 454
163
4125
4112
4112
163
4125 2943
4129
720 700 1848 610 674 1538
1532 6058
1916
4112
4126
4126
2096 4128
1530
2459 2756 3280
4126
163 163 163 163
5522 5622 3261 2213 2220 3338 5591 3259
1862 1890 455
163
4126 4638
228
6299 2461 5607
4076
4126
2956
4112
2944 2180
1531
4125
4074 1531 4112
4074
1531
4136
6170 2350 4304 4217 3900 3882 5994 3269 1547
2945
2797 4880
4126
163
163
163
4112
1538
1538
4074
4125
3334 1704
4074
6175 4125
4126
4112 4128
4125
6179 2945 4125
4126 6536
1
4127
4074
4112 4112
2947
1531
2180 4074 4112
4126
4125
4125
431 4145 1378
2180 4125
3643 4906 5840 3644
4125 4099 4112
2946
1530
4112 4074
163
3949
163 1538 163 1538 1538 163 1538 1538 1538 1538
3657 3959 4144 3875
4126
1531 6175 4125
4099
4074
4112 4112 4112 4112
4074
4304 5999 4663
4112
4125
5632 5929 5752 2180 3881
163
389 1825 389 1825
4074
2180
4126
2946
1705 1530 4112
4126
1846
2302
4074
1855
2946
4090
163
5941 6969
1531
4135
4074 2953
5607
5521 5651 5651
4074 4126
4125
4127 4112
4126
2946
4074
4125 2050 4112
163 1530 1538
4126
4126
4126 6060 4112
163 163
891 431 4145
1538
4125
4112
163
4125
4125
4126 1531
4125
2180 4125
4126
1531 381
2946
4074
4074
4125
4125
163 1538 1538 163
4112
4112
4125
1538 163 1538 1538 1538 1538 1538 1538
163 1538 163 1538 163 1538 1538
2911 6722
3307 3899 2797 3309
4125
1538
4074
1530
608
163
4112 1530
6880 4129
4112 4126
2851
4126
4694
2823 2322 5977
2956
4126
2946
4074
4112 4149 1538
4126
479 500 1862 699
2180
4291
6340 1530
4074
4112
2797 3948 1547 2775 5632
6793 4880
7184 7225
4112
2887
4112
4112
3275
2946
2362 4125 6179 6178 3273 4663 6675 1720 4218 1531 6017 2322 6313 4218
163 1538
4074
1538 1538 1538 1538 1538
4127 4112
2946 2965
4112
4125
3877 3408 459
4136
2461 5606
2949
1531
2950
4126
2497 6976 1738 6313 2369
3405 2362 1547 3881 4389 2634 2211
4127
2946
4112 1530 1538
4127
4112
4112
4125
4112
455 1835
1538 1538 1538 1538 1538 1538 1538
4112
5531
4126
2918 3517 4128
1530
6014
1074 1118 4145
4065
5629 6369 1751
1119 431 951 1030 1388 932
163
1531
4125
2134
163
4125
4125 6176
4074
2180 2946
5911 163
4126
4112 1530
1820
4112
1530 4112 6069 4126
163
4112
163 1538 163 1538 1538 163 1538 163 1538
2458 6295
4125
1531 4112
4125
4074 4125
1530
4112
4126
2180
1795 4074 1531 4126 6447 6451 4126 4126 6446 4136 4136 6446 6446 4136 4136 6446
4126
163
4129
4126 1530 4112
2326 3932 2777 5146 2651
4125
5530 5530 5530 5649
4125
4125
1846
4126 4126 209 157 159 4126
4125
4126
4125
3510 3588
4126
4126
6180 4126
4074
4074
1538
4131
4125
4125 6178
1531 4074 2946
4112
4112
4074
4074
4126
5624 5765 3546 4584 4667 2944
1530
163
4280 1547 3692 4789
4125
4129
2956
4136
4126
4112 4112
4074 4125
1743
2946
4126
4132
163 163
4126 1531
4112
373 394 1882 1369
163
4112
4136
4126 2944
1531 4126
61
4074
4443 3338
4126
4126
4126
3491
4112
4074
4125
4537
4112 1531
4126 4112
4112
4074
2946 1531 4125
4081 2180 2972 2946
4126
1538 1538 1538
163 4126 163 4126
163
4125
1530
4126
5392
2904 3319
4127
4125
163
4112 4112
4126 6178
7035 7036 4126 4112 6088
4112
2946
4119
4126 4132
4126
4126
4125 6179
3898 6313 672 1532 543 691 630
1538
4126
4126
6643 4125
4145 1294 394 1352 718 453 4145 1862
163
4112 4112
720 610 1615 700
5530
4112
4136
4135
4125 1531
2747 3882 4898
1538
1531
1850 1853 688
4125
4112
4112
4126
4136
1530
4126
891 1394 1073 1135
163
4136 1682
4125
4112 4125
4125
3545 2362 3900 1726 3846 4234 1547
1538
6013
2944
1738 4145
1530
4125
4136 4112
431 1120 4145 891 1131
4145 431 890
3854 4144 5622
4125
1538
2729 1984 4144 2369
4359 2023 4144
4112
4125
4126
1394 891 4145 1077
431 4145
2946
4125
3697 4730 5530 5817 2631 2362 5532
4074 4074
4112 2944
4125
4126
4145 1135 1379 1399 1379 4145 1135 1379 4145
5746 4144 2806
163
4112 1530
6059 587 676 641 591 701 5772 4663 1853 681 2241 5750 2237 701 600 500 1853
4125
4126 4126
1531 2972
4112 3881 2369
6536 4126
163
6988 6295 163 2347
4112
649 605 5806 6171
2946 4125
1577 3287 5961 1579
4125 4125
1531
4125
4063 4074
4112 4074 2180 4112
4125
4126 4112
6711 2946 163
4112
4112
163
1538
2975
163
2250 3269 2855
2946
1984 2628 4440 1547
4144 6675 6668
4104
4112
408
4126
4074
4126
4074
1531 4112 4112 4112 4112 4112
1400 1131 4145 1397 1135 3923 4144 2797 2322 2250
2249 2332 163
202
61
4112
4223 4556 5752 2755 4218 6972 2384
2755 1760 4669 4144
684 601 4145
4101 4101 4112 4112
1076 3509 431 724 781 768 817 5826 5633 3875 3922 1547 3509 431 891 3875 6855 3692 6284
4125 2911 3842 4126 4126
3510 5801
4126
4443 4144 4443 4144 4443 4144 4144 4443 4144 1835 1827
4112
4126
2146 2966 2901 2899
4136 5294 4112 5294 4095 5294 5293 5294
4112
4137
5867 4074
4112
4136
2944
1531
2946 4136 4112
1531
891 431
4112 4126
57 57
6990 1538 6969 4125 6984 4125
163
4074
1846
5770 2645 3404 4144
4126 6175 2956
6906 3510 6336 4112
4129
163
4449
4112
4126
203
4657 4144
4112
4126
4074
4112
4126
163
1538
1531
4074 6069 4125
4074
1531
4440 2921 5531 1693 2922 6368 5978
4074
1530
4125
4125
2886 4222 4899 2647 2230
4126 4125
163
4125 6176
4125
163
11
6257
4126
4112
5929
4126
1532
689 641 608 557 1738 1864 545 685
4126
4126
4125 4099
4074
2946
431 1381 1530
1737 454 455 1862
6014 4112 2146 1785 2918
3890 3391 4144
4144 2844 4426 3623 4426 4401 6341 4144 5336 6792 6341 4144 2225 5848 6346 4144
4126 2965 3839 2946 5273 2966
1538
4112
4125
1531 6145 1538 4112
2633 3877 386 1710 2633 3877 4074 3898 2633
1530
4125 4125
4125
4125 6175
2134
5994 4126
1715 1681
4125 4112
6175 4136
6398 2820 2250 4144
6257
2369 3510 3616 6268 3408 2773 5829 4112 4136 6990 2827 2930
4149 1538 4112 4149
4676 3878
4128 1810
1531 2180
163 163
163
4125
1530 2966 2965
4126
5623 4970
394 688 373 479 1311 1264 595 1359 4136 6178
4136
1530
1124 4145 890 431 1076 988 4145 1076 431 1379 1139 4145 431 1124 1009 891 1077 1135 891 431 4145 890 717 1009 4145 1139 891 4145 431 1135 1076 891
4136
1530 1538
2180
4125
1538
5483 3268 3643 3322
7 4112
4126
3278 3273 2325 2754 1695
6176 4128 6176 4128
63 5392 63 57 63 5392 63 63
5464 6346 5631 1743 3412
202
4074 4125
4144 5250 2440 2459 2631
4125 4125 6176
163
4125
4125
1530
1772 2727 6757 1853
4104
163 163
2180
4126
6177 4303 4112
1947
4126
1538
4125
4126
6666 2528 1791 1531
4112
2319 6727 6662 1533 5996
2565 2536 2565 1531 1698 3408 2565 2565 3178 2565 3510 3470 1531 2565 2618 2934 2618 3002 3166 3177 3275 4266 2565
4101
4125 4125
1531
2963 1531 4074 2944 2963 4070 6895
4126
4341 6397 4340 4144
3408
1530
3437
4112 5623
442 1215 705 414 1187 415 437 1224 432 1205 1212 706 434 2621 3981 1683 4112
163 163
4129 6175
4125
163
163
163
4144 6365
3829
4126
4126
4112
4125
4074
4126
163 1538 163 1538 163
2946
6969 6969 6969 6969 6969 6969 6969 6969 6969 6969
1758 4677 3889 2797
2949
163 1538 1538 1538 163 1538
4074
4112 4289
4104
4898 5607 2261
4125
4126 4125 4126
4126 4112 4112
4126
2952 4125 4112
2966
4074 4125
1947
4144 5929 5929 4144 4144 5929 4144 2297 5929 5929 4144 5929 5612 4144 4144 3889 389 1825
163 1538 163 1538 163 163 1538 163 1538 163 163 163 163
4131
4126
455
163 1538 1538 163 1538 163 1538
4125 6178
4112
4126
394 1307 1369 4145 1264 373 1737 4145 455
4112
4129 4074
4136
1538
4125 2965
408 4700
4112 1538
6389 4638 1801 5752 1807 1801 4638 1807 5752 6985 5347 4433 1801 2368
4126
1915
6178 4127
2329 1531 2324 6984 6972 6976 1837
163
4129 6179
1531 2946
4112 4112
4126
4126
2946
4125 2180
588 641 682 709 1738
188
4125
4126
2930
4112
163
2755 1718 2409 1759 2773
4125 4112
4125
4112
2945 4126
4074
4125
2946 4126
4126
1531 4537 2538
163
2777 3309 2651 4303
4112
1776
4126
163
4125
6001 1531
1825 5336 389
163 163
163
4125
4125
1859 1862
4126
5392
2850 3280 4440
2963 2898
2619 3275 3273 1531
4987 4987
61
4126
3299 2784 2812 1547 3348 2264 5251 1547 3545
2946
4125 6498
1531
5807 5817 2130 3878 3889
4050 285
1424 1443
4126
6178 4126 6178 4126
4125
2946 2899
1538
4126
4112
2946
2317 4144 4303 4898 6151 6802
4112 4112 2946
4132
4145 891 431 1135
4125
6458 4126
4638 6251
4126
4112
1164 701 2756 479 649 701 597
6855 4669
163
4125
4126
4126
4125
4128
4074
4126
4126
4125
4070
1726 4144 5285 4387 6410 4144 3436 5524 3889 4144 3436 3423 4401 4144 1547 3120 2216 3436 4144 2344 3060 4144 2214 4144 5629 2481 5624 3509 5629 4144
3195 1829 277 4144 2624
4125 4125
5270
1094 1008 1128 1531
163
163 1538 163 1538 163 1538
3298 1698 5772
6121 1533
4126
1531 2946
2367
1530
4126
4112 4112 4112 4112 4112 3345 6631 4305 5938
713 413 665 1217 704 1195 707 1201 1228
1531 4112 4112
6535 4125
163
2331
163 1538 163 1538 163 1538 1538 163 163 1538 163
2946
2224 6341 4144 4426 4401 4144 6365 4731 4144 3196 3510 6341 6346 4144 2220 6341
4112
4126
163
4087
4136
1538
2946
4074
6258
4074 4137
4126 6536 6536 4125
163
1530
4112
4136 4112
4125
4126
4112
2946 4112
4128
1669 1738
2946 4126
6969
2945 6389 6341 5752 4169
4125
1533
4074 1531
3894 2284 1760 4144
6815 5117
4127
4804
4136 163
1532
4112
5929 1710 3307
4112
1538
4074 4074 4074 4074 4074 4074 4074 4074 4104 4074 4074 4074 4074
3509
4125
4126
2180
4112
1532 455 454 4499
4125 6179 4125 6179
4112
2180
2440 5929 5977 1547 2440 3637 4303 5929
1538
163
1531
163
3640 3273
4125
1538 4149 1538 1538 1538 4149
4074 4074
4125
1532 6058
1984 2820 4305 5796 1547 6559 3334 2783 5339 3623 5847
4125
4126
6176 4126 4112 1530
4125
456 1737
4074
4131 4074 4131 4074
2946
1538
4125
163
4065 4074
3260
4126 4126
455 1669
4112
1530
4125
4126 6179
4126
4195 282 2946
35
4126
3376 4387 2440 3195 3657 3153
4136 1531
6175 4125
4125 2946
2946 4125
4126
4129 6176
4125 4099
3959 2369
1538 1538
4103
4129
1531 1531
6498 4126
5545 1931 3413 1931 1931 1931
4129
4125
2949
2665 3636 3952 3510 3307 5606 3881 3899
1531
4074 1531
202
207
3001 5929
4112
4125 6459
4144 2870 5765 2366 3265 2325 3259
1460 1480 1470 1474 1521 125
2368 1738 720
4125 6176
4144 3922 2322 3881 6722 3890 5747 3640
1
4125
4125
6014 1703 2250 1774
1685 2140
1530
4136
1531
4126
4126
4669
1927 6263
4136 4136
4126
4125
2946 2180
2946
4126
7363 3994
5591 1858 6675 6364
4126
2930 2180
2947
5872
3559 6956 3637
4136
1715
4291 3387
4197
4126
5516 3405 3880 1547 4437
4112
4112
2946
4125
4136 4074
1531
4136
2944
4126
4136 6451 6451 4126
4126
6522 1531
4125
4144 3374 5941 1528 2660
4112 2180
4136 4112
4125 2946
4112
4125 4126
4130
4126
3408 5941 1715 1859 1859 1874 1738 3509
1709 1709
4144 3334 3960
4074
699 1855 6326 1848
2325 2841 5485
163
4074
669 684 4908 3273 4074
1533
4131 4131 4131 4131 4131 4131 4131 4131 4131 4132
5925 2496 2538
4112
4126
4074 2180
1531
6014
588 4304 689 479
4125
4126
4099
4126
4126
2946
1077 1123 1400 1399 4145 1022 1379
5839 5464
6266 4125
4074
163
1530
4112
3880 5471 3268 6722
1538 455 1538
4074
5431 1532 5817
4112
4069
431 888 891
6184 4136
6969
1530
1931
4130
163 1801 5951 6364
4074
4112
163
4112
4125
4126
3880 6284 3148 3876 6284 2853 3320 3148 5633
4125
4126
4126
4112 1530
4126
2946 6266 4126
3622
1530
4125
1538
4074
4112
4128 6178
171
4797 4128 6457
1538
4126
4126
202
6698 2962
4126
3324
1531
1533 2211
4125
4126
2946 2886
4112
6306 1736 5545
4126
1738
1532
4074
4126
1530
2649 1751 2272 5668 3415 1751 6723 1751 2633
163
3899 3921 2645
163 1538 1538 163 1538
4112
1076 1394 1379
4126
1119 1089 431 1391 4145 3270 4260 2284 4144 1046 1391 431 4145 1119 3270 4264 2284 4144 4145 1119 1106 431 1391 3270 4144 6734 4264 4145 431 1089 1119 1479 4144 4264 2284 3270
5515
18
4126
2369
4126
6324
2946
4074
4126
6969 4144 1683 5941 2362 5941 1683 3049 2362 4144
4145 1389 1094 1073 1128
1021 1135 4145 1076 1131
1762
1531 3414 5511 5941 4761 5773
4126
389 1738 1825
4131 4130 1531 4130 4132 4132 4130 4130 4132 4131
1757 5490 2797 3877
163 1533
5607 5328 5844
5820
4126 4126
4074
4125
2946 4126
1710 386
4126 2946
4112 4112 4112
3 3
4126
688 608 6176 4663 577
2851
3900 2325 1531
4144 6990 4401 1703 1547 4401 5826 4144 6990 6990 4144 4401 4264 4401 6990 3643 4144 6990 3437 4144 2797 4144 2214 2387 2440 4144 4401 3137 5750 6990 2839 1547 5801 4144
4137
3409 6012
2634 5606 5651
1530
1530
1846 1846
4074
1738 454
4126
1981 3959 5740 5752 4144 4420 6969 4144 1981
2946 3037 3147 4281 6192 4304
4126 6699
4087
4144 3509 5792 2369 5829
4126
4125
6711
4263 3964 4144 2817
4129
5941 2642 5940
2956
1698 1750
6796
2946
456 1862 4145
1531
228
4125 4125 163
1751 3510 5771
4112
2853 1779 1981 5749 4144 3637 4261 1981 5531 6855 4144 6969 1547 2252 3637 1779 4144 2209
4074
163
3873 5532 2375
163
3285
4136
4112
5281 5846 4144 4144 3846 3037 2723 3845 4144 5281 2390 4144 3037 2624 5281 3846 4144
2180
4112
1532
4125
4126
4126
4126
4126
5607 2496
4125 4125
5624 6969 1531 3880
1531
2583 4144
4126 4126 4130 4131
4126
4125
2932
1531 4126
1737 455
4112
1947
4125 5132 4125 6527
2836 3639 4144 2756 4144 2250 6336 6365
4104 4104
6985 3882 2797 4144 6985 4144 3949 2207 3261 3637 2631 4144 2797 2209 4144 2581 2797 6293 4144 1992 6985 454 2797 3949 2844 4144
1530
4126 4112
6990 6990 6990
4129 2180
4126 4074
4822 2362
1531
6184 4126 4112 1531
3833
163
6668 6675 4144 6675 4144 2820 4144 2807 6668 2656 2656 2823 4144 2844 4144 2225 2836 2225 2656 3404 4144 6675 2225 4144
381 4149 1538 1538 1538 1538 163 1538 1538 163 1538 1538 4149
4126
1531
1530
4112 4126 4125
4125
2946 4126
600 1277 1855 1868
6970 6242
6971 6336
4074
4136
3947 2367
4112 4112
4135 4130
4112
5455 1915
4136
4112
4126
4144 2784 2325
2369 3960
4112
1538 1538
4128 1531
118
163
6675 1817
3873 4144 3914
1531
4126 4125
4112
163
4127
4074
1538
6299
6894
163
4074
4136
4125 4126
4125
4126
228
4126
4112
1532
2946
4125
4126
1530 4074
2604 5339 6971 3906 5632
4125
163
7321
4126
4130 4131 4112 4112
4012 4898 2628 3509
2333 2333
4126
4081
4982 2833
163
1530
4074
4112 2180
4136
4112
1530
431 1105 1119 1030 4145
4125 6175
4112
2910 2911
4126
4125
1538 163 1538 1538 163 1538 1538 163 1538 163 1538
6457 2180 4126
431 1155 890 1381 4145
4126
4125
6166 4125
4144 2645 3657 4144 2322 4144 2820 5844 2322 3657 1547 4144 2773 2317 4144 1547 3206 4144 5749 5844 4144 2823 4144 5844 5749 163 2820 4144 2322 5747
3906 2755 2319
6341 4472 4144 3338 5431 1704 4144 1810
4125
163
4126
4112
4125
1776 4144 5640
4125 4125 4125
4128
4126 4112
4125
163 163 163 163
4112
2180
1703 5640 2631
163
4126
4112
4126
163
4126 2947
1530
4136 4112
4112
2723 1813 5840 3845 4144 163 2723 1813 4144 2797 2723 6690 1813 4144
4125 6175
3497
6972 2483 2483 6972
6969 4144
4136
4126
4074 1538
1669 1738
344
163
2946
4144 3656 6622 1704 4303 5640 4144 4264 3656 1785
163
4112
431 812 4145
6459 4126
1742
2134 6258
4125
4136
839 855
4112
1531
4125
285 3516
4112 4074
4144 2329 3889 1801 2369 3899 4144 5606
4067
4125
1776 6850
4126
1 4126
4074
1538
163
2180
4797 6458 4136 2944 1533 4638 3510
1538 163 1538 1538 391 3461 163 1538 1538 1538 163 1538
4125
4074
3409
720 691 608
1538
4126 2946 3517 4112
4126 4130
163 1538 163 1538 163 1538 163 1538 163 1538 163 163 1538 4149 1538 163 1538
2946
2949 4070
4127
163 1538 163 1538 163 1538
4136
4144 1836 890 4145 891 4145 891 890 4145 891 883 890 3437 4144 1836
4126
6266
5845 5476 4144 6969 431
3405 3371 2801 1751
4136
4126 2180
4125
4126
4112 1692 4440
6317 5801
1530
163
4112
385 1709 385 1709 385 1709 385 1709
163
4731
4112 4112
4125
4112
4125 4112
1538 1862 592
4074
4112
5591
4125
163 163 163
163
2956
4126
2972
4074
163 163 163 163 163 163
2682
1915 1915
1
6295
6184 4125 4112
163 1538 163 1538 1538
3510 4899
1928
4112 5392 4112 4112 4112 4112 4112 4112 4112
4126 4126
3644 3509 5335
4074
6878
4074
4112
163
5729 4130
4125
1530
4125
4126
4074
5010 4452
2773 3876 4144
4112
1547 6970 5827 5651
4126 6180
2944
4112
1531
6013 3274 3622 2797
4074
163
221 4049
1530
2180
431 795 737 855
163
163 163 163
1530
3877 2390 4144
1531
4112
163
2042
4125 4112
2944 4099
4112
4112 2 2
4074
1531
2600 2585 1718
4074
4145 891 431 1378 891 1399 4145 593 4145 602 674 1378 4145 891 1399 2858 1378 891 1399 4145 163 3465 4439 4144 163 6383 4144 3465 3510 2274 4439 4144 3964 3510
163 163
688 479 709 699 1164
2946 4136
163 1538 1538 1538
4126 2946
6972 1718 6336
1538 1538 1538
6346 4289 2775 3276 2369
2930 2930
4125
4074
4127
4252 4239 2368 3278 4253 3606
4074
2946
4125 4125
1530
1530
1531
6243 3842
4125
