285
1538
4074
4125
4104
4112
2972 2934
1538
163
163 163
1073 1128 1388 431
1120 1026 1046
4136
4112 408
6666
4074
6972 3545 3876
163 1538
3520
1538
4074
4112 4104
1538
1538
2972 2949
4126
4440 5925 4126
2946
1538 1538 1538 1538
4129
5458
6225 3273
1538 2755 1538
3268 1757 3267 3408
1738 2944 6000
4112 4112 4099
6458 4126 608 682 709 455 667 608 455 709 681 507 608
2972
4112
3298 4677 2213 5319 5318
4129
4112
163 163
4112
814 781 828 1533
4074 4126
454 1738 3509 1538
669 667 582
4638 4074
4136
1538 163 1538 1538 163
3869
4112
2368 2023 2855 4434 2634 2325
5765
4126 3389
4112 4112 4112 4112
4125
1738
3639 6170 4112
3307
163 163 1538 163 1538 163 1538 1538 163 1538
4125
4074
3274 2317 3643
2180
2180 4112
6883
4126 6500
4126
4692 3882 3881
4101 4132 4131 4101 4132 4132 4126
2943 1532
2940
5607 1757
4112 4112 4112 4112 4112 4112
2972 3496
4112
163 163 163
5463 5951 3306 6198 6284 3692
2900
4126 4112
1538 4112
4074
4126
5640 5622 1531 5567 5567 1531
57
4074 4074
4125
4112
4129
4128
203
163 1538 4074 1538 4074 1538
163 1538 163 1538 163 1538 163 1538 163 1538 163 1538 163 1538
4074
4125
5995 1532
163
4112
2944 6180
4126
5329 2833
4125
163 163 163
4112
3889 5846 263 3509 4898 3922 2367 2853 4672 263
4136 2944
4112
4104
4632 2972
3275 2369 2362 5606 1547 1821 3640 3320 5339 3309
4126 4112
163 4126
163 1538 1538 163 1538
163 163
2944
163 1538
4126 4112 4112 4112 4112 6707
4129
4112
4125
431 771 793 824 737 781
1538
228
3904 2797 3510 6251 2764
2180
4112 4112 4112 1538
2972
4125
4126
2180
4126
4101
4126
4125 4112
3880 2362
2180 2180
4112
3898
3270 3408 6990 2440 3285 3275 2723
4090
4074
188 63
4112
4112
4125
4126
2899 4087 4137
163
1538 1538 1538 1538 1538 1538
4126
4126
4125 4125
1538
6394 6325
4115
1853 688 1615
1533
4104 4104
4126
699 602 1615
4125
1538
4125 4130
2972
4126
4112
4125
4125
4125
4112
4136
4074
4074
6178 4127
3408
4126 2972
4126
4126
2852 2362 4348 2764 1547 5969 3873
4125
163
1738 455
5339 6850 3882 5339
2944
2911 4129 5837
163 163 1538 163 1538 163 1538 1538 163 163 1538 163 1538 163 1538 163 1538
4126
4126
3510 4125 1538
2966 2965 4126 4112 4131
4074
4125
4112
5624 2503 6722 1394
4126 4112 4112
4126 2180
4076
2180
163
4112
5929 1707 5622 1692 3878
4125
163
4125
2853
1538 674 602 1615
2972
4074
4112
2972 4076
414 1210 705 1193 437
5808 3869
2972 4136
5829 3509 4125 4136
4128
2180
5471 4631 3510 4675 5607
4112
6
4126 2908 2943 2899 2901
4132 4112
2180 4125 4125 2180
4126 6554
4131
4112
4112
5772
1531
2181
6459 4129
4112
4112 1538
1846
2944 4137
4129 2972
2944 4074 6005
4112 4112 4112
500 688 608 1615
1538
4125
1698 2369
4126 2121
4534 6372 4215 3065 1703 3510
4074 4074 4074 4074
2864 5929 2275 2783 2224 2369 2251 3623 2944 2180 5844 5925 3165 2369 2225 2275 5531 2783
4104 4126
6722 3336
4128
4126
4112
4112
163
6825
4125 4130 4112
5952 5951 389 2853 1825 389 1825 6012 4440 389 1825
163
4126 2944 4632
163
163 163
4112 1670 4090
4126 6458
4125
6459 4126
3510
4127
4126
4069
2180
4131
2823 5747 5749
6336 5620 2214 2250 2369
4125 4130
4112
3559
3881 3906 2210
4112
1538
4112
4125 4112
2944 3509
163 1538 1538 163 1538 163 1538 163 1538
285
4146 2972
4125
4112 4126
4125
4127
4125
4126
4112
4112 1724 1763 2901 6459 1810 6666
4131 4131 4131 4131 4131
1538
6666 1531 1547 2331 2362 2236 3275 3407 6599
163 6069 1532
4125 4125
2381 4677 2440 4225 1547
4112
2387 2241 4352 3949
4112 2972
4883 4217 5582 5624 3275 2461 5335 2440
4126
3274 5952
4125
4126
4126
4081
4074
4125
4099 4130
2374 1801
2972
4112
2180 5629 2783 620 2319 1757 4212
4126 4074
4125
163 163
4126 6447
7065 1532 2233 2374 2806 3960 3950 5291
4438 6729 5951 4112 2362 5951 2387 6725
4074 1538 163 1538 1538 4074
6855 3268 6855 3270
4126
4136
4904 1984 3921 1780 3906 3881 2366 5344 3882 5339 2236 2255 6972 2245 4904
2797 2776 3881
4125 4126
2483 2387 2546
1538
4125
4112
4126
2180
2972
4125
3376 3153
4126
2180
610 500 699
4074
163
1538
4112
4136
1538 4112
4112 4128
3165
4125 2180
1704 2459 2329
4125
2122 2123 283 350
4125
4125 6180
3347 3922
4112
1532 1538
4473 2994
4127
4129 4112
5929 1716
4112 4112 2972 4112
6522 1532
4126
4126
4136
4112
3319 3509 1821 2595
1786 2337
2972
373 1274 1305 1738 394 1352
4074 4112
4125
2325 4675 2603
4112
6936 1824 1824
4126
4125
4101
2180 4126 4112
4112
4126
4129
4694
4112
4099 4131 4112
4125
2972
4103
3914 5326 3882 3638
4125 4112
6530 4126
1841 2368
4074
4125
2911 2146
4104
2946
4112
4125
4125
4130
1686 2912 2965 2913
6446 4126
2972
1797
4126 2121
4101 4103
4112
7133
4126 6723 2249
2180
2944 2901
2972
2368 6668
163 1538 163 1538
4125
4125
2944 4126 5867
2944
4126
4276
4125
2496 2823 2020 2362 6974 2461 5817
3923 3910
4125
4125
4112 4112 4112 4112 4112 4112 4112 4112 4112 4112 4112 4112 4112 4112 4112 4112 4112 4112 4112
4112
4112
4126
4126
2797 709 5629
4136
1533
4112
163
4074
4112
4126
4112
4112
6972 6972
686 602 486
163
4125
4129
4126 4126 4125
1846
4112
4125
4074
2368
1532
4125
4112 4074
4112
4126
3911 6977 3320
4126 6536 2944
2368
1538
4125
2121 4126 169
4074
4078 1812
4074 4074
4112
4112
2797
1759
6457 4125 1538 4112 4112 2146
2972
1538
4136
57
6354
267
4126
4126
4126
4126
4074
61
6547 1533
4074
4126
3274 3273
4112
3830 3874 6969 3394 6969
4136
4125
8
4136 2944
4074
4074
4074
163 163 163
4112
4112
4125
4129
4126 2121
4126
4112 3411 1538
4127
5139
1538
4074
1669 2944 2651 3420
2825 2202 2245 4366 5941
6723 2827 1738
163 163 163 163
4112
2972
812 781 826
4112
738 773 824 431 748
6258 4126 4136 6258
4126 2121
4085
2366
163 1538 1538 163
2369 1693
7181 4533 5092
2366 610
2901 2899 2912 2913 2911
4125 4099
50
2972
4125
6012 6483 2210 5829 3334 2777 3637
163
4125 4112 2972
5929 4112
455 677 1862
4112
1757
3636 2665 3881
228 228 228 228 228 228 228
4112 1538 4126
2944 2362
4126
1738 454
4112
4074
4112 781 812
4112
5651
4104
2819 6335 2656
4112
163
4126 4125
163
4125
2362 3407 5752 3273 1547 5336 4305
4125
4128
4125
4125
4125
4112
4126
4126
2946
3625
4129
688 496 1738 527 3962 3949 2366
4126 163
4126
163
4119
3275 5336 2366 3509 479
4126 6176
4126 163
6986 2905 2972 2899 4137
6536 4136 4090 5339 3298 2374 4305 2723 5747 3267 3269
2972 4112
2946 4126
1672 1855 676 570 699
2972
4125
4074 4126
2326
5335 3298 3372 2369 502 3338
4126
4112 4112 1538
4112 2944 5991
4126
4136 4112
4126
4125 408 285
2180
4136
5740 3334 3870 2367 2369 1547 4112
4136 4112
4112
4126
1391 431 1076 1072 1120
4125
4112
4112
1533
5522
4126 4126
4125
4125 4112
4126
4112 1538
4125 4126
163
85 139 134
4074
4127
4112
4126
1716 6251
2180 2944
2783 4362 2784 1547 2362 4211 4318 2369
163
2972
6689
1947
4125
4112
3640 2368 2237 1743 1547 3881
4036
4112 4112
4126 4130
4126
4112
4112
4126 4074 4074
1759 1759
4293 5352 4296
61
4125
163
29
2374
1538 1538 1538 1538 1538 1538 1538 4112 4149 1538 1538
4112
699 580 1855 699 1853 720
4126 6178
4112
4112
6780 5454 1916 1915 3517 2930 3625 3517 1968 2930 4071
4125
4074
4125
163 163
4126
2646 1740 2633 4914 2635 6012
3509
1538 5929
4126
4125
4112 2972 4112
4131 2180
1862 1738 600 6690 3510 6722 6907 607 2465 6722 2764 2249 3509
163 1538 163 1538 163 1538 163
3252 2369 5336 5607
4101
4125
4112
2943 4125
4074 4112 2023 6690 4670 5826
4130 4131 4130 6178 2944
2369 2320
1531 2320
2224 3372 4672 1532 3274
2180 4074 4125
4101
1859
4112 4112
4125 4130
4112 4149
5764 2371 2946 6689
163
1532 3877 3878 3907 3898
4125
4074
163 699 608 1615
4112
4126
4125
5431 5544 5940 3201
1738 6355 4439 2857 2775 1547 1704 5640
4074
3376
4126 4112
1538
1533 6629 1538
4125
4074
163
163
4127
4126
455 2369 1862 2844
4125 4112 4074 2972 4112 4112
4112
1716
4136
4112 1073 716 1119 1089 1387 1130
4074 4074
4125
4125
4127
163
60
1538
4126
5867
5640 455
4126
6071 1533
4126 6185
4127
4112
4063
1538
4128
4129
2944
4126
4112
4126
1538
2180 4126
1533
2180 4101
163
6705
163
3880 3267 2764 3273
3869 2457 2480 2457
4129
4137 5560
4126
2369
4126
6180 4125
3843 3844
4126
2972
4112
4129 4112 2628
4125
1538
221 4099
163
4125
6969
2972
1538 163
3874
4112
5345 3898 2833 3932 2225 2325 2633
4125 4112
4125 4112
3380 4112
2972 4126
5335 3269 2237 3878 5817 3423 4112
4125
2435
4125 4112
4099
4127
2901
2415 3509
3348 3900 4668 2362
4145 1155 1378
4125
4303 3898 1760 4304 4306
4125
2943 4136 4074 4632
3947 4715 1698 2250 5752 4908 2214 2873 2368 1698 2368
1538
163
4126
4116
1046 2319
6530 4125
163
455 692
4127
676 1615 5929 608
4074
4125
2140
4074
2180
5867 4112
4126
5211 4112
163 163 163
4128
4112 4126 4132
6487 2944 2950
4126
4112
4125
263 3889 5629 1738 1669 455
4112
4126
4125
2726
4074
4131
8
4126
4126
4112 890 891 2317 2944 6547
4074
4112
163
1615
4127
4883 5941 2368 2773 2214 1547 3509 3882 2459
4104 1846
4067
4129 6547
163
4125
4125
4112
6971
4125
2972 1538 4112
5925 2841 2224 1697
4137
4112
2944
2972 4112 2972
2946
2944 6178 2944
2944 6176
98
4125
2944 6555
163
69
163 163 163 1538
163 4112
4112
4126
4125 2943
4137
163
4112 4136 4112 4112
4125
4112
4125
4074 4128
1669 455 1862
163
6828 2912 2899
4126
6662 3264 3259 5619 4216 5640 5431 3696 2775 2224 2862 5514 4663 6390 3261 4222 2225 4223 3030 5591 5523 4112
1750 2972
2972
4126
6723 3509
2944
1796
4074 4125 6179
2944 4126 6446
4125 4074
2628 5806
4112
4137
4112 4112
2972
1862 2366
4112
4126
4127
4125
221
4125
2972
4112
4125
1538
2387 4557 3878 2387 3324 3391
4074 1538
2948
4074
4112 4074
4125
163
4112
163
2899 4126
1538
4125
4128
1538
13 5631
6942 2953
163
4127
4074
4112
4125
4993 2412 5929
4125 4112 6306 2797
669 6689
1076 2538 2631
4126
4126
4126
4125 2944
3275
4112
2944
2911
4112 4112 4112 4112
2944
4112 4112
1722 387 387 1722
4125
2972
1776
4125
163
423
4112 4112 4112 4112
4125 4112
4112
4065 1538
4125
6447 4126
163 1538 163 1538 163 163 1538 163 1538 163 3274 1538
2649
3696 701 1855 720 5995 4126 4112
6792 1760
4074
5999 6671
4125
4112
4112
3899 6190 2944 6192 2944 6191 4125
4126 4112
4125
4126
4112
6691 7076
3510
4126 4112
6179 2944 4125
228
4112
4126
6205
2326 3338 1813 2825
301
263 1760 2645 674 1855 1853
3877 4112
1538 1538
4074 4112
421 5929 5929 6855 1726 6372 6729
4126
4136
1538
408 1716 1706 1706 1716
1538
4125
4052 2972
4074
6969
1722 387 1738
4136
394 1309 373 1262 1367 394 1370 373 1308 1262 691 608 720
4126
4126
4129
163
1538
1538
4125
4125
1532 389 1825
4126
4127
803 751 812 1552 826
4126
4127
1
4112
4074
4112 4112 4125
163 163 1538 163 1538 2255 2723 6674
163 163 163
4128 6051
4074
4125
4125
4112
4112 4063 2953
1111 1100 4145 1389 1547 3546 3659 3545 4144 2776 2216 3545 3546 4144 1547 2775 3546 3545 4144 4125 4112
4125
1538
4074
1760
4074
1119 1072 2366 6293 6662 1704
3885 608 3915 2797 4224 660 671 4263 2777 3878 2754 3336 5750
4125
5634 2797 3297 3340 1757 1547 2857 3627
4112
4126 4112
891 870 1155
4905 3876 2317 3275 2023 3885 5801 5834 4672 2778 3274 5752
2944
163
4125
4126
4126 6447
4074 6549 2944
4126
4129 4129
4126
4112
4112
1538
163
2956
2381 2797 5531
4126
2180
2944
2944
1774 4136
4074
3874 2797 2755 5471
699 720 6402 600
4074
4126
3509 2369
4126
4074 4074 4125
4112
4126
4126
5829
4125
4125
4126
2857 4905 5288 4674 2645
5591 5877 6823
163
4074
4126
5929
1538 4149 4149 1538 1538 1538
4126
2946
4074
4104 4112 4104
890 6970 5475
4136 4126 4136 163
4125
3924 3297 2647
5335 2262 6355
1820 2911
4286 6648 263 1785 6671
3270 3374 3881
4129
4128
4112
4103 4074
4112 4125
4074
4882 4144 2797
4112
1538 3049 455 1538 1538 1538 1538 1538 1538 1538 1538 1538
4112 4112
4125 2480 2901 6942
4126
2966 1538
4125
4125
4126
1538 4112
168
4125
1538
4126
4126
4126
4074
2948
4127
4125
2944
4125
163
4126
4112
163 1538 163 1538 163 1538
2180
4074
6176 4127 4112 693 455 1738
5991 4112 4112 4112
4112
4112 5607 1538 6971 4112
4112
4126 4126
2911 2944
4112
4126
1
163 1538 163 1538 163 1538 1538 163
4127
4126
4125
3274 6723
1538
4127
4112
4112
1378 891 4899 1164 2362
2249 2797 2362
1089 1391 1136 1098 989
4127
4126 5951 5952
4126 4130 4135
1400 1017 1381 1391 4145
6447 4126 4126 6447 6447 4126 4136 4638 1547 2920 2944 6447 6446 4136 6447 4136 4112 6446 4136
4125
5526 2825 1685 5941 4144 5941 2832 4533 263 2825 1685 2832
4125
5951 3338 5827 1547 2390 2374 3692
2949
4125
4101
6884 1787 4987
6457 4126
4074
4126 4126 4112
1538 4112
4125
4099 4099
4112
4125 6446
3636 3915 2755 4898 2665 3882 3877 3657 3915 2384
5817 6179 2944
4129 6179 4126 6179 2944
4125
5752 3639 3510 3881
4112 4112 4125
6178 2944
4112 4112
4126
4126
4074
4125
4126
6687 6907 6905 6689
4112 1538
4125 6178
4074 4126
4112 2972 4074 2944
4125 4074
4126
4112 4087
4074
4126 4112
5820
4126
163 1538 163 163
4074
4075 5801 2922 4136
1532
4126 4125 3408 5464
4112
4112
285 285 5608
4112
5752 3273 3893 3924
1531 163
4125
1538
4112 4125
4112 4126
295
3510 4126
2944
1155 1378 4145
163
2972
4125
4201 4112 2368
2972
2972
4125
324 4112 2797
2944
1947
4126
4126
2899
3509 6688
4071
2956
2920 3269 5969
4125
4112
4074
4125
5941 2642 2642 2642 5941
4112
2972 4125 4125
163
4127 2972
4129
4126
1538 4112 3852
2322 1532
1538
3833 3827 3839 4136
4074
4112
2944 4112 4112 4112 4112
4074
4125
4112
5607 5530
1538
4125
2944
2322 4675
4125 4125
5623
4125
2972 4126
2972 2972
4112
4087
4112 4126
408 1913 3517
4125
6231 4144 1728 6382 1726 4112
4125
4112 4112
4125
6207
4135
3510
4125
3946 4998 1820 6906 2374
4125
4074
163
4125
6176 2944 4084
4126
4136
4112
4125
1615 1836 500 605 1855 2369
3893 3952
1400 263 1861
4136
4136 1538
1046 930 1391 431 1119
4126 4112
4127
6722 5996 2944
4144 2554 5645
6723 263 6855 3878 4263
4112
4099 4112
455 263 1740 454
4126
4125
1538
4125
1984 1698 3343 4144
5828 2230 3904 3510 3882 4112
1796 2967
5560 4112
699 720 1855 720 699 1855 1855 720 699
6796
1394 1378 263 1073
4081 1846
2972
4126
163 163
1538
2944
4126
163 163 1538
4126
4112
6723 3881 2665 4723 4144
4144 5276 1801
4125
4112
4126
602 5806
4074 4112 4126
4137
3626 5607 4674 5623 2754 3907 4676
4126
4112 4112 1538
6970 5801
5531 2458 3914 3307 2483 2651
1538
3964 5291 4144 3961 2241 2237 3963 4144
163
4112 4074 2180
2972
5929 1761 5952
4112
263 3659 3338
5607 3643 2317 3275 3644 2631 3273 3274
4112
4127
4104
408
891 431 1128 949 1389 431 1073 1136 4112 716
3408
3334 3180
1737 454 693 1871
4112
4112
4125 4125
4126
4112 4112 4112 4112 4112 4112
4125 4125 2966 2967 4112
4073
4126
4101 4101
4112 4112 4112
3273 3509 2912 6855 5631
5801 2459
4217 3405 263 4631 263 4217 263 2344 3405 263 3405 3437 5744 6990 6986 263 6990 263 3405 4715 6985
4112 4126
4125
2635 6369 2250 2459
169 152 4112 4112
4126
4126
4755
5867
4125
2972
4136
163 163
4074
4131
163
4125
4126
4112
4126 6178
4125 163
1538
2944
4125
4074 3510 3023
6972
6176 4126
4126 4112
4074 4112
4129
163
2972
4125
6178 4125
4112
4112 4112
4112
4112
6284 4136 6001
4112
1538 1538 1538 1538
4144 3900 3510 3637 263 4905 3639 1806 263 1547 3639 3509 2220 263 1862 693 454
4126 2121
6497 4125
2374 5640
4675 2362 5792 4908
6458 4126
4137
163 1538 1772 2440 1538 163 1538 163 1538 2575 2440 5773 1538 1772
4125
2180
4126
1538 1538
4074
1738 1274 1305 1369 1280 373 1855 686 1164 502
3437 2362 2230 600 454 4434 686 5471 2362 4434 600 5765 686 3437 454 2778 2759 455 2362 601 3437 686
4125
6447 4126
4125
4074
1697
1097 1096 2645
4112
4125 4112
4112 1538
607 1861
5929 2645 4126 5929
4126
4126
4125 4112 4099
4126
4125 4099
4112 4112
4877 1780
2180 4126
4471 5801
2852 2833 3974 2359
5623 6969 2797 6855 3877
4125
4112 4112 4112
4136
6547 2944
263 5852 3285
4112
4112
2481 3261 3274 3264 3307
4112
4125 6178
4074 2972
4112 4126
1703 3878 6855 5623 2797 4144
1681 2797 3274
2944 6178
263 2834 3404 2820
6261
163 4112
4125
4125 4125
2943
688 581 479 502 479 688
4126
4137
1855 2369 2284 1164
4136 4112 4112
6459 4129
4112
2944
4126 4112
4112
6372
163 2972
4112
57 2180 57 4074 57 57 57 5392 57 57
4127 4135 4130
4126
4126
5496 4149 6447 4149 4112 1538 4149 4132
4074
4126 4112
2946 4136
1538 4149 1738
4144 3269 1547 3637 2755
3273 3274 2853 5607 3893
4125 4112
57
4074
2121 4126
2972
4124
4112
163
4127 6459
4126
4126
2124 1801 2645 1718 2634 1547 3899 4019 5171 4225
2944 6179
1947
4126
3889 4218 263
4104
4437 2528 6666 4112
1750 2983 2368 2966 4463 4112 2698 2711
1399 1400 1397 890
1533
2565 6691 3510 6691 2565 2934 2565 4112 2932 2565 2565 3510 2565 1531 6924
4112
1720
4125
4112
4126 2972 4049 2908
163 4126
6369 263 3670 6369 4343 1758 4144
4112
4125
4112
4125 4112 1759 3178 3259
163
4125
4112 1538 4126
2836 1099 1456 1510 1124 1022 1471 1474 701 671 620 1164 602 701 585 1853
4125 4112
2180
113 122
4112
2656 263 3338
4126
163 1538 163 1538 1538
4125
5875 6985 6691
6969 6969 6969 6969 6969 6969 6969 6969 6969 6969 6969 6969 6969 6969
263 5771
163 163
4104
1739 1547 2287 1547 263 2287 1739
4125
2972 4125
1947
4125
4125
4126 4112 4112
2972
5969 1751 2224
1538
4125
4128
4074
4112
6969 2333 403
4112
4125
4112
4131 4112
2180
4112
3324 4144 3922
5607 6013
4112
163 163 163 1538 163 163 1538 163 163
431
4131 2956 2944
1119 716 1077 1099
6175 4136
4126
1855 2797
163 163 1538 163 1538
4112
2944 2912
163
4112 1538
1533
5622 5980 5796 5622 2796 5622 3892 5929 2783 3372 3892 5622
5348 6987 5752 4632 4444 5752 4811 4632
389 1825 1759
1538 1538
4126 6000
4112
4112
4126
5147
4125
6268 1915
2387
1538 4470
1 2956
4126 4112 1538
4112
4125 4099
4076 4074 2944
2764 4675 4669 2797
4112
4125
3270 3952 4717 4217
1533 6104
1250 1232 1539 7067 7066 1233 1405 1251 4112
4112 4112
4074
4126
4128
2940
4074
1825 389
4112
4136
4125
4125
2281 4112 1754 1829
4126
1538
4125
4127
3201
163
5925 406
1738
6184 4125
4126
163
4130 4131
4125
4126
2180
5806
4125
4125
1531 6104
4112
3509 1547 263 4144 3509
4125
4125
5951
4074
4126
2899 2967 2966 4136 3510 3009
2972
5960 2665 2797 3696 3881 7117 1547 2776 3268 7118 3269
2972
4125
4126
4125
263 5418 5807 263 2547 6972 2225
4126
2944
263 5531 5622
2944
4125 4099 4125
1531 3261
2972 4112
2369
4126
163
4126 1683 6242 6251 1683
2797
1124 4145 893 1077 431 1391
4126
5820 3181 5929 2651
4125
1669
2216 263 3423 3404 5763 263 3324
2677 5867
3120
3951 5477
4125
4112
2982
163
1538
163 1538 163 1538
163
4074
4126
4125
4074 2946 4074
163
4125
1404 5828
3509 5282 1538
4126 152 4112 4112
4126 4112 1538
2946
4112
4126
2944
4125
1533
4112
1538 1538 6671 6069 2547 4149 4537 1538 163 1538 1538 163
5430
163 163
455 1615 693 1737 263 2827 1785 6969 6990
2325 6855 3267
4125
2213 2224 2213 2224 263
6690 6689 6914 5929
4126
4126
4112 4112
2134
4125
263 5829 3637 1704
4112
4125
5817 5772
2944
4125
6311 3988
2899 4126 2146
4126
2755 5607 6725
4631 454
4125
2918 2965
4112
4126
4128
6776 5801
4125 4112
3387
4074 4074
263 5358 4522
2972
163
4070
4126
4112
4126
2972 2368 4112 2180
4126
4125 4112
6178 4136
5951 1533
4125 6184
4136
4125
6722
285 1705
4112
4132
4562
163 163
4127 4135 4130 4387 4398
1538 1538 1538 1538 1538 1538
4074
4074
4125
2972
3623 1672 607 1738 680 2836 5796 6347 1987 2367 5793 3882 5339
3275
4126
188 5392 204
5951 5952
6178 4126 6178 4125
4125
4136
4125
1855 479 699
4112 4112
500 608 699 1164 701 1855 500 1855 692
4126
4126
4112
824 808 798 4112
4112
4126 4136
1807
4126
4112
4164 4005 5929 3340 3273 6691 6907 4164 4005
2972
4426 2440 2624
6446 4136
2966 2965 4129
2944
4126
1980
4125
163
2180
2180
4112
4126 2972
4126
4125 4099
4112
1538 163 1538 163 1538 1538 1538 163 1538
6251
1684 6261 1665 4974 1801 408 1913
4125
4112
4126
1776 3875 6971
1796 263 2304
4112
6176 4125
4112
4125
3510 6906 4112 351
4112
3307 1707 3309 2754 4144
2387 500
4692 5234
4126
4126 2121
456 263 1738 701 2331 4144 4901 3651 3296
4112 4112
263 2754 6723 3899 2368 1156 263
2368 3320
5467
6371 6722 2807
4112
3196 5793 5607 4389 5929 1388 1074 3510 1133 2723 5929 3334 3543
2055
4125
5607 3907 4038 6346 1547
4670 5332 2797
2972
4126
4112
4125
4136
3906
5741 2319 5741 5606 6336 5339 3692 6991 6792 2756 2319
4136
3509 4901 5840 5839
4126
4136 4074
610 6242 2387
1538
4126
4125
1130 1474 931 1471 1391 1513 1503
2926 4125 4135 4130
4074 2972 3835 4136 4112
4075 4076
6906 4676 6942 5772
2369 4675 6013
3317 3316 4420
2944 6176
2972
4074
4126
4126
5623 5524
4112
4112
4126 4139 6687 6172
163 163
2944 4127
3509 3408 1547 3878
4886 5814
4136
4126
1776
4126
4112
1967
4136
4126
4074 6175 2944
4129
1533 6076 5581 2602 5607 2797
5117
2965 4101
4126
4112
4126 6706 2965
263 2387 1720 3558
4125
4112
1813
4125
4074 4112
4129 6496
163
4126
1745
4127 4130 4135 4112
4112
2853 3338
4126
163
4074
4126
1859
2899 4112
2362 1709 1759
2797 5960 4218
2180 3259
1047 955 1131 3898 2651 263 2651 4674
4125
4125
5823 2948 5966 6204
4131 4131 4131 4131 4131 4131 4131 4131 4131
2635 452 1413 2631 1872
6536 2944
502 602 699 1738
4126 2972
4125
5796 5978 3349 5980 4901
4127
4136
1073 1100 1111 878
4125
4126
1748 2660 1825 6364 3408 2631 3509 1825 6325
2972
4125
4125
2946 4126
5561 4126
1077 1379 431 4145 1123 1026 1022 431 1378 1077 1123 4145
4112
4112
1538 163 1538
2716 4463
4112 1538 4112 4112 4112 4112 4112 4112 4112
4126
163
4126 6176
2972 2965 2966
4125
5845
1757 5633 1757 5995 2944 6284
4303 4692
4125
4126
4125
4125
282 3907 2366 3922 3877 3924 6723 3509 3298 3921 3436 3921
2817
4126
2320 3881 3636 5154 5952 5951 1533
4112 1538
4125 4125
4074
4125
4112
4126
1
4126
4099
1164 689 1855 2281 2991
2972 4084
2368
163
3307 3893 4217
2366 2368
1935
4131
163
5941 3324 3324
4130
4126
4295 4294
4074
163
4126
6722 2645 5665 1751 2633 5668 6723
3188
163 1538 163 1538 163 1538
4112 4074
2180
4137
4112
4074
6985 1751 2225
3655 2764 2855
2261 3271 4144 1388 1089 1394 4145 1119 4144 3270 2250 1119 1479 1102 4145 1394 4260 3270 4144 2284 1388 1119 4145 1394 1102 4144 3880 4263 4264 1394 1119 1089 4145 1025 1119 4145 1394 1094 4144 3271 4264 4263
263 1672 691 1862
2972
206 206 206 206 206
4125
1533
3509
163
5925 1072 4112
4125 4112 2180 4112
163
4112
263 3899 2797 2624 263 709 582 693
1392
4136
1531
4112
4130 4103 4130 4132 4132 4130 4130 4103 4132 2901 4130 4112
4112 6447 4126
163 163
4112 4125
5875 3964
4112
4112
4125 2943
1533
163
6449 4126
4125
3
4112
4126
4074
4126
263 682 677 1855
1547 3350 3510 277 2836 3658 5749 5747 6855 5750 2374
2797 602 263 500 3637 5801 3060 1547 3659 3001 3407 263 3137 3037 1256 5801 2344 2387 1547 2387 1547 263 5801 2631 6295
4126
4669 2362 2797 6359 2797 4669
4074
2797 6344 6792 4444 6344 2797 263 5801 5801 2496 263 6792 2797 6355 263 1394 263 3993 5801 277 2797 1547 1759 1547 2635 3655 1718 3060 263 1547 1759
263 3297 2362 6976
6814
2320 263 4426 6675 1547 3509 5941 263 4426 1547
163 4126
3494 4126
4112
263 709 1850 607 507
4132
4112
4076
431 1379 1123 1076 4145 1391
3414
37
1533 4136
4126 4125
4126
4125
2822 2972
2441 6967 6729 263 6966 5875 263 2665 6345 263 2547 3637
4112
4112
4125
4125
4112
2940
4112
4125
4126
4125
641
3876 263 2643 5764 263 5626 6012 2826 264 1399 891 890 4731 263 4437 2665 4437 3623 263 2443 2665 263 1547 6687 1547 263 4437 5744 263 6687 2778 2443
4129 4112
4112
4126
3235 6914
2797 2366 2367 3268
2825 1750 6671 1751 2362 6649
4126
163
4136
1533
4136
4074 4125
3816 5008
4074 4125
4112
4126 344
2180 2946
4112
4125 6445
4126
6723 1738
3420 5951
4125 4125
4112
4126
4126 4074 4130
2333
2807 4112
4126 4131 4130
6666 6636 2387 485 1738 6344 2241 5470 502
4126 4125
4112
2944 4112
1947
4125 6178
2214 2651 263 1547 5740 4731 2317 263
4126
4125
4112
4104 4104
263 6395 5925 5740 263 5875 2220 4879 2797 1992 263 4439 263 1780 5913 2220
4126
4126
163 163 163
5808
4126
1785 1780 5765 3297
4137
2972
1766 6368 1765 6367
4126 4099
163 1538
3900 2651 3334 6722
6410 263 6382 6364 263 2884 6969
1538 1538 1538 1538
5951
2972
4074 4112 4074
5801
4112
4125 4130
3387
168 4103
4126
1679 2817 2817
4901 5752 2374
2362 2365
1547 263 3001 3622 3001 263 3622
163 163
5842 6239 5839 2723
4112
2633 2873 2368
4125
4112
5952 709 655 502 699 605 1672 1853 693 3509
2369
4074 2944 6178
2645
3049 4898 3509 2399 4901 1547 3510 4901 263
4126 4125
5392
2362
1795 1820 5496
4126 2965
4125 4130
4125 4099
163
2547 6671 6069 4537 4149 1538 163 1538 5740 456
4112
4112 1538
6722 263
6705
691 720 5485 607 700 608 720
4125
7158 5431
4112 6722 1533
4112
6175 4126
1533 6431
4112
2956 4125
4126 5532 5952 5951 408
4112
2134
4125 4112
72
4112
5801
4112
3207 2944 6069
4074
4112
263 6969 5619 5625
4112
4126 4663 4218 4663 4218 5839 4663 4218 2631 4663 4126 4218
1077 1390
4126 4132
163
4125
171
4112 4112
6179 2944
454 455
6177 2944
4126 2944 6459
2967
4112
4136 4136
4125
2972
2834 1801 4144 5844
4074
2944
709 691 602
6938
4127
3510
2121 4126
2944 6549 2387 5339 6251 4112 6242
4126
2387 5952 2368 2317 2631
163 1538 1538 163 1538 163 1538 1538
3869
1693
6341 2586
4125
6855 3877 5623 5607
4672 6986 2368
163
4125
4126 4112 3379 3833 3829
4125
4126
2972
5839 5623
4056 163
2180
263 1776
4126 11
4126
4112 4074
263 2214 2643 263 1821 5960 5826 3882
4125
4129 6259 4075 2945
163 163
163 2972
5837 2966 3822 4126 2917
2754 5623 2797 3880 3882
4112 4112
2972
4144 6012 3659 3275
3297 2337
6150 1532
1738 1840 5148 3404 1718 3510 5857 5475 5595 3510 3404 1547 402 2797
3274 4144 3275 3273 4144 3275 3274
4074
4132
4126 4112
4126
4125 6179
3273 2583 3922 2368 2368 431 3423 870 2368 4631
163
4126
3274 6014 2317 263 5833 6308 5826 4289 5763 4144 3275 2317
4126 4112
1698 3278 2325
6877 6013 5929 1538
3881 3334 3274 4217
2944 4136 4136
6855 3877 5623 1703 2317
2628 2756
5808 2207
4112 2972
4128
4112 4112 4112 4112
4131
61
4125
163
1968
5940
4129 2965 2972
4125
202
2635 855
2944 4126 6185
4126
2972
4112
1801 1785 2333 6969 1801 2645
4126
2233 1796 5645 3545 3894 5643 3264
163
4126
2944 4136
1538 1538 163 1538 1538 163 1538 163 1538
2180 2956
2972
4112
4050
4112
163 1538 163 1538 163 1538 163 163 1538
4112
4112
163 1538 163
454
1538
163 1538 163 163
6971 6971 6969
4112
4074
6906
2972 4103
2797 2466 3509 263 1820 6969 6969 263 3637 3921 5490 2797 263 4261 6969 6969 263 4888 263 3876 2754 6969 5490 6969 263 263 6969 6247 263 1547 6969 2333 2797 2754 263 263 3437 3509 5490 2797 2754 3915 6969 3509 263 6969 5941
1538 163 1538 163 1538 163 1538 163 1538
4112
4695
4136
5464 5815 5969 2368 2754 4444
4074
4112 1538
4126
431 1388
408
4126
4125
1388 7104
4112
4126
4125 2180 4069
5845 2853 5978 6365 1704
955 3261
163 163 163 163
6982 2709
4112
1400 263 1378 1399 870 1120 263 2440
2972
2807
2817 3875 5829
163
6471 1795 2317 5431 2777 3881
2932
4074
4112
6666 4242 6069 4449 1533 3994
1538 163
4135 4130
4899 2236 2362 2246
4074
2944 6045
2956 2943
1846 4074
2645 1758 4434
4126
6013 4438
4126 4112
2634
163 4127
4125 163
3300 2381 4132 5464 2848
4126
163
163
4112 1538
4074
6071 4074 2944 4112
2972
163 163 163 163 163 163
3510 3923
4112
2972
1738 1737 454
4136
1538 4112
4125
1846 4112
4126
4112
4132 4112 3906 3949 2631 2458
5925
4125
4136 2180 2972
4136
1538
4125 4112
1738 456 610 3994
344
2325 2853 3545 3878 6397
1144 264 1381 1150
163 1538 1538
57
1538 1538 1538 1538
3888 1757 5941
5138 4977
163
4136 6449
3341 6666 2727 5740 6970 5827 3923
4126 4112
4125
4112
4126 4112
2952
211 285
4112 4112
1820
5625 4112
5827 2839 2369 5475 2633
4112
2972
2852
4112 3408
2948
4112
4125
163 163
4125
4074 221 221
2944 6184 1538
4137
4132
4125 6178
163
4125
4126
2972 4074
4125
4875 4770
4112 3156 4112
163
4074
4126
4112 4112
1538 1538
4125 4074
1538
4129
1399 1077 1099 1028 3509
163 163
163 2729 2387 4439 5941 163 3972 3137 2387 163 263 3963 6383 3510 6383 263 3261 2387
163 163
2944 4074
1538 1538
4074 4074
258 4131
4136
4126 2972
4127
6336 1718
163 1538 1538 163 1538
2362 5975 1547 3932 4908
5817 6971 6855 3273 3299 2585 4384 1757 6971 2775 1577 3259
4112
4074
4112 5521 5522
4074
6986
4125
2387 3274 1531
4125
4112
5827 163 6703 6701
6972 2776 3878 163
4126
