100170
100882
101024
101583
103011
103101
106845
107981
109640
110119
111299
113658
114078
115350
116964
117305
117783
122470
124370
126268
126650
128096
129652
129710
129832
129865
130992
131971
133014
134419
136453
138252
138455
138854
140050
140423
141200
141674
144223
145039
145163
146149
146446
147495
147663
147670
147765
147948
149358
149637
150303
150961
151025
151864
152198
154553
156003
157573
159875
160985
165756
168949
170455
171423
172457
172822
173068
173576
174204
174419
175405
175614
175925
177158
177989
178316
179210
179354
183146
183542
184407
184748
191656
191699
192030
193219
196252
198773
198804
198869
199824
200059
200859
201704
205463
207999
209038
210401
210834
214711
215571
216255
218711
220140
221606
222969
223124
223769
225099
227293
227391
227535
228275
228673
229543
232528
234370
235111
235302
236652
238407
242142
243929
244406
246405
247159
248818
251775
252768
253333
257755
258649
262985
263990
264105
265472
271745
273632
274519
274814
275145
275644
276616
279304
282175
282723
282961
284336
285933
286472
288519
288540
288780
289744
290854
293261
293509
294538
296054
296939
296978
299262
299586
303423
304419
304766
305200
305396
308866
309113
309534
310284
310663
312106
313330
313574
314302
315486
316085
317226
318776
326027
327585
327617
328897
332160
332928
333727
334030
335616
337059
337232
338862
339517
339726
340494
342294
342335
344769
346096
347928
348211
349205
349644
350405
352441
352503
354157
354491
355952
357076
357492
359458
360625
362574
362946
365229
366154
367316
367772
371195
372139
374935
376091
376752
377348
378687
378874
379116
382160
383544
384413
384798
385785
387117
391490
391523
391838
393298
394153
395357
397005
400827
402039
403724
406497
408037
408070
411041
413440
413942
414485
415543
415922
416265
418178
418716
419573
419686
420925
421479
421850
422630
424917
424956
425791
425952
426042
428499
429671
430600
431083
431711
431759
432141
432320
433359
433360
436155
436183
436582
437983
438369
439351
440651
442110
445530
446067
446165
447519
447692
448379
450466
450559
450717
452539
454160
454311
457515
459236
459955
460200
460605
460608
461439
461473
463012
463380
466365
467509
469725
469824
471661
472335
472908
474358
474463
477100
479489
480079
480106
480219
480255
481567
483240
484877
485039
486282
486607
488013
488325
488841
491988
492905
494428
494628
495306
495371
496318
496955
498041
498176
499344
499484
499990
500773
501761
501897
502710
508247
508777
510562
511293
512305
512605
512805
513064
513229
513933
514340
514356
514403
517911
520405
522704
525242
527643
529492
529696
531793
533985
534448
535942
535960
536284
536854
537265
537653
538304
541473
541925
542549
542984
544278
545082
547831
548976
551992
552096
552657
553154
555180
555241
555991
557637
559206
562680
563875
564607
565392
565400
565621
565670
566343
566428
567520
569180
572283
575595
576610
577012
577391
577640
578543
580062
580138
580438
581043
581071
582695
583140
583822
584282
584297
585525
585804
585878
586050
586140
586731
587960
589753
589971
591159
592102
592368
594113
595004
595775
596702
597089
597230
598314
600295
601724
602687
603359
604971
606550
606674
606928
607352
607577
608206
610037
610554
611887
612887
613217
613920
614747
614876
614928
615032
615241
616311
618413
618484
620725
621412
621421
621494
622284
622812
632628
643263
644870
645195
648155
669659
696179
698237
699965
700105
706051
716465
722170
725667
725689
731766
733487
741756
747162
747425
748791
754929
758732
759058
759352
760981
761780
765420
772088
773647
778926
792139
794666
795350
796188
797879
802012
817236
819940
820317
823716
836812
837578
843700
849340
852232
863491
863933
866441
867476
867749
868054
868428
872216
872921
872971
875744
876747
880786
881629
885967
889372
889796
890122
890549
894223
895808
898275
899017
900126
901126
901922
902131
904487
904610
906246
907543
910954
917073
921295
921834
925293
926689
930557
932046
933462
934335
935817
935849
938814
939133
939722
941921
942786
943905
944595
948082
948343
953894
956265
956580
958288
958691
960269
960774
963009
964541
968286
