157422
187507
199410
232528
235939
284255
313330
314302
324156
326027
334123
346858
353471
358016
373189
376091
377865
385744
388509
407466
419686
429671
454311
501897
521874
522527
526417
537238
537653
542485
558423
567149
567200
567520
578537
580438
585469
589957
596504
597316
599293
599341
604710
608531
613501
616647
618074
618413
622713
624419
626291
671001
683174
703456
713589
733594
734691
737643
740166
741582
746805
757060
783674
784863
868054
870197
870977
872971
881163
884390
893839
912703
914618
914959
916881
932046
935849
