100203
100497
100577
100615
100697
100977
101105
101188
101749
102120
102179
102309
102370
103182
103332
103371
103656
103662
103799
103904
104047
104120
104142
104293
104518
104626
104898
105672
105769
106150
106317
106410
106717
106748
107174
107250
107463
107591
107936
108029
108057
108168
108203
108301
108521
108526
108847
109051
109220
109363
109498
109551
109572
109767
109910
109954
110245
110297
110455
110457
110633
110691
111302
111303
111432
111738
111880
111890
112013
112051
112161
112511
112979
113036
113181
113270
113324
113425
113725
113730
113838
114176
114216
114449
114719
114932
114989
115022
115526
116517
116969
117249
117902
118229
118355
118478
118554
118560
118606
118675
119902
120086
120248
120259
120981
120992
121029
121076
121107
121128
121147
121192
121440
121590
121672
121730
121780
122110
122130
122584
122900
122918
123314
123358
123593
123618
123777
123949
124073
124397
124464
124940
124990
125579
125615
125798
125918
126277
126482
126551
126875
126962
127136
127145
127224
127376
127739
127760
127802
128197
128213
128265
128523
129001
129166
129318
129342
129390
129401
129415
129748
130044
130532
130799
130820
131005
131014
131348
131368
131402
131514
131554
131823
132014
132437
133113
133456
133707
133892
133897
134084
134163
134473
134631
135400
136832
137296
137677
137982
138058
138134
138296
138325
138419
138794
139038
139649
140093
140121
140234
140439
140566
140591
140784
140919
141207
141231
141311
141887
142309
142372
142659
142694
143182
143204
143382
143415
143488
143826
143947
145478
145566
145747
146093
146263
146481
146559
147287
147333
147432
147513
148182
148277
148374
149020
149242
149419
149428
149886
149963
150043
150269
151015
151531
151702
151806
151893
152081
152148
152266
152370
152462
152621
152824
152897
153041
153168
153358
153534
153683
153850
153970
154300
154544
154589
154662
154931
154982
155211
155879
155907
156268
156641
156705
156950
157310
157497
157561
158388
158639
158802
159035
159082
159371
159567
159853
160513
160806
160962
161105
161197
161206
161674
161721
162167
162402
162567
163264
163332
163636
163875
163920
163931
164308
164901
165061
165324
165402
165568
165785
166218
166734
166799
167168
167298
167382
167476
167840
168144
168201
168799
169402
169447
169482
169561
170035
170158
170198
170729
170900
170918
171002
171090
171396
171480
171614
171664
171799
171803
172277
172560
172679
172953
172983
173033
173120
173210
173319
173338
173428
174296
174525
174735
174793
175183
175456
176040
176216
176424
176750
176879
176899
177168
177373
177483
177528
177933
178271
178285
178794
178829
179416
179792
179934
180086
180111
180171
180172
180374
180625
180652
180654
180952
181027
181495
181624
181639
181686
181964
183500
183939
184070
184389
184936
185265
185339
185625
185724
185899
186625
186654
186738
186815
186835
186974
187359
187830
187833
187947
188537
188558
188629
188754
188772
189419
189637
189915
190040
190168
190328
191307
191561
192139
192277
192445
192627
192763
193191
193227
193275
193285
193360
193388
193469
193548
193818
193922
193986
194077
194202
194411
194469
194691
194762
195197
195864
195953
196163
196232
196327
196392
196458
197064
197394
197750
197892
198443
198513
198623
198697
198805
199667
199673
199937
199984
200370
200405
200525
200564
200658
200796
200853
200887
201396
201448
201816
201887
202040
202045
202428
202473
202535
202595
202610
202856
203487
204029
204034
204037
204046
204060
204400
204431
204764
205683
205793
206040
206077
206673
206779
206910
207287
207645
208423
208744
209886
209920
210409
210484
211044
211149
211581
211657
211672
211736
211854
211893
212415
212581
212675
212771
213211
213412
213461
213511
214066
214332
214908
214946
215341
215614
215782
215849
216415
217076
217476
217726
217779
218106
218186
218262
218625
220023
220192
220306
220424
220763
220808
220933
221131
221739
221770
221900
222000
222403
222650
223053
223109
223363
223729
224098
224116
224365
224478
224522
224646
224901
225166
225562
225855
226007
226056
226924
226985
227132
227275
227696
228267
228477
228704
228856
229149
229252
229711
229974
230124
230410
230749
230856
230907
231687
231731
231807
231893
232183
232289
232805
233068
233072
233592
233959
234017
234220
235183
235232
235938
236154
236540
236608
236759
236773
237148
237181
237287
238581
238623
238833
238881
239186
239412
239422
239503
239730
239757
239835
240151
240326
240409
240562
240630
240683
241319
241327
241533
241640
241902
242000
242148
242206
242913
243592
243783
243973
244101
244198
245059
245076
245141
245144
245180
245775
246323
246558
247084
247624
247730
247754
247802
247969
248633
249024
249173
249382
249668
249934
250022
250116
250180
251036
251141
251428
251477
251719
251826
252210
252278
252444
252901
253363
253520
253597
253934
254094
254203
254276
254538
254623
254833
255262
255427
255494
255586
255658
256540
256648
256763
256900
256962
257026
257154
257494
257982
258020
258366
258382
258413
258658
258896
259079
259381
259544
259627
259706
259866
259881
260244
260362
261063
261185
261215
261240
261367
261443
261458
261658
261852
262091
262444
263293
263913
264012
264132
264230
264417
264526
264679
264917
265158
265391
265739
266150
266265
266458
266531
267198
267200
267277
267304
267309
267343
267366
267584
267739
268141
268441
268686
269187
269413
269492
269708
269732
270204
270220
270306
270422
270517
270918
271035
271346
271349
271553
271640
271676
271862
271964
272075
272097
272123
272307
272341
272441
273010
273229
273658
273694
273864
274001
274124
274316
274467
274836
274892
274894
274953
275216
275398
275588
275937
275978
276069
276365
276369
276785
277677
277744
277799
277815
278140
278166
278323
278677
278763
278990
279256
279360
279798
280194
280850
280884
280909
280966
281206
281486
281890
281971
281988
282186
282188
282311
282462
282540
283194
283351
284341
284497
285038
285365
285517
285626
285995
286429
286729
287131
287308
287389
287468
287608
287610
287788
288466
288714
289643
289938
290165
290496
290616
290835
291218
291453
291944
292568
292710
292888
293120
293771
293965
294269
294323
294434
294568
294576
294959
294965
294969
295048
295265
295538
295823
296036
296038
296110
296181
296486
297045
297113
297431
297929
297997
298245
298424
298548
298678
298776
298971
299166
299417
299418
299540
299637
299971
301188
301402
301570
301967
302343
302379
302471
302965
303389
303422
303546
303696
303718
304012
304549
304580
305343
306257
306323
306583
306745
306917
307031
307055
307101
307299
307359
307407
307631
307966
308393
308821
309153
309563
309886
310155
310581
310761
311524
312256
312931
313674
313887
315247
315397
315695
315699
315727
316390
316895
318322
318551
318886
318991
319006
319196
322018
322288
322835
322977
323618
323804
324242
325241
325354
325765
325920
326124
326404
326897
327179
327215
327351
327686
328019
328086
329014
329988
331214
331273
331943
332133
333036
333268
333674
333899
333921
334185
335052
335097
335334
335643
336518
336831
337353
337469
337840
338003
338053
338507
338762
339524
339905
340209
340253
340670
340678
341101
341341
341894
342120
343202
343259
343449
343754
344630
344660
344702
344944
345108
345500
345616
345758
346333
346475
347067
347353
347715
347942
348380
348387
348948
348997
349140
349380
349408
350578
351230
351249
351253
351525
351763
351828
352244
352539
352928
353175
353994
354336
354659
354972
355520
355812
355848
355892
356498
357134
357762
357820
359175
360222
361047
361180
362274
362768
362989
363005
363270
363665
363692
364367
364407
364804
364809
365037
365101
365536
365989
366834
367552
368080
369285
369474
369549
369769
370111
370216
370411
370690
371348
371559
371575
371690
371866
372104
372225
372245
372272
372572
372628
373506
373648
373931
374229
374383
375083
375108
375197
375821
376046
376431
376847
377384
377790
378698
378736
379022
379173
379262
379359
379576
379896
380131
380150
380691
380828
380829
381310
381585
381774
383043
383172
383443
383585
384013
384135
384261
384801
385318
385319
385713
385858
387101
387660
387869
388202
389556
389628
390726
391928
392264
392562
392807
392833
393071
395532
395643
395817
396445
396674
398652
398681
398935
399468
399611
400374
400662
400749
401212
401439
401580
401971
402831
403184
403388
403492
403828
404047
406437
406989
407187
407441
407924
409352
410425
410571
411677
412127
412376
412591
413059
413891
414036
414069
414417
414852
415206
415279
415854
416080
416219
416657
416866
417969
418371
418747
418815
419307
419368
419470
419668
419944
420016
421070
421208
421796
422247
422261
422379
422405
422778
422901
423037
423706
425086
425455
426000
427086
427283
427961
428189
428202
428273
428816
429114
429537
429540
429627
430159
430420
430968
431316
431592
432553
432898
432924
433073
433579
434342
435521
435551
435869
436854
436895
437007
437011
437759
438454
439041
439252
439296
439384
439910
440725
441816
443006
443377
443524
444167
444295
444802
445430
445614
446418
447013
447504
448228
448285
449176
449488
450205
450212
450399
450519
451209
451487
452375
453036
453324
453671
454219
454494
454538
455312
455894
456470
457187
457688
457930
459035
459052
459070
459432
459723
460222
460626
460771
460815
461571
463457
464230
464243
464331
464519
464605
464868
464928
465004
465370
466147
466946
467113
467225
467878
467917
468396
468426
468467
468551
469639
469829
469830
470065
470636
470752
470762
471775
472122
472209
472393
472602
472947
474027
474879
475253
475440
475454
476100
476951
477056
477785
478530
479127
479246
479256
479396
479461
480369
480373
480746
481094
481872
482512
482919
484073
484457
484910
485168
487374
488754
488785
488931
489055
489263
490024
490090
490260
490277
490823
491014
492851
493156
493274
493696
494174
494566
494954
495194
495387
497232
497771
497772
498334
500915
502111
503073
503538
504769
505144
505184
505358
505482
505602
506445
507805
508075
508093
508797
509964
511024
511129
511464
512483
513268
513322
514067
514207
514478
515329
516578
516709
516884
517323
518130
518210
518305
518871
518902
519059
519887
520056
520531
520708
521161
521470
521769
521885
523013
523356
523766
523916
524408
524485
524786
525118
525202
525249
526400
526941
526985
527983
528757
529386
530981
531053
531393
531843
532233
532905
534063
534226
534579
534673
534690
534767
535047
535916
535929
536074
536339
536398
536615
537370
538133
538951
538955
539617
539695
540091
540247
540476
540994
541273
541417
541453
541665
542068
542226
542277
542971
543243
543699
543895
544927
545337
545518
545540
546453
547386
547651
548624
549005
549392
550070
550155
550799
550953
551228
551395
552715
552972
553754
554426
554567
555151
555432
555528
555806
555845
557871
557999
558112
558328
558940
559000
559225
559445
559473
559542
559620
560845
561615
561726
561973
562319
562398
563375
563834
563868
566430
567637
567712
567787
568132
568331
568859
569279
569508
569528
569623
570365
570490
571913
572676
572850
574109
574821
574979
575459
575523
576233
576271
576731
577113
577229
577451
578038
578051
579124
580458
580580
580829
582375
583351
584447
585071
585456
586116
588437
588699
589209
589811
594114
594619
594666
594803
595248
598063
599245
599727
600505
600607
601306
602583
604098
604433
604581
604772
605319
605523
606281
606283
606450
606632
606834
607333
608366
610365
611237
611537
612528
613049
613132
613209
614776
614909
616134
616864
616924
618240
618347
619649
619880
620225
621378
621843
622174
622271
622876
623335
623497
623541
623950
624179
625648
626161
627182
627641
628778
634282
639332
641858
644578
648798
649774
651048
651436
652000
653959
655983
656209
657021
657123
657959
661666
661827
662123
663763
664508
664517
665336
667317
670612
670760
671210
675318
675734
677551
681522
685231
685988
686704
686964
687943
692179
695135
696497
698572
714700
714708
714833
715147
715202
715263
715341
717621
720797
720850
721265
721420
722124
722141
723962
724230
724761
727526
727800
728393
729027
729550
729786
730072
730291
730652
730825
733146
733514
733908
737348
738852
739714
740276
742430
742918
743700
744146
744897
745890
746247
747609
747927
748569
751146
752568
752912
754705
754792
757291
759628
763292
765564
766995
768034
768959
770844
773466
774184
774498
774609
774815
776745
777614
778660
780862
782402
785728
787610
787614
789767
789996
791201
792749
793764
794978
796107
798831
802143
804634
804991
805362
807708
809946
814206
815181
821001
822437
825224
842240
842941
847660
859456
864050
864160
864748
864810
865945
866133
867283
867553
868375
868882
870242
871665
872133
872217
872674
875193
875200
875487
876118
876768
879086
879343
879701
880795
882284
882864
883046
883193
884716
885571
886368
887474
889496
891331
895461
896272
897071
905721
906775
908778
912487
913577
913899
915181
916838
918260
920341
926491
929968
