100209
100351
100977
101105
101165
101185
101392
101532
101656
101749
102484
102647
103218
103371
103814
103881
104231
104493
104518
104626
104713
105649
106232
106591
106982
107305
107936
108067
108455
108938
109363
109498
109538
109615
109665
109828
109910
110068
110753
110899
111432
111665
111890
111939
112006
112019
112041
112161
112387
112455
112511
113036
113123
113725
114170
114202
114666
114932
114989
115809
115880
116116
117249
117259
117805
118067
118229
118234
118478
119278
119803
120004
120171
120228
120248
120461
120628
120681
120768
121128
121147
121222
121437
121672
121730
122221
122436
122503
123035
123158
123618
123777
123801
124326
124464
124507
124681
124738
124784
124913
124950
125579
125615
125911
125918
126059
126231
126875
126962
127760
127790
128197
128265
128568
129342
129525
130019
130030
130181
130300
130464
130532
130640
130760
130769
131014
131368
131445
131494
131554
131879
132260
132351
132640
132674
132936
133022
133892
133989
134631
135624
136110
137379
137677
137685
137810
138305
138325
138395
139038
139363
139963
140183
140439
140555
141181
141636
142372
142373
142418
142659
142770
143182
143322
143725
144811
144834
144961
145215
145467
145875
146201
146314
146540
146600
147052
147287
147896
148374
149020
149025
149318
149806
149993
150176
150585
151252
151260
151893
152266
152339
152370
152459
152735
152806
152824
152992
153009
153358
153582
153963
154300
154536
154544
155695
155855
156096
156121
156365
156366
156680
157047
157663
158085
158554
158939
158982
159082
159143
160705
160952
161105
161742
161861
161912
161915
162167
162567
163124
163869
163878
163890
163934
163968
163984
164382
164738
164753
165023
165169
165402
166218
166316
166469
166603
166799
167298
167823
168332
168799
169242
169564
170158
170729
170884
171090
171664
171799
172147
172406
172679
173181
173319
173528
173791
174425
174525
174568
175456
175869
176187
176216
176262
176264
176750
176862
177373
177806
178271
178751
179683
179724
179750
180086
180230
180592
180990
181027
181085
181548
181751
181935
182028
182297
182535
182855
183398
183470
184045
184070
184277
184326
184389
184558
184791
184838
184841
185610
185724
186625
187314
187833
187947
188309
188482
188537
188725
189194
189419
189637
189807
189855
190403
190512
190795
190868
191307
191561
191747
192277
192647
193056
193275
193922
193943
194430
194842
195024
195078
195105
195197
195211
195864
197039
197210
197571
197625
197752
198355
198410
198623
198697
199673
199769
199937
200047
200082
200173
200370
200423
201152
201253
201575
202019
202023
202124
202227
202282
202371
202754
202996
203487
203538
203541
203898
204037
204181
204208
204400
204423
204431
204764
204947
205258
205654
205793
206106
206111
206155
207035
207287
207645
208629
208744
209659
209677
209796
209988
210355
210526
211149
211749
212139
212581
213179
213205
213730
214066
214177
214517
214775
215341
215374
215614
215835
215849
216241
217276
217726
218143
218262
219911
219951
220023
220306
220808
220933
221900
221964
222634
222650
223493
223831
224069
224478
224522
225012
225819
226621
226871
227132
227151
227626
227691
227723
228704
229146
229711
229782
230282
231094
232785
233174
234176
235232
235467
236154
237015
237181
237191
237742
238173
238881
239224
239503
239835
239844
240151
240321
240471
240683
240766
240804
241230
241433
241512
241604
242171
242618
242913
242928
243089
243592
244198
244659
245059
245072
246424
246530
246715
247514
247624
247730
247735
247851
248106
248473
248504
249024
249449
250022
250397
250481
250929
250963
251002
251397
251477
251568
251654
251957
252366
253255
253731
253734
253749
254485
254661
254986
255198
256174
256229
256735
256742
256962
257552
257663
257974
257994
257995
258020
258065
258366
258523
258581
259329
261061
261063
261223
261240
261360
261384
261715
262231
262270
262284
262427
262604
262806
263190
263713
263724
263913
264004
264507
264526
264679
264688
264917
265374
266150
266265
266453
266488
266648
266879
266917
267277
267463
267915
268342
268918
269015
269187
269326
269455
269732
269991
270220
270341
270415
270517
271233
271349
271364
271415
271640
271779
271812
271865
272075
272307
272393
272651
272748
273342
273537
273864
274377
274892
274894
274953
275134
275684
275835
275864
275914
276275
276334
276720
277675
277922
278593
278990
279693
279941
280194
280400
280693
280802
280855
281256
281486
281890
281988
282068
282177
282188
282393
282802
283027
283194
283502
285950
285995
286321
286584
286637
286903
287131
287374
287608
287831
287867
288053
288366
288466
288570
288714
288828
288913
289104
289220
289664
289747
290405
290616
290818
291218
291564
291806
291986
292347
292878
292885
292888
293120
293771
293992
294156
294269
294412
294965
294969
295086
295630
295802
296162
296170
296174
296181
296486
296540
297812
297929
297988
298245
298450
298548
298742
299373
299386
300145
300175
300649
301402
301512
302709
303403
303422
303437
303546
303696
303778
304012
304391
304780
304860
305001
305006
305264
305370
305507
305678
305717
306030
306042
306257
306452
306607
307536
307548
307874
308169
308467
308936
309021
309445
309563
309792
309795
309947
310155
311282
311778
311783
312117
312256
312801
313130
313387
313509
313537
313776
313942
314138
314234
314647
314666
314702
315247
315310
315575
315579
315996
316593
316678
317456
317565
317710
317905
318265
318300
318322
318886
318920
319334
319625
319895
320242
320316
321145
321672
321909
322018
322061
322395
322520
322776
322835
322922
322989
323183
323778
323804
324104
324205
324985
325354
325450
325831
326404
326852
326897
327034
327122
327358
327610
328019
328037
328049
328086
328376
328876
329014
329057
329339
329675
329769
330072
330083
330279
330312
331420
331551
332665
332850
333067
333183
333577
333665
333674
333899
333924
335282
335788
336005
336312
336514
336968
337592
337752
337931
338200
338437
338507
338584
338762
338991
339159
339428
339445
339524
339885
340253
341253
341341
341697
341716
341866
342546
342688
342837
343202
343312
343449
343754
344630
344832
345131
345181
345616
345803
346106
346333
346406
346950
347220
347476
347568
347715
347752
348086
348100
348215
348281
348380
348809
348948
348997
349015
349256
349622
349714
350143
350593
350768
350842
350965
351455
351612
351613
351763
351930
352255
352527
352539
352960
353175
353337
353385
353724
353744
353820
354088
354659
355402
355676
355809
355838
356945
357330
357731
357820
358021
358249
358331
358497
358664
359007
359175
359746
359909
360383
360867
360868
361023
361281
361292
361488
361735
361859
362516
362768
363046
363270
363733
363884
364367
364381
364948
364976
365101
365174
365510
365900
366096
366502
366682
366986
368080
368544
368624
369206
369285
369391
369474
369476
369654
369785
370127
370216
370455
371498
371519
371575
372638
372690
372811
373006
373628
373743
373747
374383
374468
375104
375108
375519
376043
376847
376854
377384
377414
378542
379022
379133
379139
379365
379721
379890
379896
380131
380150
380333
380551
380689
381138
381310
381377
381585
381774
381808
382117
382334
382915
383035
383075
383172
383294
383464
383508
383680
383912
383964
384122
384135
384939
385144
385260
385264
385319
385819
385858
386890
387101
387459
387532
387660
388275
388329
388739
388847
389100
389385
390756
390857
390982
391425
392706
392932
393559
393745
393967
393980
393981
394138
394530
395250
395964
396036
396089
396493
396659
396674
396894
397384
398652
399087
399587
399944
400212
400395
400788
400916
401053
401082
401190
401212
401971
402047
402886
403445
403882
404019
404347
404535
405901
405975
406484
406989
407030
407134
407872
407955
407966
408044
408197
408799
408811
409254
409431
410242
410330
410425
411304
411510
411677
411679
411724
412056
412311
412376
412387
413192
413231
414112
414465
415088
415605
415969
416080
416537
416595
416623
416729
416959
417071
417954
418229
418371
419033
419058
419062
419307
419469
419470
419594
419656
420269
420751
420839
420841
420842
420848
421137
421408
422053
422497
422871
422933
423302
423322
423347
423653
423778
424597
425149
425954
426731
427096
427250
427408
428125
428202
428270
428547
428651
428709
428793
429225
429748
430018
430029
430135
430237
430278
430553
430713
430778
431838
432305
432898
432941
432995
433003
433073
433174
433622
434234
434711
434798
435091
435688
435733
436895
436960
437007
437193
437259
437808
438114
438646
439081
439115
439261
439310
439383
440725
441047
441482
441803
442764
444802
445147
445207
445370
445381
445614
446002
446308
446438
446533
447143
447576
447717
448228
448585
448590
449743
449870
450043
450519
450524
451363
451487
451545
451669
451717
451897
451909
452182
452308
452320
452470
452545
453193
453200
453834
453918
454083
454161
454219
454299
454400
455085
455409
455894
456040
456219
456884
457077
457107
457287
457865
457930
458098
458241
458382
458549
458615
458651
458921
459070
459345
459432
459715
459771
460099
460228
460711
460815
460884
461581
461611
461991
462259
462829
463108
463222
463245
463507
463550
463711
463959
464208
464331
464835
464927
465110
465260
465308
465309
465370
466214
467032
468467
468745
468791
469049
469360
469444
470042
470636
470667
470752
470866
471412
471529
471775
471956
472871
473266
473626
473727
474045
474073
474401
475419
475454
475789
475865
476199
476436
476509
476646
476652
476702
477520
477610
477616
477648
477677
477779
477879
477918
478210
478530
478604
478931
479114
479256
479474
480046
480133
480136
480524
481094
481388
481424
482313
482649
482729
482827
482999
483143
483211
483402
483533
483545
483688
483791
484328
484493
484507
484590
484879
485052
485421
485655
485938
486310
487076
487355
488638
489055
489057
489886
490090
490114
490190
490737
491179
491803
492002
492028
492152
493156
493366
493464
494017
495018
495047
495387
495481
495578
496148
496253
496523
496685
496738
496929
497740
497772
498326
498334
498355
499147
499303
499471
499734
500694
502006
502013
502348
502923
502974
503126
503202
504300
504538
504984
505434
505468
505613
505693
506206
506588
506984
507102
507197
507721
507835
507911
507976
508067
508101
508618
509007
509138
509547
509577
509809
509918
510062
510065
510144
510350
510450
510597
510627
510658
510669
510699
510745
510973
511109
511129
511341
512310
513268
514478
514683
515009
515602
516389
516496
516505
516890
517175
517323
517461
517916
518130
518181
518488
518759
518957
519068
519080
519261
519320
519885
519887
519997
520071
520424
520531
520693
520893
521161
521325
521355
521461
521724
521837
521885
521974
522740
523242
523273
523517
523586
523723
523818
523915
524222
524235
524542
524613
525202
525249
525481
525815
525889
526049
526399
526542
526642
526964
526976
527590
527838
528008
528165
528271
528716
528757
529296
529602
529805
530131
530139
530970
531319
531634
531831
531947
532669
532893
533301
534295
534619
535413
535494
535838
535916
536074
536398
536911
537105
537145
537370
537810
538951
538955
539695
539741
539813
540247
541162
541417
542487
542513
542534
542697
542971
543214
543243
543323
543563
544028
544077
544222
544364
544950
545059
545590
545598
545605
545944
547021
547031
547712
548581
548624
548927
549049
549263
549788
549858
550268
550293
550387
550646
550799
550953
551013
551420
551446
551892
552061
552282
552498
552521
552555
552703
552756
552866
552896
554157
555224
555704
555714
555806
555942
557270
557428
557537
557871
558639
558926
558934
559042
559419
560291
560369
561007
561064
561252
562031
562138
562434
562698
562907
563386
563531
563579
563600
563641
563868
564065
564106
564256
564430
565168
565223
565366
566430
566577
567220
567321
567638
567649
568070
568331
568735
568774
568859
569032
569912
570069
570365
570490
571624
571913
572636
572842
573521
573766
573863
574136
574409
574456
574634
575287
575459
575557
575826
575877
576233
576380
576692
576694
576954
576975
576981
577134
577476
578455
579001
579124
579132
579353
579539
579893
580256
580384
581633
582178
582770
583156
583460
583691
583711
583814
583933
584633
585321
585369
586977
587069
587730
587778
588437
588699
588730
589776
590352
591423
591465
591620
591687
591704
591870
591897
592006
592027
592510
592647
594063
594105
594239
594535
595037
595172
595341
595417
595487
595841
595924
596199
596209
596222
596228
596440
596695
597071
597177
597314
597464
598391
598679
599061
599235
600064
600263
600365
600388
600624
601588
601745
601900
602293
602580
602583
602814
603395
604098
604451
604581
604772
604947
605261
605319
605523
605700
606187
606385
606446
606450
607089
607267
607784
608653
608961
609104
609205
609542
609883
609958
610249
610511
611332
611926
612288
612824
614231
614909
615217
616105
616142
616189
616635
616689
617036
617088
617567
617647
618180
618311
618342
618383
618458
618550
619116
619437
619622
619694
620000
620005
620236
620668
621048
621499
621742
622013
622027
622143
622174
622269
623440
623497
624470
624519
624871
624990
625648
626070
626162
626343
626395
627641
635534
635753
640694
641614
648052
649026
649774
650468
657021
657916
659809
660994
662972
663289
663848
664576
665395
668724
668785
669327
671210
673602
673938
674245
675569
676270
676950
678120
679163
679482
681522
687362
690858
691554
692584
692982
694298
695988
697054
697708
697903
698321
699477
703277
704237
705142
705461
706270
708299
709185
710088
711978
714679
715147
715453
716095
717186
717565
718967
719763
720385
721265
721553
723322
723544
724205
724769
725406
725748
726371
727418
727526
733176
733181
733800
734723
735115
735292
735711
736620
737441
738892
739109
739860
740042
740142
740276
741223
741347
742338
742396
742980
743028
744146
744741
745567
746597
746656
747609
748989
751146
751640
752568
752734
752912
752960
753087
753583
753723
754685
755002
755245
756856
757332
757685
758123
758154
758395
758594
759114
759265
759495
761107
761277
761691
762683
763495
764051
764868
765382
765409
765800
765948
767344
767640
767958
769023
769152
769443
769479
769936
770844
771621
772615
772616
772750
772834
774320
775133
776554
777179
777287
777319
777523
777955
777984
778698
778747
779242
779524
779847
780125
780709
781591
783541
783906
784065
787610
788133
788999
789531
790704
793968
794248
794525
794611
795122
796107
797398
798464
798749
798831
798943
799344
801775
802009
802942
804092
804528
805164
806452
806597
806848
810001
811983
814206
814748
815145
815181
815334
815594
816597
817581
817959
818643
819373
819522
819684
820725
821073
821526
822265
824022
827072
827281
827344
827637
828400
828612
828654
830569
831241
832102
832235
833153
833231
835707
836721
836821
837799
837831
838190
839184
839435
840247
841816
842170
842314
842941
843188
844055
844535
846545
847675
848418
849181
849812
850013
852509
855528
863319
863707
864036
864160
864313
864345
864554
865525
866128
866133
866385
866640
866785
867332
867427
867719
868156
868375
868506
868830
869075
869921
870293
870316
870976
871314
871654
871822
872009
872524
873625
874064
874128
874855
875487
876791
877676
878063
878696
878894
879475
879507
879726
880018
880608
880795
880923
881409
881754
883307
883667
883748
884839
885940
886408
887504
887702
888784
889033
889405
889564
889739
889768
889918
890276
890351
891055
891167
891829
892510
892554
892868
893132
895595
895618
896048
896292
896485
897079
897112
897154
898398
898580
898632
898843
898956
899061
899080
899326
899638
899725
899733
899788
899949
900296
900576
901326
901845
902575
902696
902993
903406
903655
904652
904967
904975
905016
905119
905482
905530
906775
908340
908504
908694
909107
909180
909799
910134
910448
910832
911227
911305
911475
911665
913577
913899
914112
914379
914486
915181
916868
917482
918439
918603
919331
919379
919458
920725
922589
923784
923888
924214
926125
926494
926647
927319
927343
927425
928931
931963
932158
932380
932591
932964
933342
933448
934545
934626
936690
937893
938188
938271
939185
940763
941678
943264
944976
946107
948719
949127
950274
950589
950781
951119
951952
952101
952756
952954
953733
954028
954512
955102
955120
955263
955432
955533
956341
956380
956935
957469
957568
957813
957946
958765
959390
959410
961422
962012
962022
962846
963067
963615
964137
964377
964485
964762
964774
965265
965727
965751
965857
966062
966445
966509
967056
967703
967786
967849
968428
968496
968664
970438
970450
971440
971473
971686
971904
971992
972883
972937
973080
973274
974417
975187
975522
975853
976061
976825
977640
978552
978950
981233
981357
981820
982273
982862
983244
983577
983578
983870
984430
984547
984812
985144
985407
985590
985871
986125
986410
986708
986779
986878
987770
988692
989025
989353
989745
989826
990518
990538
991221
991528
992699
992717
993442
993844
994211
994504
995066
995229
995513
995860
995957
996278
996421
996448
997051
997655
997916
998363
998545
999010
999728
1000560
1001029
1002898
1002917
1003082
1003133
1003246
1003424
1004253
1005776
1006101
1006496
1006552
1007022
1007975
1008370
1008376
1010173
1010612
1011157
1011662
1014033
1014095
1014685
1014944
1017191
1018638
