100170
100403
100715
100882
101583
103101
104144
107150
107981
109640
113350
113658
121601
122732
122953
125170
126650
129449
131971
133014
135661
136453
138455
138854
140050
140423
142696
144691
145039
145163
146446
147495
147663
147839
148673
148960
148974
149637
150961
151025
151864
151984
152198
156374
157573
160985
161452
162147
162971
164261
165455
165756
167694
168949
171423
172457
172822
175030
175614
175925
176337
176756
177158
179354
183542
184407
186567
192030
193219
198773
198804
199824
200059
200859
204532
205440
209038
210401
211249
214711
216255
217149
217456
218551
220140
221606
222969
223769
224394
225099
227535
233705
235111
236652
242142
243929
246405
246504
247159
248818
251775
253333
253604
257755
258785
261750
262502
262985
263990
265031
268687
271745
272184
273632
274519
275644
276616
276660
279304
279976
280075
282175
284336
285254
285334
290288
293261
293509
293878
294438
294538
296054
296939
297315
299586
303182
303423
304766
308641
308866
309113
310284
314677
315486
319732
321127
321730
323823
324435
327585
327617
329954
332928
334030
334092
334595
335322
336295
338862
340494
340868
341225
342294
342335
343860
346096
347928
348211
348663
349644
350221
350295
350405
351599
352441
354157
355550
355952
357492
359458
361776
363750
364871
366154
366546
368413
371146
371195
378687
382160
384337
389056
389914
391490
391523
391838
392403
395217
397005
401319
405499
406488
408037
408070
410845
412077
413440
414915
415543
416265
416522
418127
418357
421479
421850
422630
423123
424917
427051
429282
430423
430784
431083
431138
436582
438350
438369
439351
444007
444381
447519
447692
448223
448379
450717
454160
455558
456731
457515
457637
462236
462764
467509
469008
472335
477100
477469
481113
483232
484877
485039
486282
489198
491979
492034
493195
495380
495577
496955
497189
502710
506197
511293
512305
512746
513064
514643
516054
517642
517911
522704
525242
525441
527643
531793
535224
535942
536284
537265
541950
542549
544269
545082
547831
548446
552657
555180
557637
563875
564054
564607
565400
565840
566343
566428
567863
569180
571931
572283
577012
585525
590272
592102
592916
594113
596702
597089
597907
598465
599240
600295
603349
604971
610554
611887
612887
613920
614747
614876
615790
616311
618484
620568
620725
621494
624442
643263
644870
659309
675152
722170
725667
731766
733487
733528
747425
765773
773468
778926
787888
795195
796188
802012
818420
819940
820317
831250
832604
835247
836812
863491
868428
872921
876397
885967
895808
907543
909626
923966
925293
925898
927649
936719
936762
943905
949672
951266
953867
953894
956182
957655
968286
977087
