101024
103316
106541
106845
114078
118151
132562
132873
134419
134811
135234
137637
138025
138252
139931
141200
141674
144223
145132
145933
147550
147670
149358
150303
153146
154165
156003
157480
157618
159875
162269
162721
165303
168797
170455
173576
176093
177989
178316
179079
179210
183146
183627
184392
187748
188096
190264
191656
192657
192725
196252
201704
207265
207999
212340
223100
225832
227713
230354
232716
234709
235302
238099
238407
250156
252539
255383
266964
274391
274418
274814
275145
275365
279261
282961
284434
284704
285933
288540
295911
296978
300450
303660
305396
309149
309554
309589
310821
311535
312106
313574
314494
315786
319952
320828
321563
324153
325217
326157
329029
329146
333727
335616
339016
339517
339771
340892
342928
347996
349385
351794
356107
357905
358261
362574
365229
367316
367518
367858
368346
369132
369359
371844
373276
376752
377190
379116
379504
383197
383544
385046
386377
388367
388751
389862
392166
392865
393413
393960
395449
397173
397403
398255
398334
398608
399636
400827
404674
405080
406394
406497
409482
409619
411041
411179
411622
411697
411990
413942
414485
415771
415846
415922
416926
417703
419573
420381
422146
423513
424196
425791
426042
428499
429948
430340
430600
431711
431759
432460
432893
433359
433360
435438
436180
440651
441458
442134
447834
449764
449959
450466
454691
456024
456271
458925
460069
460441
460608
461473
464446
465179
465434
465569
467487
467570
468001
468051
468525
469824
471148
472067
473425
473484
473543
474158
474463
479010
480106
480255
481567
481681
484511
485986
486113
486586
486607
487158
491581
494986
495718
496318
496885
498041
499344
499395
499990
500773
503181
508684
509781
511908
512745
512805
513037
514312
514356
517522
519415
519431
522150
523772
524800
526847
528109
529696
531155
531887
532366
533987
534383
535960
536854
538050
538455
539221
540379
545570
545785
550556
551714
552096
554967
555241
555991
558074
558155
558271
559206
559761
563152
564353
564534
565670
565979
566436
567300
570838
572715
573524
576610
577207
577391
577640
578813
581043
581768
583577
585265
585615
585855
586140
589169
590436
592368
592801
595074
596761
598314
599353
602294
603195
603359
603710
605893
605982
606928
607140
607352
607544
607577
608795
610037
613217
613840
616601
617626
619611
620536
623517
632628
638941
669659
672915
684803
691495
700038
704572
705311
706051
718364
721738
725689
730692
733615
741756
748376
752805
753505
754771
754929
756427
757193
758732
766154
767398
772088
772404
773804
774114
774914
779227
787346
823716
824284
824734
825962
830249
830896
832733
834995
849080
849340
866455
869786
871644
872216
880747
881068
882245
882421
884298
885851
886808
889372
893725
893939
897318
921280
925116
927136
933793
937404
937734
938814
940103
941775
942179
943536
956642
956686
956992
962845
966883
968362
968904
969767
974308
976826
980856
1010656
1015262
1015386
1023424
1025140
