100203
100615
100842
100977
101105
101749
102647
102939
103662
103799
103904
103968
104142
104293
104518
105649
105769
106150
106410
106717
107174
107250
107463
107874
107966
108301
109767
109910
110245
110487
111287
111383
111543
111738
111890
111896
112041
112051
112161
112883
113036
113270
113297
113324
113425
113566
113700
114176
114449
114719
114730
114750
116442
117912
118478
118554
119057
120248
120461
120965
121128
121147
121672
121730
121780
122584
123314
123358
123618
123801
123949
124073
124116
124397
124474
124681
124913
124990
125045
125407
125579
125615
125798
125902
126482
126551
126962
127376
128265
128523
128859
129390
129748
130532
131014
131402
132966
133022
134473
134631
134880
135030
136593
137464
137504
137677
137806
137982
138325
138395
138419
138794
139038
140052
140319
140591
140784
141207
141231
141664
142373
143488
143947
145219
145230
145875
145974
146201
146263
146481
147333
147896
148182
148277
149020
149249
151531
152370
152806
152824
152992
153168
153358
153534
153604
154662
156590
156634
156950
157047
157180
157310
158388
158802
159082
159853
160378
160433
160962
161105
161721
162167
163878
164308
165109
165377
165568
165785
166316
166603
166939
167077
167840
168144
168332
169402
169447
169695
170102
170198
170729
170744
171620
172406
172560
173428
173968
174525
174735
175616
175958
176187
176424
176549
176750
176862
177373
177528
177783
177933
178217
178794
179934
180086
180172
180415
180493
180654
181624
182028
183140
183182
183978
184841
185625
185724
186625
186738
187465
187833
188482
188754
189043
189535
189915
191307
191561
192627
192639
192911
193388
193677
193871
194240
194762
195105
195200
195858
195864
195953
197038
197394
197718
198513
198525
198623
198920
199022
199285
199673
199937
199966
199984
200564
200853
201229
201253
202473
204029
204046
204060
204208
204764
205363
205793
205866
206077
206078
206673
207287
208332
208744
209033
209988
210355
211149
211581
211672
212363
212415
213211
213461
214446
214517
214946
215614
215849
217342
220424
221216
221900
222403
222676
222847
223318
223363
224478
224522
224901
225520
225819
225855
227151
228171
228704
228856
229076
229149
229535
229999
230980
231496
232553
233072
233959
234017
235183
235596
235938
236608
236672
236734
237181
237287
237940
238365
238557
238581
238881
239412
239835
240304
240409
240683
240947
241017
241230
241319
241604
241897
242000
242148
242201
243973
244099
244198
244827
245059
245076
245144
245547
245775
246323
247304
247754
248473
249024
249449
249715
249926
250116
250180
251002
251141
251428
251719
251826
252901
253749
254094
254276
254833
255658
256229
256540
256648
257154
257398
257663
258413
258658
258896
260419
260993
261240
261384
261443
261458
261658
261715
262091
263583
264230
264526
264688
264832
265739
266265
266488
267200
267277
267304
268921
269187
269492
269708
269982
270220
270370
270415
270422
270517
271265
271553
271640
271964
272097
272123
272307
272341
272436
272441
273010
273658
273694
273854
274001
274124
274316
274761
274892
274953
275684
275928
275937
276275
276369
276785
277799
278479
278763
281206
281256
281283
281486
281584
281822
282188
282462
282802
283016
283194
284033
285137
285995
286215
286321
286729
287398
287468
287608
287610
287867
288120
288466
288714
288846
289106
289819
289938
290089
290249
290588
290616
290818
291218
291261
291453
292347
292710
293120
293771
293947
293992
294269
294552
294568
294969
295538
295946
296036
296110
296137
296181
298368
298450
298548
298742
299417
299540
299637
301402
301967
302343
302379
303715
304012
304332
304549
304901
305001
306030
306323
306607
307559
307895
307966
310155
310761
312877
313128
313286
313520
313650
313654
313925
314153
314647
314863
315247
315397
315695
315727
315762
316182
316273
316534
316705
316895
317424
317641
317644
317704
318476
318991
319196
319317
321006
321172
321672
322207
322395
322520
322977
324104
324679
325354
325765
326404
326598
327141
327351
327610
328086
328876
329514
330312
330852
331009
331214
331316
331420
331498
332850
333530
333924
336381
336514
336730
337386
338003
338762
339159
339292
339428
339606
340209
340350
340678
340681
341101
342376
342550
342654
343385
343449
344551
344630
344660
344702
344704
344944
345108
345616
345758
346406
346475
346951
347476
347715
348380
348948
348997
349288
350390
350593
350647
350800
351613
351686
352108
352405
352928
353337
353487
353647
353744
353820
353881
354101
354730
355756
355838
357134
357620
357820
358331
359007
359806
361812
361859
362274
363005
363393
363692
364367
364658
364804
365174
365536
366593
366834
366974
367291
367928
368080
368624
368969
369391
369549
369654
369769
370861
371519
371559
372225
372272
372572
373185
373549
373648
373931
374511
375104
375108
375197
376322
376847
376854
377365
377685
378116
378650
379133
379152
379576
380131
380551
380689
380829
381915
382271
382334
382431
382537
382915
383075
383172
383585
383944
384135
384782
385271
385319
385713
385716
386618
386924
387101
387373
388202
388275
388999
389100
389285
389556
390756
392087
392099
392200
392504
392552
392562
392807
393049
393334
394541
394699
395081
395713
395817
396609
397289
397669
397821
398225
398652
398681
400374
401971
402047
403386
403445
404047
404325
404654
404827
404833
406437
406484
407184
407270
407441
407537
408044
408605
409376
409846
412316
412376
413059
413231
414000
414193
416080
416756
417022
417862
418229
418815
418826
419058
419999
420063
420415
420842
421137
421341
422118
422329
422405
422778
423037
423302
423495
423574
424318
424865
425424
425539
426000
426563
427096
427250
427382
428048
428202
428547
428651
429530
429540
429719
429748
430029
431316
431743
432924
432995
433003
434047
435091
435551
436333
436629
436854
437007
438686
439087
439384
440210
441047
441344
442178
442439
443070
443162
443307
443524
443552
444023
444295
444802
445207
445247
445370
445522
447013
447204
447321
447368
448117
449241
449654
450205
450235
450781
451156
451209
451669
451909
452286
452375
452829
453036
454219
454494
456059
456892
457077
457187
457865
459432
459802
459950
460228
460746
460771
460815
461571
461803
461998
462438
463457
463550
463912
464167
464331
464605
464868
466147
466946
467594
467878
468396
468551
468745
468967
469697
469830
470106
470147
470483
470629
470636
470752
470762
471260
472393
472602
472871
472987
473266
473698
473765
473843
474302
474442
474468
474879
475454
476509
476702
476951
476957
477263
477648
477668
477918
478615
479396
480133
480899
481153
482562
482919
482969
483490
483533
483791
484493
484910
485168
485938
487513
488149
488496
488754
488785
488798
489345
489886
490090
490096
490190
490737
491014
491256
491709
491767
492469
493366
493696
493984
495580
496369
496685
496995
497579
497772
498334
498613
499303
500021
500312
500716
500737
500915
502970
503953
504300
504682
505184
506019
506445
506588
507317
508067
508797
509370
509964
510060
511024
511109
511601
512355
513322
513774
513907
514349
514589
515329
515602
515864
516709
516884
517115
517346
517640
517696
518210
518439
518488
518808
518902
518911
519059
519887
520008
520013
520056
520071
520840
520893
521161
521183
521461
521724
521769
521837
521885
522852
523013
523195
523273
523545
524032
524613
524648
524786
525118
525249
525660
525672
526400
527840
528601
528757
528902
528968
529795
529911
530414
531392
531393
531565
532781
533301
534063
534226
534303
534673
535047
535633
535895
536971
537889
538133
539054
539333
539446
539813
540091
540247
540476
540798
540994
541417
542068
542277
542530
542971
543053
543214
543323
543714
544077
544260
544783
545337
545406
545590
546552
547386
548110
548135
548715
548900
549005
550293
550509
551228
551892
552866
552972
554234
554567
555013
555432
555618
555806
555845
557270
557428
557472
557537
557871
557959
557999
558940
559445
560139
560291
561615
562102
562319
563165
563386
563834
563868
564738
565366
565480
566222
566430
566585
566886
567220
567455
567637
567649
568346
568774
568859
569279
569508
569912
570365
570925
572676
572850
573393
573956
574634
574988
575459
575826
576233
576237
576380
576664
576981
577134
577984
578365
579456
579539
580256
580458
580580
581812
582201
582270
582842
583156
583460
583463
583814
583933
584447
584471
584660
584986
585071
585340
585369
586116
587523
588236
588437
588666
588675
588938
590237
590352
590694
590913
591423
591620
591687
592390
592625
593085
593137
594027
594063
594535
594619
594666
595924
598391
598984
599279
600263
600381
600388
600449
600505
601555
601992
602122
602466
602649
602861
603204
603293
604433
604581
604625
604772
604947
605006
605319
605523
606281
606834
606879
607514
607784
608366
608489
608653
609205
609522
610249
610381
610511
611043
612288
612356
612410
612824
613049
613132
613209
614904
615217
616225
616565
616689
616924
617647
617729
618311
619463
619622
620005
620225
620236
621048
621627
622013
622027
622143
622174
622269
622766
623440
623497
623541
624033
624179
624519
624545
624767
625136
626070
626162
627182
631511
633457
640694
640984
643227
644578
649774
651436
653959
655483
656000
657123
661827
667575
667778
668634
668724
670760
674344
675528
675734
682317
685231
685988
686704
686964
687362
687943
689996
692982
693202
693851
694502
698072
698572
704816
705461
708709
709121
709656
714926
714981
715263
715296
715934
716317
716869
717009
717415
718355
718406
718468
719011
719107
719763
720797
720846
721265
721420
722124
723962
728393
730072
730652
733146
733176
733800
733908
733998
735292
736980
737348
738639
739860
740276
740965
742499
744146
745567
746930
747961
748989
751356
751640
752510
752568
752912
754357
754685
755557
756856
756895
758594
758624
758967
759265
759628
761107
761912
762412
763217
764636
765409
766771
768959
769912
777614
778698
781591
783083
787610
790704
791569
865871
866444
871314
875101
877056
879783
