100209
100219
100351
100505
100784
100859
100977
100985
101105
101185
101188
101205
101392
101486
101532
102002
102086
102475
102601
102647
102667
102917
103019
103182
103218
103366
103881
104088
104293
104345
104518
104626
104681
104921
105600
105919
106150
106319
107305
107329
107493
107884
107936
108144
108208
108321
108520
108599
108938
109051
109220
109363
109498
109551
109711
109828
109993
109999
110073
110085
110211
110250
110592
110899
111038
111074
111211
111383
111432
111668
111670
111738
111996
112041
112043
112161
112455
112511
112979
113566
113725
113875
114176
114363
114474
114666
114730
114771
114807
114898
114932
114989
115407
115437
115438
115559
115880
116737
116969
117070
117321
117610
117667
117755
118229
118234
118478
118606
118658
118750
118931
119314
119510
119521
119803
119902
120004
120248
120389
120461
120622
120745
120966
121128
121147
121437
121672
121729
121730
121796
122221
122824
123035
123358
123777
123825
123948
123949
124073
124101
124200
124233
124288
124397
124464
124500
124784
125045
125500
125579
125615
125897
125962
126006
126177
126623
126662
126674
126734
126740
126864
126875
126962
127034
127376
127760
127960
127965
128265
128359
128616
128703
129042
129105
129345
129525
129575
130019
130089
130477
130532
130743
130799
131005
131014
131188
131348
131514
131554
131823
131834
131963
132014
132082
132519
132674
132683
132936
133022
133045
133618
133707
133789
133917
134116
134151
134631
134691
134880
135083
135612
136380
136832
137310
137464
137677
137685
137870
137871
138169
138296
138395
138520
138521
138754
138794
138886
138923
139038
139113
139963
140232
140234
140392
140480
140558
141181
141312
141648
141964
142056
142062
142122
142418
142816
143177
143182
143204
143397
143401
143488
143826
144009
144206
144417
144418
144465
144681
144822
144834
144896
145000
145215
145422
145467
145478
145566
145747
145823
145875
146201
146208
146307
146540
146585
146720
146803
146916
147052
147266
147287
147288
147391
147503
147896
148040
148113
148200
148277
148360
148775
148965
149020
149180
149302
149350
149370
149373
150256
150269
150382
150575
150824
150995
151216
151445
151830
152033
152081
152330
152462
152484
152692
152797
152806
152897
153003
153009
153213
153490
153673
153779
153780
153850
153949
154248
154544
154792
154871
154897
154982
155063
155211
155647
155710
155896
156096
156366
156377
156491
156634
156644
156680
156998
156999
157047
157084
157125
157377
157425
157656
157729
157837
158006
158388
158554
158565
158672
158811
159082
159861
159880
160181
160314
160443
160513
160677
160786
160851
161156
161394
161674
161861
162167
162193
162224
162262
162567
162754
162796
163615
163810
163869
163878
163930
163968
163976
164382
164467
164753
165005
165109
165402
165690
165759
165785
166603
166799
166926
167077
167298
167840
168009
168560
168953
168983
169296
169402
169558
169564
170035
170131
170158
170515
170744
170791
170884
171039
171090
171393
171711
171771
171799
172406
172417
172468
172552
172570
172679
173181
173319
173528
173968
174124
174485
174525
174617
174879
174942
175203
175433
175777
175844
175944
175958
176003
176040
176146
176750
176862
177011
177115
177118
177125
177126
177419
177469
177528
177543
178049
178315
178829
178952
179013
179466
179750
180008
180366
180493
180652
180728
180808
180826
181027
181312
181964
182006
182140
182299
182375
182535
183470
183762
183834
184070
184242
184512
184558
184660
184841
185126
185479
185724
186079
186815
187189
187255
187533
187715
187833
187947
188482
188982
188989
189014
189016
189419
189719
189769
189807
190040
190062
190305
190335
190629
190844
190942
191293
191307
191561
191681
192038
192058
192277
192516
192616
193056
193191
193227
193275
193333
193469
193536
193677
193696
193943
195071
195105
195200
195246
195260
195642
195681
195791
195808
195864
196232
196934
197394
197718
197752
197892
197965
198279
198339
198355
198525
198923
199021
199123
199278
199285
199554
199576
199622
199647
199673
200047
200111
200265
200370
200375
200564
200793
200796
200887
201024
201092
201127
201158
201610
201893
201921
202040
202075
202122
202124
202371
202616
202691
202754
203067
203148
203478
203707
203898
204013
204046
204068
204181
204765
204886
204913
205047
205335
205515
205683
206012
206093
206779
206960
207166
207287
207749
208238
208332
208406
208744
208865
208955
209218
209656
209786
209794
209850
209988
210009
210355
210910
211354
211550
212013
212097
212183
212231
212450
212994
213233
213379
213412
213501
213874
214015
214235
214446
214463
214828
215341
215614
215835
216179
216241
216380
216510
216828
216882
216977
217618
217739
217797
217917
218250
218260
218865
219222
219957
220306
220364
220933
221670
221900
222000
222001
222640
222645
223033
223072
223363
223641
223767
224306
224365
224509
224522
224585
224614
224651
225015
225103
225255
225557
225562
225819
226026
226924
227151
227159
227234
227281
227452
228020
228319
228704
228856
229452
229711
229735
230479
230884
230896
231620
231687
231807
231878
232029
232781
233072
233415
233524
233668
234803
235226
235462
235527
235542
235596
235708
235762
235938
236037
236597
236748
236758
237015
237038
237181
237374
237432
237484
237582
238161
238326
238581
238678
238881
239129
239186
239281
239422
239479
239503
239773
239799
239835
240151
240304
240550
240562
240569
240661
240683
241230
241388
241558
241845
241897
241974
242027
242062
242201
242802
242913
242928
243037
243039
243362
243592
243783
243893
243975
244024
244101
244198
244320
244413
244827
245092
245199
245247
245468
245850
246112
246255
246299
246715
246987
247172
247304
247546
247624
247708
247730
247735
247754
247792
247851
248260
248530
248884
248968
249024
249262
249449
249608
250063
250963
251002
251114
251287
251477
251493
251568
252184
252589
252704
252915
252947
253050
253363
253749
253886
253934
254338
254490
254538
254731
254812
254830
254986
255262
255620
255765
256174
256229
256318
256395
256735
256849
256962
257154
257400
257493
257832
257995
258341
258366
258851
258896
259367
260019
260082
260523
260694
260951
260993
261019
261040
261061
261223
261384
261658
261683
261715
261761
261850
262236
262572
263196
263293
263361
263583
263652
263706
263882
264020
264031
264417
264526
264679
264688
264917
265244
265428
265438
265551
265595
265630
265976
266020
266150
266157
266161
266458
266667
266995
267121
267198
267234
267310
267391
267739
267779
267956
267994
268141
268342
268441
268854
268916
268923
269078
269187
269369
269404
269708
269732
270220
270237
270378
270415
270517
270690
270843
270998
271035
271265
271452
271478
271779
271865
271964
272202
272307
272378
272583
272609
272710
272873
272943
273002
273537
273854
273864
274132
274199
274400
274554
274609
274657
274742
274836
274953
275288
275298
275398
275588
275684
275864
276151
276275
276298
276369
276394
276667
276785
276905
277301
277744
277940
278593
278602
278763
278908
279036
279218
279525
279756
280139
280194
280686
280766
280838
280855
280880
281256
281279
281284
281686
281822
281956
281988
282078
282188
282261
282311
283194
283600
283700
284138
284565
284672
284816
285090
285206
285248
285517
285611
285626
285662
285803
285995
286173
286321
286384
286391
286429
286476
286532
286841
286879
287131
287136
287178
287730
287954
288051
288053
288098
288119
288287
288466
288489
288632
288795
289026
289259
289515
289607
289773
289822
289839
289938
289990
290340
290405
290413
290616
290794
290818
290889
291003
291218
291317
291453
291899
291986
292179
292347
292873
293020
293120
293294
293480
293602
293947
293965
293992
294116
294323
294576
294592
294965
294969
295033
295240
295265
295363
295374
295538
295601
295735
295768
295879
295906
296181
296486
296815
297097
297113
297302
297354
297364
297442
297467
297694
297988
298245
298424
298450
298548
298742
298971
299623
299627
299637
299907
300136
300145
300297
300625
300882
301197
301872
302086
302117
302223
302471
302502
302580
302709
302892
303513
303635
303696
303715
303751
303808
304012
304298
304384
304780
304901
305209
305242
305516
305678
305723
306020
306027
306030
306042
306474
306607
306731
306809
306888
306911
307101
307192
307407
307437
307536
307573
307874
307966
308169
308273
308393
308573
308599
308695
309018
309153
309435
309560
309563
309629
309710
309792
309947
310155
310170
310223
310313
310380
310387
310392
310406
310411
310659
310954
311176
311282
311860
312256
312308
312376
312700
312801
312834
312877
312931
312952
313130
313286
313387
313509
313674
313685
313731
314234
314647
314652
315018
315168
315187
315247
315397
315416
315575
315695
316412
316593
316599
316678
316681
316762
316884
317456
317558
317641
317644
317809
317815
317870
318075
318210
318300
318322
318414
318619
318677
318900
318902
319150
319299
319317
319334
319435
319544
319824
319859
320182
320316
320533
320723
321330
321909
322061
322486
322520
322537
322670
322776
322922
323051
323584
323601
323729
323762
323778
323785
323804
323920
324104
324295
324385
324402
324418
324441
324605
324985
325127
325302
325309
325322
325354
325622
325831
326189
326520
326590
326842
327034
327059
327138
327141
327179
327215
327452
327610
327658
328114
328326
328489
328876
328952
329014
329309
329453
329649
329675
329769
330072
330295
330299
330866
330991
331214
331247
331420
331661
331686
331745
332099
332371
332635
332651
332924
333036
333147
333181
333382
333530
333577
333674
333787
333857
333899
334389
334431
334634
334919
335094
335156
335334
335335
335469
335544
335643
335918
336353
336514
336730
336921
337037
337108
337309
337424
337752
338053
338604
338762
338947
338991
339300
339319
339428
339641
339905
340229
340253
340311
340361
340446
340694
340705
341101
341102
341113
341122
341253
341270
341341
341402
341501
341628
341697
341716
341866
342550
342633
342688
343015
343095
343189
343202
343312
343385
343449
343694
343754
343886
343970
344483
344884
345108
345181
345500
345616
345762
345785
345803
345908
346106
346333
346363
346952
347091
347169
347187
347476
347516
347548
347715
347752
348255
348261
348373
348380
348387
348462
348586
348741
348809
348997
349049
349360
349380
349537
349622
350093
350143
350706
350767
350867
350887
350923
350965
351013
351230
351253
351455
351525
351613
351648
351686
352141
352255
352527
352539
352928
353175
353235
353265
353337
353361
353385
353681
353744
353820
354101
354197
354393
354419
354659
354730
355203
355386
355573
355661
355812
355838
355848
355892
355942
356178
356436
356448
356937
357034
358032
358331
358393
358497
358633
358958
359005
359007
359053
359909
360222
360303
360347
360666
360750
361022
361075
361239
361292
361384
361488
362310
362806
362894
362898
363005
363387
363690
363692
364047
364206
364367
364641
364895
365043
365174
365265
365455
365816
365900
365949
365989
366052
366177
366422
366711
366764
366974
366986
367391
367407
367523
367609
367693
367842
367948
368030
368080
368247
368424
368456
368495
368624
369127
369391
369654
369660
369729
369769
369854
370182
370216
370809
371398
371498
371532
371575
372108
372245
372440
372572
372737
372766
372779
372970
373185
373743
373750
374158
374194
374337
374383
374468
374511
374519
374604
375053
375104
375108
375121
375393
375618
375986
376043
376046
376109
376431
376532
376854
377242
377365
377414
378183
378412
378542
378650
378893
379133
379173
379262
379349
379359
379528
379576
379890
379917
380054
380131
380150
380236
380333
380539
380623
380657
380881
381307
381310
381377
381562
381573
381699
381774
381805
381808
381915
382233
382334
382431
382492
382530
382693
382891
382901
382947
383043
383075
383425
383443
383619
383804
383805
383930
384122
384139
384261
384542
384671
384877
384940
385205
385264
385319
385630
385858
385901
385979
386149
386192
386201
386308
386318
387100
387181
387239
387325
387373
387532
387666
387680
388202
388861
388905
388999
389026
389035
389100
389385
389407
390100
390199
390234
390693
390726
390756
390808
390857
391139
391197
391203
391350
391419
391614
392030
392366
392698
392742
392833
392932
392937
393334
393439
393575
393614
393967
393980
394085
394121
394180
394323
394345
394541
394580
394646
394741
394795
394811
394813
394905
394962
395081
395548
395605
395636
395817
395908
395963
396036
396106
396392
396674
396780
396859
396894
397058
397409
397622
397676
397821
397840
397953
398236
398534
398681
399087
399352
399468
399542
399587
399615
399682
400153
400212
400264
400722
400788
400880
401053
401121
401213
401241
401439
401551
402031
402047
402120
402637
403196
403445
403759
403762
404019
404347
404441
404535
404833
405368
405490
405700
405852
405901
405997
406037
406056
406251
406252
406430
406479
406484
406495
406575
406959
407083
407118
407134
407141
407241
407242
407270
407307
407310
407406
407473
407955
408044
408175
408547
408592
409443
409613
409846
410508
410571
410625
410806
411159
411452
411679
411787
411843
412122
412311
412387
412414
412436
412949
412959
413004
413043
413106
413192
413937
413960
414069
414077
414106
414108
414188
414417
414637
414692
415088
415279
415300
415493
415605
415780
415836
415967
416080
416396
416537
416623
416627
416684
416910
416959
417564
417862
417976
418113
418229
418371
418511
418826
419033
419058
419062
419136
419307
419368
419594
419711
420016
420529
420842
420855
421049
421122
421137
421214
421496
421985
422081
422261
422497
422545
423095
423302
423347
423402
423459
423518
423653
423673
423706
423778
424321
424567
424584
424597
425197
425263
425951
425954
426000
426028
426139
426159
426458
427062
427086
427096
427250
427408
427450
427572
427698
427768
428202
428793
428816
429072
429530
429575
429617
429719
429748
429785
429959
430000
430129
430159
430713
430802
430812
430886
431431
431547
431746
431838
432121
432305
432312
432339
432898
433205
433234
433538
433622
433720
433916
434047
434713
434724
434798
435091
435114
435343
435345
435519
435521
435534
436333
436693
437007
437913
437974
438169
438646
439015
439115
439171
439314
439623
440468
440514
440532
440757
440982
441047
441643
441869
443006
443011
443015
443070
443258
443262
443780
444058
444127
444513
444714
444776
445001
445147
445614
446397
446817
446878
447047
447294
447321
447368
447576
447717
447802
448117
448590
448613
448660
448909
448989
449008
449026
449743
449864
450043
450235
450524
450723
450776
451153
451258
451363
451487
451669
451897
452025
452286
452320
452425
452470
452907
453193
453207
453256
453331
453458
453691
453834
453883
454083
454219
454323
454416
454587
454642
454720
454905
454907
455141
455334
455342
455398
455425
455688
456219
456426
456470
456595
456698
456884
457077
457187
457314
457552
457818
457820
457865
458240
458615
458746
458823
458921
459004
459052
459070
459204
459341
459405
459723
460064
460228
460310
460550
460711
460884
460915
461276
461689
461699
461875
461997
462209
462214
462438
462697
462727
462891
463016
463030
463253
463491
463507
463510
463550
463715
463903
463959
464167
464208
464331
464558
464744
464835
464837
464928
465110
465260
465285
465308
465370
465412
466057
466075
466214
466493
466573
466690
467032
467594
467949
467993
468241
468259
468355
468426
468493
468745
468751
468791
468837
468961
469049
469360
469387
469619
469724
469770
469793
469953
470042
470106
470403
470752
471250
471628
471672
471775
472140
473077
473195
473227
473462
473774
473939
474006
474045
474104
474269
474302
474414
474468
474673
474850
474879
475170
475420
475467
475561
476199
476261
476466
476563
476566
476599
476646
476652
476702
476721
476901
477056
477133
477616
477692
477997
478296
478456
478470
478530
478556
478604
478681
478915
479029
479114
479117
479246
479253
479307
479396
479474
479735
479829
480033
480133
480218
480366
480373
480524
480726
480746
480775
480899
481067
481094
481388
481873
482410
482458
482512
482827
483002
483414
483493
483494
483533
483545
484042
484135
484493
484505
484576
484590
484910
485052
485101
485168
485611
485876
485901
485921
485938
486173
486210
486524
486673
486850
487104
487176
487260
487355
487798
487885
487956
488362
488496
488650
488781
488798
488809
488821
489055
489149
489485
489886
490114
490207
490282
490375
490737
490982
491304
491702
491803
491806
492152
492221
492345
492487
492764
493366
493369
493464
493903
493937
494174
494444
494632
494809
495099
495409
495425
495580
496253
496563
496685
496730
496929
497131
497347
497674
497711
497772
497807
498151
498303
498326
498489
498524
498613
498969
499225
499303
499566
499712
499840
499855
500021
500089
500504
500575
500586
500737
500910
501066
501092
501191
501514
501994
502013
502112
502556
502970
503073
503081
503126
503187
503254
503775
503953
504100
504200
504317
504327
504334
504387
504538
504554
504625
504682
505184
505468
505510
505693
505779
505859
505984
506206
506588
506632
506849
506984
507102
507226
507335
507544
507563
507761
507911
507921
508075
508354
509386
509392
509547
509719
510144
510225
510303
510386
510597
510599
510669
510699
510718
510973
511129
511179
511341
511557
511598
511732
511792
511815
512147
512310
512483
512740
512905
513029
513085
513128
513418
513469
513782
513907
514133
514200
514317
514324
514456
514471
514478
514613
515291
515329
515368
515602
515778
516184
516255
516402
516463
516480
516496
516501
516505
516699
516709
516890
517175
517443
517640
517711
517916
518023
518279
518488
518680
518710
518808
518871
519009
519059
519261
519357
519469
519499
519581
519593
519885
519887
520014
520071
520086
520357
520893
521133
521161
521183
521191
521291
521461
521806
521837
521885
521974
521999
522471
523192
523195
523410
523517
523545
523626
523671
523672
523723
523916
524084
524910
525118
525126
525249
525481
525764
525815
525960
526047
526088
526400
526693
526976
527144
527178
527677
527838
528008
528192
528271
528415
528558
528757
529405
529466
529734
529795
529805
530133
530254
530970
530981
531231
531280
531554
531926
532008
532364
532633
532669
532932
533279
533301
533525
533584
534548
534579
534916
535047
535313
535323
535602
535916
535929
536074
536334
536398
536536
536549
536667
536787
537036
537113
537131
537236
537630
537742
537872
537889
537976
537979
538020
538133
538147
538286
538287
539301
539430
539446
539813
539909
539968
540625
540942
540956
541273
541286
541611
541775
541799
542073
542277
542333
542380
542397
542461
542506
542513
542733
542969
542971
543042
543171
543214
543243
543430
543672
543895
544077
544399
544826
545118
545944
545984
546628
546750
546904
547021
547031
547403
547712
547968
548232
548345
548480
548624
548830
548866
548999
549005
549392
549662
549759
549858
549925
549954
550156
550293
550387
550509
550646
550799
550812
550859
550893
551013
551179
551221
551446
551617
551892
552027
552042
552162
552232
552282
552483
552709
552715
552794
552846
552866
553162
553754
553790
553832
553886
554157
554173
554519
554521
554567
554667
554852
555224
555398
555704
555714
555727
555753
555810
555962
556062
556228
556628
557153
557170
557270
557344
557428
557537
557636
557665
557871
557999
558015
558182
558255
558424
558639
558887
558934
558940
559052
559437
559445
559504
560139
560373
560382
560427
560736
560913
561007
561097
561237
561252
561280
561560
561615
561723
561920
561973
562031
562473
562603
562758
562907
562991
563169
563386
563600
563799
563868
563904
564430
564492
564995
565138
565366
565546
565899
565900
565973
566007
566035
566225
566257
566430
566774
566886
566952
567034
567096
567220
567447
567466
567649
567787
567901
567957
567971
568128
568132
568267
568421
568642
568646
568906
569376
569528
569912
569977
570299
570444
570691
570702
571184
571232
571874
571877
571913
572139
572511
572651
572850
573223
573259
573488
573561
573952
573956
574109
574374
574409
574456
574634
574821
574920
574988
575118
575196
575287
575289
575459
575523
575957
576240
576286
576301
576349
576362
576608
576694
576831
576981
577134
577267
577407
577525
577594
578192
578365
578400
578639
578715
578811
578978
579124
579239
579429
579539
579663
580198
580256
580277
580384
580793
580829
581288
581328
582298
582375
582592
582622
582842
582909
583115
583156
583207
583316
583460
583485
583606
583930
583933
584255
584377
584447
584758
584986
585071
585130
585301
585369
585456
585524
585946
586120
586233
586384
586437
586508
586654
586986
587069
587105
587138
587155
587277
587703
587781
588342
588423
588699
589014
589044
589209
589325
589659
589702
589776
589811
589844
590026
590052
590239
590352
590393
590713
590816
590838
590913
590930
591109
591423
591465
591620
591864
592024
592027
592214
592296
592421
592510
592613
592647
592744
593268
593355
593535
593782
594027
594063
594103
594278
594535
594637
594644
594749
595037
595138
595172
595227
595288
595332
595541
595750
595837
595863
595924
596199
596356
596619
596695
597001
597022
597096
597332
597521
597899
598246
598308
598334
598391
598520
598886
598989
599076
599235
599279
599687
599789
599806
599808
600064
600101
600263
600388
600624
600864
601110
601148
601192
601323
601555
601588
602005
602111
602247
602293
602580
602583
602585
602830
603130
603134
603204
603362
603395
604098
604255
604653
605261
605319
605409
605446
605523
605763
606250
606283
606446
606450
606841
607076
607089
607278
607312
607514
607784
607795
608228
608366
608489
608651
608653
608688
608822
608946
608950
608982
609070
609085
609104
609205
609263
609478
609542
610249
610380
610441
610472
610511
610984
611122
611366
611397
611456
611926
612127
612790
612824
612925
612994
613132
613209
613585
613616
614247
614270
614286
614487
614697
614754
615114
615217
615725
615986
616108
616225
616689
616904
616924
616935
617042
617647
618004
618355
618391
618595
618667
619253
619257
619437
619476
619574
619694
619815
619942
620005
620236
620290
620502
620532
620552
621020
621246
621681
621765
621843
622013
622027
622063
622133
622143
622174
622410
622433
622586
622751
622990
623127
623440
623497
624145
624179
624366
624471
624875
624915
625136
625462
625943
626070
626162
626176
626186
626237
626274
626305
626395
626865
627973
629361
630191
630361
632691
634282
636991
638238
639696
640747
640895
641680
642079
642739
645318
645896
646273
646332
647081
647185
648040
650614
656209
656429
656665
657021
657916
659809
660059
662123
663289
663506
667317
668724
672840
673938
674700
675849
675871
676503
677579
678661
679482
681522
684214
684546
684794
685088
685854
685909
685930
686344
687362
688016
689996
690403
692982
693851
693908
694207
695135
695988
696047
696493
696497
697213
697228
698321
698889
699477
699957
700210
701442
701934
702321
703448
703590
703803
704970
705461
706156
707701
707905
710572
712681
714679
714700
714926
715113
715296
715341
715453
715839
715934
716607
716902
717234
717262
717621
717996
718355
718506
718509
719834
719939
720072
720525
721216
721386
721553
721681
723977
724230
724912
726829
728309
729038
729282
731056
731608
731670
732484
733176
733831
733909
734723
735179
735223
736206
738639
738717
738733
738892
738937
739106
739109
739852
739860
740042
740276
740458
740464
740470
741223
742252
742338
743419
743791
744131
744475
744887
745144
745446
745567
745709
746247
746585
746656
746673
747029
747212
747446
747609
747927
748107
748201
748914
748989
749038
749349
749414
750189
750245
751160
751424
751640
752203
752568
752577
752912
752960
753107
753583
754685
754690
754772
755160
755417
755485
755525
755860
756073
756204
756804
756856
756895
756908
757332
757740
758272
758594
758771
758887
759286
759378
759476
759481
759650
760007
760174
760228
760865
761035
761107
761277
761843
762073
762412
762773
763217
764009
764703
764758
765564
766230
766358
767642
768034
769933
770844
771728
772616
773466
774307
774498
775182
775383
776030
776870
777103
777287
777319
777614
777955
778466
778698
781302
781591
782387
784756
785728
785945
785985
786875
787467
787610
787614
789110
789391
789531
789685
790376
790704
791679
793046
793509
793957
794092
794248
794273
794427
794448
794611
794701
795109
795345
796552
796862
797767
798464
798831
798930
798943
800468
802143
802604
803781
804991
805164
805426
806452
806884
808622
810001
810467
811354
812623
813374
814206
815181
817038
819684
821001
822185
822437
822467
824022
825224
826330
827344
827637
827711
827754
828469
828612
830291
831233
831241
831633
831953
832102
832234
832710
832718
833614
834588
834629
836821
836943
838190
838376
838612
839180
839662
840055
841590
841657
842429
842941
843317
843754
844047
844535
846545
846552
847065
847660
848540
848798
849181
849398
849583
849812
850013
852509
863109
863227
864033
864160
864534
864554
864748
864765
864948
865128
865290
865461
865525
866059
866133
866495
866598
866605
866670
866768
866805
867283
867332
867448
867576
867719
867960
868017
868062
868310
868375
868506
868554
868830
868995
869035
869060
869075
869131
870134
870255
870287
870293
870598
871314
871331
871426
871654
871864
872294
872365
872431
872511
872738
873625
873712
873925
873972
873976
874415
874591
874736
875212
875222
875358
875487
876006
876118
876199
876204
876768
877096
877173
877424
877496
877676
877979
878173
878246
878894
879068
879125
879543
879726
879765
879794
879865
880018
880292
880384
880558
880795
880858
881361
881389
881500
881754
881847
882024
882052
882122
882180
882215
882650
882861
883589
883606
884018
884221
884368
884749
884793
885396
885509
885940
886146
886368
886521
886524
886814
887080
887379
887646
887726
887891
888260
888291
888468
888504
888764
889010
889255
889564
889850
890216
890643
890863
891055
891470
891796
891814
891914
892652
893080
893331
893758
894130
895405
895588
895595
895618
895668
896048
896272
896485
896825
897762
897897
898005
898139
898398
898488
899080
899601
899645
899766
899788
899949
900071
900576
900682
900950
900997
901144
901428
901773
901776
901879
902458
902624
902784
903406
903617
903623
903640
903657
904057
904261
904285
904914
904967
904975
905016
905025
905139
905482
905530
905810
906309
908210
908659
908778
908792
908872
908982
909001
909107
909180
909985
910386
910640
910803
910909
911475
911592
911619
912460
913056
913200
913577
913872
914212
914379
914668
914801
914864
915947
916120
916220
916381
916607
916838
917482
917867
917993
918078
918214
918260
918479
918808
918992
920439
920945
920997
921067
921459
921598
922053
922200
922213
923662
923982
924491
924821
925187
925848
926125
926305
926494
926647
926991
927319
927343
927425
927687
927894
928374
928552
928649
929968
930168
930308
931146
931963
932158
932389
933050
933448
933463
934189
934791
935878
936298
936517
938271
938555
939408
939943
939954
940833
941075
941247
941677
942083
942775
943036
943072
945244
945489
946036
946107
946483
946889
948719
948732
948847
949250
950274
950589
950659
950715
950781
950817
951317
951497
952141
953088
953473
953482
953695
954509
954512
955102
955120
955263
955324
955388
955598
956341
956427
956935
957024
957197
957231
957240
957255
957469
957568
957858
958337
958670
958765
959718
960100
960264
961026
961336
962012
962902
963500
963615
964075
964377
964437
964521
964818
964970
965172
965265
965787
966463
967056
967239
968537
969035
969708
970153
970438
970894
971894
972091
973090
974186
