100715
103101
103316
105415
109439
111901
113350
113663
116964
117783
117978
118443
118670
122194
122953
129449
134811
136453
136458
139918
140050
140423
144223
145163
146149
149358
149662
150303
151984
152438
154330
156003
156305
157422
161452
163267
164245
167694
172457
173576
175030
176657
177989
178316
183542
183627
187317
187507
188348
190992
192657
193058
196252
198804
201704
201782
209038
217149
219557
220201
222969
224659
226362
227535
228673
230354
232237
232528
232716
234709
235302
240815
241363
243929
248830
251775
252829
257800
263990
271745
274391
274814
275145
278308
279261
286712
290288
293261
294538
296054
297198
297868
299262
301364
302042
304766
304895
308369
312694
313330
313574
313609
314302
314677
315486
317952
319732
320806
321596
321730
325474
325508
326332
327617
331231
331822
332928
338862
339517
340815
343736
346858
347676
348780
349205
349445
350221
352286
353700
354157
355592
355952
356370
357076
357492
362574
362946
366154
367316
367858
367989
371146
371195
372729
376091
377190
377865
378687
378833
380287
381568
382617
383055
384017
384798
388248
388509
400827
403297
405080
407466
408037
411041
411179
411697
414487
414915
415568
415572
415846
416265
416589
418583
419573
419686
422146
423513
426042
426918
429282
430423
431083
438350
438369
439351
448223
449764
450717
451572
452539
454311
456271
459348
460069
460608
462236
462764
468528
472574
474680
478873
479054
479250
479364
482398
484956
489198
489487
490607
496667
500773
501897
506123
506197
508424
510010
513037
516054
517642
521298
521874
522527
526184
527874
531887
532366
535224
535603
535942
536854
540322
541311
542485
548446
555991
557637
558074
558155
558271
567200
567520
569075
575027
577640
578537
579243
580438
585265
585469
586731
590436
592916
594733
594993
595004
595074
596504
596702
597089
598465
599240
599293
599353
600515
604710
604971
606550
607352
608480
608795
609244
610037
610841
613396
615241
615790
616647
616746
622284
622713
625134
639169
640667
652155
659309
660186
668617
671001
683174
689705
692563
693658
696041
713589
716512
718364
724542
731766
733528
737643
741582
741756
746805
747162
747973
748103
748791
752805
755618
756427
756845
758819
763902
766167
766612
769445
772088
773271
774914
779518
783674
797879
818420
834995
843216
866455
867476
870977
872971
878915
881068
884298
885851
889372
893839
894861
898275
911211
912606
912703
914618
914959
916881
930330
932046
935849
