100403
100715
100882
103011
103556
104822
106845
107150
109078
115350
117783
121601
122074
122953
125170
126268
129865
132562
137770
140050
140423
142696
143620
143739
144691
146149
147839
148974
149358
149662
156003
156374
159957
162269
162971
164261
172457
175030
176337
176756
177158
178316
179210
184748
193219
204532
210875
211249
211730
217456
218551
223769
224394
225099
227021
227391
227535
228275
231767
235302
238099
238407
250387
251775
254464
257800
262502
265031
268687
272184
274391
276660
279976
280075
281388
282961
285334
288286
288540
289744
290288
293261
294438
296054
296939
298513
303182
304766
305085
311535
313330
314677
317794
317806
321563
321730
322611
323543
323823
326027
326163
327617
329954
333727
334595
335322
335616
338862
340868
341225
343860
344491
347042
347433
347996
348663
349205
351599
354157
355952
357076
358583
363750
366154
366546
367316
368413
371146
376091
377190
377990
383544
392403
393298
395217
398255
404674
405499
406488
408037
410845
411179
412077
414915
415846
418127
418357
419573
422339
423123
425791
428499
429282
430340
430784
431138
432571
433359
435438
436180
439351
440998
444007
446165
449528
449959
450717
452448
452481
452539
455558
456731
457637
458452
459955
460069
462236
462764
465179
466555
467509
468051
477469
480255
481567
484511
486113
486607
489198
490250
491988
492034
494743
495577
497189
499204
499344
506197
507612
508095
509781
513037
514643
517642
525441
527874
529625
532324
535224
535960
536854
537392
537653
541311
541950
542549
545113
545295
548446
556559
558271
562287
563152
564054
566083
566428
567200
567223
567520
567863
570323
571931
580062
581617
582415
583549
584808
586731
590272
592916
595004
595074
595959
597355
597907
599240
599436
601724
602068
605982
607455
610037
615241
615790
616311
620536
620568
622713
623846
660186
675152
679028
713589
716465
717974
720269
731766
733487
733528
733615
740166
747511
748575
748771
750190
754771
756372
756427
758819
765420
767398
768277
772088
773468
779227
796188
797590
809261
818420
822018
824734
827332
827856
828072
832604
832733
834995
835247
839227
842519
863473
866455
868428
869612
872971
873169
876397
882992
884179
884298
890522
894223
896431
902688
904012
909058
909626
921280
924002
925898
927649
930557
932046
932419
939283
939946
949672
951266
953867
956182
956265
956580
956642
956686
957508
957655
957824
959281
961236
970355
974308
976696
977087
978356
981625
983947
