100328
100497
100505
101105
101392
102168
103218
103535
103881
103968
104003
104282
104826
105498
105649
106075
106213
106214
107233
107400
108163
108520
108543
108938
109363
109538
110071
110487
110518
110691
110899
111097
111287
111288
111619
111738
111853
111939
111990
112006
112041
112511
113036
113297
113487
113725
114176
114186
114216
114474
114730
114932
114989
115438
116290
116610
117667
117704
118211
118234
118478
118554
119510
120992
121128
121147
121437
121467
121660
121730
122900
123294
123366
123725
123777
123801
123825
123948
124048
124348
124681
124732
124784
124985
125097
125528
125579
125911
126231
126482
126864
127136
127376
127760
127895
127960
128265
128737
128859
129001
129105
129129
129205
129289
129525
130019
130136
130184
130555
131208
131271
131368
131652
131823
131834
131895
131983
132062
132225
132260
133022
133071
133707
133892
134473
134527
134631
134691
136291
136832
137310
137677
137955
137982
138058
138395
138928
139130
139564
139598
140062
140121
140183
140439
140480
140578
141636
141642
141644
142122
142659
143054
143120
143182
143234
143309
143382
144354
144465
144811
145215
145230
145422
145566
145823
146078
146283
146540
146638
146720
147309
147894
149020
149021
149111
149242
149337
149419
149428
150817
151017
151702
151893
152033
152266
152330
152462
152735
152801
152806
152897
153041
153044
153949
154248
154289
154300
154349
154982
155231
155855
156054
156121
156514
156634
156705
156708
157267
158639
158939
159035
159082
159372
160314
160378
161156
161721
161912
161915
162076
163689
163776
163878
164467
165125
165377
165496
165749
165765
165785
166799
166926
167265
167298
167717
167840
167992
168122
168983
169242
169402
169547
169558
169564
169895
170035
170293
170791
170884
171017
171222
171287
171664
171799
172312
172679
173210
173319
173561
174112
174604
175621
175777
175958
176003
176101
176123
176911
177168
177738
178285
179586
180230
180346
180786
180952
180990
181027
181085
181387
181548
181887
182028
182535
182900
183178
183398
183631
183666
184157
184257
184389
184726
184841
185871
186974
187042
187589
187947
188482
188938
189000
189194
190261
190266
191307
191561
191702
192277
192562
192763
193056
193469
193986
194125
194276
194449
194469
195024
195105
195197
195200
195241
195260
195430
196296
196867
196976
197123
197188
197802
198134
198525
198697
199673
199769
199833
200370
200525
200898
200980
201744
201921
202045
202124
202507
202610
202691
202698
203487
204301
204343
204431
204522
204886
205182
205702
206402
207233
208423
208648
208744
209010
209055
209514
209659
210261
210355
210392
212164
212322
212363
212776
213461
213730
214446
214559
214656
214828
214911
214946
215341
215378
215791
216241
216351
216530
217160
217737
217779
217932
219147
219324
219957
219965
220023
220206
220364
221039
221187
221670
221747
222001
222309
222403
222416
223220
223493
224098
224365
224522
224529
224651
225012
225358
227132
227159
227691
228264
228722
228856
228929
229076
230749
231731
232439
232459
232581
232785
233072
234017
234859
235337
235462
235596
235708
235938
236007
236009
236154
236164
236326
237038
237374
237476
237484
237771
238828
238881
239106
239224
239412
240151
240550
240554
240562
240630
241017
241094
241230
241533
241682
241897
241922
241974
242148
242190
242480
242868
242981
243189
244544
244659
245076
245356
247304
247624
247735
247822
247851
248530
249406
249608
249682
249823
249926
250153
250397
250963
250966
251287
251428
251654
251696
251923
252018
252366
252380
252547
253749
253778
253934
253945
254568
254972
256174
256611
256742
256991
256993
257026
257048
257663
258168
258221
258299
258397
258405
259329
259636
259650
259881
259945
260244
260402
260837
261103
261223
261246
261304
261458
262086
262161
263196
263293
263678
263913
264188
264526
264679
264688
264832
265391
265595
265647
265739
266150
266177
266879
267175
267343
267366
267463
267872
267956
268308
268673
269187
269326
269732
269882
269957
270237
270247
270369
270517
270562
270956
271035
271640
271865
271964
272307
272886
273002
273126
273658
273864
274001
274199
274254
274742
274836
274894
275377
275684
276029
276275
276785
278387
278479
278677
278763
279218
279345
280194
280792
281256
281284
281493
281584
281800
281956
281988
282208
282261
282336
282802
283502
283533
284497
284530
285059
285122
285626
285865
286306
286321
286476
286963
287136
287610
287867
287928
288091
288466
288642
289065
289104
289116
289668
289747
289822
290045
290089
290267
290585
291218
291279
291453
291564
291752
292246
292426
292595
293120
293294
293332
293839
293947
293965
294412
294646
294969
295124
295397
295538
295802
296170
296181
296725
297408
297431
297718
297762
297812
297988
298138
298203
298426
298450
298548
298742
299397
299461
300218
300380
300625
301157
301250
301402
302269
302502
303450
303545
303546
303696
304391
305001
305264
305343
305487
305651
305678
306020
306046
306257
306466
306731
306788
307031
307039
307210
307536
307631
308393
308652
308695
308966
309445
309563
309703
309792
309947
310022
310155
310380
311042
311545
311590
311857
312882
313130
313472
313701
313887
314092
314138
314184
314210
314228
315068
315247
315575
316209
316412
316593
316959
317075
317586
317741
318269
318322
318619
318937
319219
319309
319859
319870
320182
320242
320327
320723
320734
320988
321330
321672
321895
322520
322922
324352
325265
325354
325720
325859
326070
326208
326404
326483
326520
326681
326869
327681
328086
328799
328876
329950
330205
330866
331214
331247
331420
331745
331880
332121
332348
332850
333036
333183
333674
334058
334775
335156
335224
335282
335334
335434
336968
337009
337132
337406
337592
337693
337736
338200
338238
338409
338491
338947
339428
339524
339606
340149
340253
341341
341989
342130
342292
342524
343259
343306
343385
343449
343694
343816
344106
344290
344415
344483
344630
345467
345977
346115
346333
346696
346950
347452
347476
347715
348261
348380
348808
348809
349114
349220
349288
349295
349466
349622
350390
350401
350965
351013
351040
351455
351712
352475
352527
352928
352993
353144
353299
353824
355203
355838
356884
356945
357620
357762
358021
358247
358249
358347
358779
359007
360284
360759
361384
361488
361677
362412
363386
364367
364641
364804
364850
365028
365174
365606
366084
366177
366567
366721
366974
366986
367153
367391
368624
368969
369159
369285
369484
369618
369654
369660
369769
370111
371575
371928
372049
372568
372700
373268
373743
374229
374507
375155
375535
375949
376109
376124
376431
376468
376484
377365
378650
378698
378736
378820
379133
379272
379359
379365
379536
380131
380150
380853
381447
381562
381774
381928
382117
382334
382341
382431
382661
382947
383082
383425
383443
383464
383481
383508
383647
383805
384122
384261
384267
384643
384893
385149
385517
385713
385858
385979
386169
386308
386890
386951
387021
387373
387480
387532
387660
388799
389134
390234
390756
390781
391139
391427
391690
392716
392742
392769
392923
393334
393967
394541
394553
394699
395297
395908
395964
396089
396168
396609
396674
396962
397047
397058
397104
397318
397621
398236
398631
399087
399468
399587
400208
400749
400788
401272
403181
403184
403445
403759
404047
404347
405619
405901
405919
405970
405975
406378
406437
406484
406912
407134
407307
407716
407912
408044
408197
408266
409352
409846
410517
410726
412127
412414
413192
413858
413973
414036
414069
414149
414193
414994
415088
415780
415994
416080
416163
416537
416657
417862
418451
418537
419058
419062
419307
419430
420547
420748
420839
420842
420953
421137
421353
421558
421796
422261
422801
422871
423300
423302
424178
424321
424458
424865
425005
425352
425424
425686
425954
426969
427027
427250
427408
428189
428202
428604
428651
428892
429537
429856
430029
430159
430278
430713
430778
431142
431350
431547
431913
432245
432888
433003
433073
433174
433205
433987
434234
435091
435519
435594
435869
436030
436373
436726
436804
436875
437007
438114
438646
438754
439081
439171
439245
439533
439825
440349
440578
440725
440757
440924
441047
441318
441489
441842
442238
442713
443009
443258
443262
443377
443780
444714
444764
445147
445388
445430
445646
446308
446391
446438
446533
446694
447011
447084
447513
447802
448108
448117
448359
448585
448590
448792
449166
449241
449515
449596
449654
450399
450524
450648
451204
451669
451756
451811
451909
452320
453193
453374
453547
453834
453907
454161
454219
454400
454907
455312
455342
455505
456040
456059
456332
456685
457077
457125
457865
458163
458268
458339
458615
459341
459345
459432
459490
460099
460228
460884
460889
461002
461107
461294
461427
461571
461875
462829
463313
463488
463866
463872
463912
464167
464605
464706
464842
465110
465145
465370
465877
465889
465940
466057
466095
466468
466538
466895
466946
467042
467993
468117
468426
468467
468610
468745
469793
470042
470065
470752
470805
470866
470971
471256
471357
471679
471762
471841
472209
472370
472468
472496
472947
473077
473266
473604
473843
473870
474538
475419
475454
475601
476509
476819
476999
477001
477056
477413
477520
477692
478398
478530
478604
478658
478853
479246
479553
479797
480133
480369
480373
480524
480705
480746
481563
481872
482313
482352
482410
482649
482740
482827
483143
483414
483650
483688
483818
484042
484351
484493
484505
484507
484569
484647
484923
484935
485101
485901
485938
486268
486748
486850
486982
487123
487307
487513
487665
488446
488638
488823
489055
489057
489263
489993
490485
491131
491496
492345
492764
493013
493029
493366
493414
493553
494174
494444
494752
494950
495018
495441
496253
496543
496573
496685
497169
497347
497738
497798
498824
499147
499303
500021
500462
500504
500716
500989
501066
501153
501260
501994
502006
502111
502161
502556
503081
503168
503202
503254
503368
503953
504387
504538
504549
504710
505071
505111
505434
505779
505801
505859
506019
506129
507544
508075
508618
509007
509785
510208
510225
510350
510479
510669
511024
511341
511598
511792
512355
512448
512483
513907
514324
514406
514478
515047
515371
515602
515704
515778
515864
516099
516496
516505
516578
516919
517258
517323
517461
517749
517916
518075
518117
518436
518482
518488
518800
518911
519306
519383
519917
520041
520071
520097
520939
521377
521883
521974
522851
522905
523545
523619
523818
523822
524117
524190
524408
524697
524993
525660
526027
526976
527139
527144
527838
527983
528008
528271
528718
529241
529411
529466
529487
529674
529911
530139
530240
530730
530805
531469
531775
531987
532233
532348
532364
532387
532661
532669
532893
533301
533401
533699
533736
533921
534226
534303
534619
535047
535596
535916
536214
536398
536669
537145
537182
537370
537640
537708
537872
538893
538955
539430
539508
539572
539653
539813
540458
540476
541286
541611
541799
542305
542333
542971
543171
543214
543243
543558
543895
544950
545827
546453
546948
547031
547287
547335
547403
547968
548128
548135
548338
548624
548830
548900
549038
549754
550149
550893
551179
551446
551594
551846
551883
551892
552282
552715
552765
552870
552896
553455
553886
554199
554234
554567
555432
555714
555753
556062
556628
556703
556739
556852
557270
557428
557558
557636
557871
557999
558004
558182
558328
558424
558639
558641
558685
558934
558940
558972
559445
559661
559731
560139
560163
560369
560661
560736
561007
561252
561468
561726
561850
562031
562434
562473
562494
562991
563386
563483
563868
563916
563934
565030
565138
565260
565366
566212
566222
566430
567220
567455
567637
567638
567649
568688
568735
569017
569912
570060
570365
570691
570702
571960
572619
572850
573223
574409
574649
574821
574836
574952
575118
575459
575826
576233
576237
576301
576981
577476
578051
578301
579539
579750
579901
580256
580773
580793
581464
581567
581756
582375
583460
583772
583814
583933
584167
584471
584926
585301
585739
586508
586977
586993
587105
587488
587709
588586
588779
589121
589303
590101
590231
590237
590352
591109
591423
591465
591620
591687
591743
591832
592027
592510
592647
593091
593963
593978
594027
594063
594278
594535
594666
595248
595332
595687
595774
595924
596052
596760
597247
597481
597497
597983
598054
598391
598520
598811
598984
598989
599279
600064
600388
600407
600607
600624
600771
600773
601211
602122
602293
603111
603738
603787
604581
604591
605052
605153
605261
605303
605409
605523
606446
606450
606466
606490
606632
607076
607089
607278
607784
607833
608210
608489
608653
608982
609070
609205
609478
609538
609958
610196
610212
610441
610472
610511
610537
610645
610931
611122
611271
611456
611483
611716
612385
612733
612824
613209
613644
614129
614173
614270
615217
615532
615774
615986
616225
616308
616635
616642
616689
616924
617827
618180
618337
618347
618387
618409
618438
618634
619116
619253
619257
619437
620005
620236
620425
621020
621108
621246
621378
621444
621769
621991
622013
622027
622063
622143
622174
623205
623440
623497
623542
624092
624519
624879
624990
625483
625753
626176
626274
626378
626395
626543
626648
628778
630496
631719
631728
632049
634282
635753
636595
639062
644289
645318
646041
646088
650468
655399
656209
656429
658129
659571
659809
661750
663289
663848
665787
666723
668032
668634
668785
670325
671210
673938
674222
674245
675881
679237
679482
680791
682824
683192
684546
686492
687362
691229
692362
693851
695195
695988
697693
697708
697907
698889
699436
704923
704970
705142
705461
708114
709185
712421
712763
714679
715296
715341
715453
716228
717186
717413
718406
719430
719834
720072
720603
720705
721265
723147
723407
723771
724230
725052
725674
728035
728458
729027
729626
729919
732484
733146
733479
733680
733800
733909
734723
735292
735711
736206
737702
738639
738892
739109
740547
741170
741223
741484
741648
742581
743906
743909
744146
744212
744233
745339
745847
746498
748989
749414
749645
749848
751181
751571
751640
751706
751942
752568
752820
753513
753583
753696
753723
754685
754772
755417
755525
755553
756073
756177
756856
757332
757578
758395
758594
759265
759495
759542
759650
760007
760414
761107
762454
762773
762811
762864
765073
765143
765564
766771
767344
769023
769204
770491
770583
770844
771008
771171
771767
772750
773026
773826
776544
777319
777581
777707
777941
778035
778466
778695
778698
779524
779569
782402
784887
786034
787610
787614
787953
790432
790625
791064
791201
794611
794720
795799
796107
796552
798749
798831
798943
801793
802089
803600
804092
804222
805164
805362
805683
806597
806659
806884
807708
808622
811117
812459
813375
814206
815594
818643
818850
820096
821793
824083
825116
825168
826694
826768
827095
827344
828186
828319
828400
828469
828509
828654
830062
830708
834925
835212
836821
836943
837705
838225
838612
839184
839229
840247
842240
842941
843401
844055
844279
844499
846074
847294
848798
849181
849812
849883
852509
855754
859219
863319
863452
863693
863878
864160
864309
864534
864810
864992
865128
865207
866133
866385
866495
866785
866805
867193
867283
867332
867437
867719
867805
867960
868017
868506
869371
869865
870253
870255
870559
870976
871178
871314
871984
872217
872418
872973
873863
875358
875583
875606
875750
876780
876791
876895
877095
877173
877203
877350
877574
877790
878063
878626
879271
879475
879726
879765
879892
880018
880102
880608
880760
880835
881238
881349
881592
882335
883094
883129
883193
883223
884582
885458
886876
887993
888260
888696
889184
889243
889564
889787
889928
890020
890141
890216
890737
891331
892436
892510
892554
893080
893091
893886
894130
894273
894625
895121
895420
895618
895765
896048
896272
896797
897079
897112
897154
897878
898484
899601
899949
900713
901658
901879
901985
902011
902225
902458
902470
902624
902685
902784
902910
903506
903654
904261
904285
904342
904633
905016
905119
906775
907465
908076
908480
908659
908694
908778
908792
909142
909279
909911
910386
910802
911116
911151
911208
911241
911400
911475
911546
911619
911665
911669
912168
912261
912307
912462
912494
912621
912815
912862
913386
913577
913872
913899
914803
915453
915537
916607
917055
917561
917658
917858
917867
918260
919394
920061
920213
920725
922012
923932
924179
924268
924447
924624
926125
926305
926491
927319
927343
928931
930235
930308
930665
931714
931963
932379
932992
934545
934931
936466
937394
939097
939404
939695
941175
942775
943264
944976
946107
946457
946547
947644
948262
948719
949136
949337
949388
950274
950781
951018
951420
952101
952141
952756
952954
953088
953571
953727
954011
954512
955102
955120
955943
956208
956341
956708
956935
957231
957240
957469
958258
958301
958606
958765
959028
959459
961129
961140
962003
962012
962069
963258
963500
963615
964059
964377
964485
964786
964915
964919
964970
967255
967260
968496
968537
969035
969708
969925
969958
970438
970796
971440
971613
971686
971894
972091
972625
973800
974145
974985
975522
975607
975853
977640
977943
978073
978112
978479
979705
979729
979802
980065
980370
980888
981977
982996
983577
984130
987100
988307
988692
989025
