101919
103216
103701
104144
104235
104311
111107
111320
113350
116105
117461
120249
122194
122953
125170
131971
132848
133945
136453
140050
140261
140423
141519
141837
143258
143551
143950
146257
147495
147839
147983
149637
152189
152198
152989
155384
155640
156694
157025
157573
157880
158666
160985
161452
163267
164486
164707
167694
170202
170496
172030
172457
172604
173559
174303
175030
180417
180580
183542
184165
184407
192454
193219
200739
201090
201782
203896
204971
206396
209038
211249
217149
218551
220140
220201
221606
222127
222422
222702
222969
223769
225597
226572
227535
229728
239147
240869
241262
241349
241363
242142
243854
243929
246405
247659
247920
251775
252046
252737
253914
253951
256580
258511
261750
262354
262985
263990
271745
272184
272546
276060
280075
282192
283844
284718
284937
285254
285423
290288
293261
294538
296054
296700
296939
302336
302852
303182
303666
304766
307081
307840
307920
309059
309113
310284
312114
315486
319732
321730
323823
324435
326260
326647
327491
327585
327617
327935
331231
331822
332928
333513
335322
336083
336691
337565
340868
342294
342335
343871
344262
344568
345926
346096
347928
348211
348663
350727
350883
351599
352441
353491
355952
358782
359239
363956
364627
366154
370185
370453
371195
371266
371503
376207
378687
380287
382160
383055
384017
384249
384399
386537
388248
390831
397005
398179
406488
408037
408070
413287
414915
415543
415951
416265
421273
421479
421850
421972
424917
427662
427893
427912
429282
430423
430456
431083
436727
436857
438292
438350
439351
440904
443612
444007
444080
447519
448223
448379
450717
451572
453449
453501
456731
462236
464625
464914
467509
469114
473273
474144
475057
477100
477469
479250
480061
481080
486598
490522
490639
493195
493557
494127
495380
495638
496084
496594
497545
501079
505629
505897
507119
508424
511293
512350
512746
513064
516054
516654
517642
517911
523122
525242
527643
527976
531793
534014
535231
535603
536673
537265
541950
542121
542549
544269
545082
545927
546438
553907
557637
558967
563875
565840
566428
567840
567863
570376
571013
572092
573796
574194
574776
582514
592064
592916
594098
594113
597089
600295
600515
600897
606704
610554
611726
612284
612375
614747
614876
616311
618484
618835
620568
620725
641965
644870
647380
660586
668617
677356
686267
692265
724021
733528
734827
737446
747425
759889
761744
762002
765773
767494
778926
795020
796188
801364
802012
818420
820317
821181
824341
831310
833255
835247
863491
866117
866758
870787
871210
872921
885967
886314
892685
895808
909626
911537
914812
919294
927649
943230
947757
953914
956182
960169
963812
974838
975471
976830
1001158
1005147
1011380
1011599
