100169
100351
100505
101234
101486
101998
102086
103881
103968
104088
105316
108144
108208
108543
109828
110071
110085
111383
113625
116116
117387
117755
117790
118234
118658
119803
120461
121467
121729
121796
122037
122824
123035
128359
131271
133618
134151
136380
141312
151017
153779
156377
157656
159143
163661
163878
164423
165109
170515
171711
171771
172406
174112
175621
176101
177125
177738
177965
180493
180522
181387
182900
184726
184731
187465
190305
190629
192616
193943
195383
198404
199622
200111
201893
204343
204886
205515
207166
209656
213179
213936
216241
216555
218250
219147
222640
225015
226026
227452
227691
228171
230884
233524
235527
236164
236326
236748
237038
237263
238326
238496
238896
240085
241230
241596
241897
241922
243975
244413
246715
246987
247708
248968
249823
249941
250397
250825
251002
251568
252380
255765
255913
256174
256395
258397
258533
259329
259367
260402
260694
261103
261683
261715
261850
262572
263583
263652
265244
265551
267175
267310
267994
268921
270378
272886
273537
274609
276275
276394
290818
297302
297762
303635
306533
313286
314652
319544
320242
320723
323729
324385
324985
333852
337037
337693
343694
345181
347091
350887
353299
354197
355942
361281
363690
365613
367948
368495
371928
375618
379536
381307
385517
389026
390808
391690
399087
405700
408044
409443
414077
414692
426028
426139
426731
428604
430278
430713
433622
433720
439081
439825
443356
447576
448909
449241
450463
451153
455425
460099
466057
470667
480218
483493
484590
486268
487104
489057
495441
497169
499532
499840
505859
510699
517711
518800
519469
528718
533921
538287
539572
541799
555704
557270
557428
557558
561560
567957
568267
577407
578978
583316
590393
591870
592027
595037
597738
602830
618391
621765
626274
626648
626865
629361
630191
636409
636991
642739
644289
650468
656665
658129
666723
673938
675881
697760
720525
723147
729919
738892
747446
761843
766771
781578
790432
791064
802604
805683
806884
808622
815881
820251
822185
822467
834925
839180
842170
898139
902910
904914
912307
921598
949707
951018
