100372
100715
103101
105415
111800
113350
117978
118861
122194
122732
122953
129449
135312
136453
140050
140423
145163
147495
148673
151984
152438
154330
156285
156305
157573
159524
160985
161452
163267
167694
171423
172457
173559
175030
176337
176657
178862
179354
183542
186567
197062
198804
201782
205440
209038
211249
217149
220140
220201
222422
222969
223769
224659
226481
227535
232237
240997
241262
241363
242142
243854
243929
248818
248830
249298
251775
252829
258511
260630
262911
263990
269544
271745
272184
272410
276060
279976
283101
285334
290288
293261
294538
296054
296939
298543
301364
303423
303666
304766
304895
308124
308866
309677
310284
310287
314677
315486
319732
320806
321127
321596
321730
324435
324797
326332
327617
330886
331082
331231
331822
332928
336239
338862
340815
340868
341903
348211
349161
350221
352286
354157
355592
355952
356654
357492
358805
361776
363956
366154
367218
368413
370743
371146
371195
371266
372729
375557
378687
378833
380287
381380
382160
383055
384017
385584
388248
398830
403586
406488
408037
409076
414823
414915
416265
422794
426918
427626
429282
430423
431083
436582
438350
438369
439351
447692
448223
448379
450717
451572
456731
462236
462764
467509
469008
472186
473380
477290
478873
479250
480061
481080
481492
484230
485039
489198
489487
490607
490639
493195
496421
496594
506197
508424
510010
511293
513064
516054
517642
521298
525242
527643
532721
535224
535231
535603
535942
536062
536258
536284
536673
540322
542549
545082
545927
548446
551178
557637
560093
564607
566428
569075
573796
575027
585525
592916
596702
597089
598465
599240
600515
603801
604971
607388
609244
612284
615790
616311
621494
623204
624442
639169
646214
659309
666558
668617
684671
689705
697503
703490
716512
731766
733528
746079
758591
763916
766167
766612
773271
773371
777544
818420
843216
868242
894861
911211
