100497
100577
100697
100977
101105
101188
101392
101532
102179
102370
103881
104047
104120
104293
104518
104626
104749
104898
105377
105649
105672
105839
106150
106225
106317
107936
108029
108057
108067
108168
108526
109302
109498
109730
109767
109828
109954
110691
110899
111302
111303
111432
111880
111890
111939
112006
112013
112041
112044
112387
112511
112883
113036
113181
113725
113730
113875
113960
114176
114216
114932
114989
115022
115514
116011
116382
116517
116737
116969
117805
117902
118229
118234
118554
118606
120004
120086
120628
120927
120981
121029
121076
121128
121147
121192
121730
121780
122110
122130
122407
122584
123035
123618
123777
123801
123949
124397
124464
124681
124913
125407
125579
125615
125918
126277
126551
126715
126875
126930
127136
127145
127224
127376
128197
128265
128523
128591
129080
129189
129318
129342
130044
130477
130532
130756
130799
130820
131005
131014
131348
131368
131823
131834
132014
132260
132437
132683
132966
134163
134631
134691
135702
136593
136688
137270
138395
138794
139649
139963
140093
140121
140439
140480
140566
140850
140919
141207
141311
141648
142525
143182
143382
143488
143988
144896
145395
145566
146093
146201
146298
146469
146803
147503
147896
148080
148374
149020
149318
149419
149428
149963
149993
150043
150269
150817
151812
151893
152384
152462
152806
152897
152992
153041
153136
153534
153970
154248
155845
155855
155879
155896
156096
156268
156641
156763
157047
157561
158639
159035
159567
160962
161197
161206
161674
161861
162167
162365
162567
163318
163636
163875
163878
163920
163931
164467
164901
165344
166309
166316
166799
167249
167298
167428
168201
168332
168799
169402
169561
170035
170515
170729
170918
171664
171728
171799
172406
172576
172679
172983
173033
173120
174458
175183
175621
176216
176750
176862
176899
177168
177303
178271
178285
179416
179792
180086
180223
180625
180652
180952
181027
181085
181639
181686
182299
182731
183978
184070
184326
184731
184838
184841
185625
186654
186748
186815
186835
186974
187833
187947
188482
188537
189419
189637
190168
191307
191561
192038
192277
192516
192616
192639
192763
193056
193275
193469
193536
193548
193677
193871
194411
194449
194469
195105
195200
195246
195757
195858
196327
196899
197064
197718
197750
197939
198038
198443
198623
198697
199285
199504
199667
199673
199937
200370
200525
200887
201396
201887
201893
201921
202222
202371
202428
202501
202535
202610
204037
204046
204208
204400
204431
204577
204764
204972
206778
208423
208744
208865
209483
209656
209886
209920
210484
210939
211044
211111
211149
212301
213211
213511
213545
214446
215341
215849
216241
216415
217076
217476
217726
217779
218106
218186
218625
219957
219965
220023
220306
220763
220808
220933
221131
221739
221900
221943
222676
222874
223053
223729
224365
224522
224646
224999
225015
225166
226007
226026
226056
226871
226924
226985
227901
228267
228477
229028
229252
229711
229999
230734
230907
230980
231687
231731
231859
232289
233072
233592
234017
235188
235232
235462
235938
236154
236540
236734
236773
237181
238365
238623
238833
238881
239278
239503
239730
239757
240504
241017
241230
241533
241558
241671
241673
242171
242569
242913
243783
244198
244550
244827
245141
245180
246722
247209
247304
247583
247624
247730
247735
247754
247802
247969
248473
248530
248633
249173
249382
249418
249934
250397
250413
251002
251477
251568
251654
251719
252031
252210
252278
252444
252901
253520
253597
253734
253934
254203
254490
254623
255262
255494
255586
255765
256900
256962
257663
257995
258020
258382
258405
259079
259381
259544
259866
260244
261185
261215
261367
261384
261458
261715
262270
262427
262444
263361
264012
264132
264526
264567
264679
264688
264832
264917
265391
266150
266265
266458
266488
266531
267200
267277
267343
267366
267463
268342
268441
268921
269732
270204
270220
270265
270306
270336
270370
270517
270754
271035
271346
271349
271676
271862
272307
272651
272913
273229
273658
273854
273864
274467
274836
274953
275298
275588
275684
275829
276275
278140
278166
278259
278593
278677
278763
278990
280156
280194
280850
280909
281114
281256
281279
281584
281956
282186
282188
282261
283278
284341
284672
285206
285365
285517
285930
286384
286476
286841
287131
287308
287468
287608
287610
287788
287867
288010
288466
288714
289643
290165
290337
291218
291261
292347
292413
292888
293451
293559
293947
293965
293992
294269
294323
294360
294412
294434
294552
294568
294576
294959
294965
294969
295265
295601
296486
297045
297113
297929
297997
298020
298245
298424
298450
298548
298620
298678
298742
298776
298935
298971
299418
299907
300136
301402
301967
302013
302502
302709
303422
303546
304026
304298
304549
304580
305003
305022
305264
305343
306020
306257
306583
306607
306745
307359
308393
308584
308695
308815
308900
309563
309792
309947
310155
310184
310392
310659
310847
312418
312856
312931
313130
313286
313520
313650
313701
314138
314647
314666
316096
316182
316390
316534
316593
316895
317590
318193
318210
318339
318882
319216
319317
319569
320194
320242
320791
320988
321172
321672
321965
322018
322181
322288
322520
322977
323618
323778
323804
324104
324402
325208
325241
325309
325354
325920
325954
326471
326869
326879
326897
327138
327179
327215
327333
327351
327973
328183
328876
329014
329339
329532
329819
329988
330312
331214
331273
331420
331528
331943
333036
333147
333674
333899
333921
334185
334919
335094
335334
335643
335918
336107
336432
336776
336831
336968
337406
337469
337828
338129
338507
338762
339300
339428
339524
339675
339885
340311
340670
341341
341501
341763
341866
341867
341990
342215
342376
342546
342550
343202
343259
343385
344106
344483
344524
344630
344704
344891
345108
346333
346406
347476
347715
348212
348261
349380
349408
349530
349622
349811
350578
350647
350783
350965
351230
351249
351613
351686
351726
351828
352244
352391
352539
352928
353037
353175
353337
353509
353820
354054
354336
354730
354798
355203
355520
355838
355848
356236
356280
356905
356945
357820
357863
358519
359002
359007
359909
360011
360562
360868
361022
361188
361281
361384
361526
362768
362770
362894
363005
363046
363106
363270
363665
363692
364261
364367
364407
364644
364804
364809
365101
365174
365900
366091
366096
366803
366974
366986
367139
367391
367552
368080
368456
368495
368544
368624
369285
369391
369474
369476
369654
369769
370216
370411
371348
371498
371575
371866
371928
372970
373394
373743
374229
374468
374531
375104
375108
375821
376431
376527
376847
377365
377384
377483
377785
378436
378650
378736
379043
379133
379173
379359
379365
380150
380551
380569
380689
380691
380828
380986
381294
381310
381573
381774
381808
381867
382117
382431
382537
383043
383075
383425
384013
384261
385474
385713
385858
386509
386748
387101
387481
387862
388202
389285
389628
390726
390756
391622
392099
392264
392504
392734
392833
393071
393462
393980
394148
395643
396004
396059
396609
396674
396894
396980
397255
397272
397622
399352
399611
400264
400662
400788
401836
402047
402831
403184
403445
403759
403828
404261
405700
405783
406378
406460
406484
406989
407030
407187
407369
407441
407924
408044
408071
409352
409547
409846
410111
410392
410425
410571
411677
412127
412376
413192
413937
414069
414077
414193
414692
414852
415088
415206
415230
416537
416657
416959
417564
417969
418103
418113
418371
418747
418826
419309
419368
419594
419702
419944
419983
419999
420016
420063
420842
421137
421208
421227
422118
422129
422247
422379
423302
423706
423766
424142
424458
425005
425086
425163
425522
425686
426511
427096
427229
427250
427408
427698
427824
427961
428148
428189
428202
428273
428547
428651
428816
429114
429530
429537
429748
429943
430159
430278
430778
430968
431384
432305
432898
432995
433003
433073
433478
433579
433622
433916
434724
434730
435049
435091
435521
436629
436822
436895
436911
436960
437007
437676
437759
437840
437927
438169
438454
438754
438935
439041
439245
439252
439428
439910
440558
440622
440725
440924
441047
441816
442130
442141
442238
443377
443780
444167
444642
445147
445867
446169
446391
446878
447084
447143
447317
447321
447368
448285
448585
449176
449488
449654
450009
450212
450235
450399
450524
451669
451756
452286
452545
453193
453200
453207
453671
454130
454219
454692
455312
455342
455894
455970
456059
456116
456209
457077
457396
457865
457930
458549
458921
459035
459345
459432
460228
460626
460756
460839
460955
460964
461998
462181
462819
462891
463488
463507
463550
463711
464167
464230
464243
464331
464519
464753
464795
464928
465004
465110
465145
465370
465521
466063
466468
467042
467113
467225
467240
467917
468355
468426
468467
468745
468961
469167
469173
469803
469829
469830
470042
470065
470645
470752
470859
471529
471679
471775
471841
472481
472871
473077
473102
473195
473870
474027
474649
475253
475296
475419
475440
475454
476375
476702
477865
477918
478470
478530
478615
479246
479256
479753
480033
480133
480366
480373
480524
480746
480899
481064
482352
482650
482729
483231
483533
483550
484073
484505
484590
484910
485038
485168
485311
485814
485938
486278
487956
488635
488638
488809
489055
489117
489485
489550
489886
490024
490096
490260
490277
490373
490485
490737
490823
490840
491004
491808
492152
492721
493156
493274
493696
493713
494161
494174
494566
494954
495387
495578
495580
495628
496573
496685
497711
497772
497798
499303
499712
500190
500716
500908
502006
502397
502556
503254
503538
503953
504538
504769
505358
505510
505602
505779
505835
505859
506019
506392
506611
507102
507544
507563
507805
507839
507911
507920
508484
508618
509350
509785
510060
510062
510597
510669
510689
511024
511341
511504
511598
511712
511737
511792
512554
512740
512866
513268
513742
513907
514067
514207
514478
515602
516496
516505
516578
517856
518075
518130
518488
518714
518871
518914
519059
519306
519469
520041
520176
520708
520978
521133
521717
521885
521974
521982
522169
522324
523013
523195
523545
523586
523671
523766
524408
524493
524613
524775
526049
526488
526941
526976
526985
527983
528008
528367
528757
528811
529688
530802
531231
531393
532337
532905
533192
533301
534579
534767
535596
535916
535929
536074
536398
536441
536615
537105
537145
538133
538242
538349
538493
538559
538640
538951
538955
539052
539446
539653
539813
540247
540798
540917
541016
541273
541417
541453
541665
541799
542068
542397
542513
543214
543243
543323
543714
544783
545049
545540
545590
545944
546716
546750
547031
547651
547712
548513
548624
548900
549005
549689
550155
550293
551179
551228
551360
551892
552050
552521
552866
553886
554157
555013
555151
555714
556899
557128
557170
557428
557537
557871
557999
558639
558778
559127
559445
559542
560139
560291
560697
561007
561064
561280
561928
561973
562031
562473
562494
563375
563386
563531
563574
563579
563868
564995
565138
565366
566129
566502
567220
567455
567458
568331
568863
569376
569623
570069
570299
570691
571112
571191
571624
571874
571913
572029
572850
573259
573780
574634
574821
574979
574995
575459
575557
575745
576233
576239
576380
576439
576459
576981
577134
577229
577476
578150
579001
579124
579539
580695
580793
581812
582171
582375
583156
583351
583460
583463
584082
584447
584492
584986
585340
585456
585524
586199
587277
588236
588342
588423
588730
589325
590352
590581
590913
591109
591423
591620
591687
592027
592390
592421
592510
593355
594027
594063
596090
597247
598063
598984
599245
599727
600064
600101
600263
600388
600607
600864
601052
601306
602122
602293
602481
602580
602583
602649
602830
603798
604098
604514
604625
605022
605153
605261
605319
605492
606283
606425
606450
606608
606680
606834
607089
607518
607784
607833
608587
608653
609104
609428
610249
610365
610381
610511
610931
611122
611397
612410
612528
612811
612824
613132
614106
614909
615047
615119
615217
615243
616134
616141
616225
616565
616689
617088
617116
617558
617647
618240
618311
618347
618550
618615
618973
619106
619649
619694
620005
620236
620532
620995
621018
621048
621627
622013
622027
622174
622271
622586
623440
623497
624179
624366
624470
624701
624871
625376
625648
625821
626070
626161
626162
627641
628198
628458
632658
640764
641006
641858
651436
652000
652088
653292
653861
654968
655983
656209
657959
659160
659809
661666
661750
662123
663289
663763
664508
664517
668054
668724
670840
671210
673141
674344
675569
679489
681378
681522
682601
683712
687362
688336
690240
690298
692982
695135
695149
695753
696493
697228
697825
697903
698572
700210
704673
704816
705461
707394
709021
709656
710572
711253
713222
713760
714528
714700
714708
715013
715202
715296
715934
716869
717415
718355
718646
718735
719011
719763
719939
720850
721055
721553
723771
723962
724769
725674
727526
727800
728050
729786
730291
730825
732484
733514
733800
734173
734548
735179
735292
738500
738639
739860
740276
740965
741223
742430
742918
743024
743700
744897
745619
745890
746430
746660
747927
748962
750241
751146
751356
751640
751685
752568
752912
752960
753456
753696
753723
754685
754705
754772
754792
755525
755860
756204
756209
756633
756856
757332
757685
758123
758160
758378
758594
759248
761107
762412
763306
763985
764845
768034
768666
770263
770491
772174
772616
773466
773904
774498
774609
777179
777234
777941
778493
778698
779242
780862
782402
783598
783849
786253
787610
787767
788976
791064
791201
792749
793764
793968
794671
794818
794828
794978
796107
798831
802143
804634
806884
807708
810219
815181
821001
821047
822437
832718
835149
836821
838190
839184
840247
841132
842240
842941
848915
849812
863640
864050
864160
864313
864345
865102
865207
865871
866133
866805
867448
867553
867627
867719
867940
867960
868017
868295
868375
868996
869075
869865
869888
871274
871314
872283
872398
872564
872674
873712
873925
874128
874911
875193
875200
875487
876768
876791
877064
877238
878168
879270
879701
880102
880608
882001
882052
882864
883193
884090
884486
884716
885571
886368
886579
887266
887504
888848
890216
890224
891167
892652
896272
902784
904967
908778
911180
911475
