103216
103556
105109
111800
112384
122194
122953
126039
134419
134811
140050
143958
148694
149358
150303
151025
151473
154450
156292
156318
161827
164245
168011
172457
172604
175030
175435
177158
183146
184407
186514
191656
205655
210401
218711
223769
225099
225646
227293
227391
231223
232528
232780
235302
238407
241262
244023
247659
249298
255353
258785
261750
263990
272184
274391
276060
284704
284718
285933
286241
286698
290288
293261
294538
296054
296847
296978
300426
306243
306814
309534
310284
311535
314195
316085
321596
323816
324156
325217
326027
330626
331231
332928
334513
335616
336239
336691
338862
339517
339726
340868
340892
342335
342554
343860
344568
347676
347928
348211
348663
348780
349205
349445
349593
351599
352441
353926
354817
355592
356857
358016
360385
364871
366154
369132
370185
376091
376752
379504
384017
384413
384624
388248
388509
389914
392166
392865
394767
396903
397005
397173
398179
399114
402518
408037
408070
412751
414487
414915
416265
417703
418357
419302
420381
421850
422146
426163
429282
429671
432893
436582
437148
438369
439351
440904
442119
445219
446165
447692
447748
460608
461473
463837
480255
481450
483021
485986
486113
487727
488163
491979
492034
494986
496799
496885
498315
499344
502005
503181
508424
513933
516178
521298
521874
522400
529710
530223
535960
536854
537653
538455
539350
542549
542988
545082
551714
551992
553907
558271
562693
564534
565670
567840
577207
582514
582826
583577
584064
584282
585469
586050
591159
592801
592916
593140
594113
600324
600515
606704
610037
614876
614928
616311
616647
618413
618835
620536
620568
622040
624787
649262
650011
659905
670485
695006
698065
705311
716465
733873
748683
758819
759870
767398
772088
778926
797569
811558
821181
832733
834995
840637
849340
867269
867344
868428
872971
880747
880786
881068
883283
885967
889372
893725
899264
900203
906246
909058
922108
923924
924203
930557
937734
939133
947206
952288
953867
956182
961246
964541
971507
975791
978356
985156
989899
992853
1007139
1010656
1022521
1026236
1026531
1030345
1033068
1033353
1044348
