116737
117805
131015
150817
152242
153136
161861
167077
168332
174458
189082
195858
197939
235596
241671
245547
251654
280156
280686
281256
281283
281822
286321
286384
286476
298620
298742
298935
302502
302709
307536
312376
313130
313520
313654
314647
314666
315434
316534
317704
318236
319231
320194
326869
327141
330852
331009
331420
331498
331528
334919
336432
338129
339292
339428
339675
344483
345803
349530
350768
350783
353744
355838
356905
356945
357863
362770
363387
363826
364261
365265
365900
366974
367928
368032
368544
372970
373549
373743
375840
376322
376527
377483
377685
378542
379152
379890
379968
380551
380986
381832
382915
382947
384643
384751
385630
386618
386890
386924
390693
392734
393049
393980
394148
394553
394863
395081
395908
396370
396493
397669
397821
398225
403445
404654
404827
405368
406076
407537
408235
409846
410111
413231
415230
417564
417862
418229
419395
419842
421341
422118
422497
423302
423495
426341
427229
427698
427824
428547
428793
429543
429748
430029
430778
433003
433916
434047
435519
435797
436629
438646
438935
439245
439428
440210
440971
441489
442216
442238
443162
443552
444023
445207
445370
445715
447084
447143
447204
448585
449367
451129
451156
451756
453200
455505
456059
457705
460955
460964
462438
462727
462891
463550
464835
465110
466214
466895
467240
472987
473266
473870
474302
475419
476509
476702
477263
477480
477520
478470
480133
481064
481873
482562
482650
483402
483550
483791
484505
484507
484669
484948
485038
485938
486278
486858
487514
488635
488638
488650
488798
489117
489345
489485
489550
490840
491004
491131
491709
491808
492221
493366
494161
496630
496995
497711
498613
502470
502970
504317
505835
506129
507317
507920
508618
510474
510689
512554
512866
513774
514324
514349
515602
515864
516496
516505
517696
517749
517856
519137
520013
520893
520978
521837
521974
522169
522611
523195
523374
523586
524493
525660
526049
528601
528853
529688
530104
530807
531565
531947
532007
534303
534904
535895
536441
537182
537889
538242
538302
538349
538493
539446
540798
541016
542513
542530
544028
544077
544111
544203
544498
545049
545877
546750
547665
547712
548667
548830
549113
549498
550509
552050
553442
553926
554157
554214
554234
554469
555013
557221
557636
558639
560139
561064
561280
561468
561928
562102
563165
563574
563579
564738
564995
565138
566502
566886
567447
567455
567458
568346
568774
568863
569376
570069
570299
570691
571707
572029
573956
574988
575557
575745
576125
576237
576239
576692
578150
578253
578355
578365
579001
579456
579607
580695
581812
582171
582201
582842
583156
583933
584027
584471
584492
584832
585524
586199
586977
587069
587277
587454
587523
588236
588498
588938
588965
589303
589515
590694
590913
591423
591620
592625
592647
593170
594749
595288
595924
597332
597927
599235
599320
599670
600064
600263
600624
600864
602293
602580
602649
603204
603293
603798
604004
604350
606608
606879
607091
607514
607833
608331
608489
608587
609205
609428
610330
610511
611043
611122
611320
612356
612410
612518
612824
613146
614106
615047
616142
617088
617116
617558
618634
619463
619622
619694
620532
620995
621018
621991
622143
622410
624400
624470
624519
624545
624767
624871
625376
625483
625579
625637
625821
626162
626343
647185
652088
655483
655657
659809
665787
668054
673141
674700
682601
688336
689996
695753
697228
704673
704816
707962
708114
708709
709121
710572
711253
713222
713760
714528
715453
715903
716317
716869
717009
717415
718355
718406
719011
720846
733998
734173
734548
735292
735924
738077
738492
738500
739012
739860
740344
740965
741648
742338
742499
743021
745446
745847
746336
746660
748710
750250
752510
753696
754772
755417
755557
755792
757331
758123
758378
759265
759481
760352
760414
761107
761912
764615
764636
765033
768666
770263
770491
772174
772412
772616
774897
775182
776101
776789
777234
777643
777941
778493
778982
779242
786875
793968
794535
794828
832718
839184
842834
848915
864534
864953
865102
865318
865590
865871
866805
867627
868295
868485
868830
868996
869131
869677
869888
871274
871314
872031
872283
872398
872564
873615
873863
873976
874035
876659
877064
879783
880102
880608
880934
881494
882052
884155
884673
887266
887504
887561
888260
888613
888848
889264
889411
890224
891686
892502
892622
892652
893886
894130
896292
897112
897141
898768
902609
902784
903506
903640
905016
905482
907738
908701
911116
914799
915517
916519
917491
917645
920128
922072
922526
923682
924215
925525
931963
