100372
100715
103316
103556
106845
108486
113350
114078
116964
117783
122194
122732
124893
127693
129865
134419
135312
140423
145921
148673
149358
149662
156285
157556
158654
159524
159875
160985
171423
172457
173068
173559
175030
176337
178316
179354
184748
186567
189356
190992
192866
196252
197062
197476
199410
205440
211249
215571
219557
220140
222422
222969
223769
227021
227535
230354
232528
235302
238407
240997
241262
242142
243662
243854
245660
248818
249298
251775
253259
261867
263990
272410
276060
279976
283101
285933
296054
296939
297868
298543
303423
303666
308124
309554
310194
310284
310287
314494
314677
317806
320806
321127
321596
321730
323487
324435
324797
326027
327617
328897
330886
331231
332928
335616
336239
339726
340868
347996
349161
349205
355952
356654
358016
358805
361328
361776
362574
362612
363956
367218
368413
370743
371266
373189
375027
375064
376752
377865
378297
378687
381380
382617
383055
384624
385744
386055
386564
388509
393298
397173
397717
398830
400827
403090
403119
403586
405080
406488
407466
408037
409619
411041
411774
411832
411990
413942
415922
416926
418178
419573
419686
420059
422146
422794
423513
425791
427699
428499
429282
429671
430423
431711
432571
433362
435438
435476
436155
436582
438350
439351
445530
446165
447692
448379
451993
452539
453626
456731
460048
463601
466365
467487
467509
468528
469824
470237
472186
473380
474158
477290
478873
480061
481080
485039
490873
491988
493195
495068
495392
496421
498041
498242
500773
506123
507612
511293
513064
513229
514356
517318
519021
519415
523187
525242
527874
536062
536258
536284
536673
536854
537238
537653
542485
542549
544080
545927
548152
550322
555991
556646
560093
561292
564353
564607
566428
567149
567200
575595
578537
579243
583577
585525
586449
587387
589957
592916
595074
596504
597316
599293
603801
612284
613046
613217
615241
616311
618074
624442
626291
631865
631947
640667
646214
646642
659569
684671
725535
731766
733594
734691
737643
739512
747162
748610
748791
758819
762344
763916
771424
772088
773271
773371
777280
782036
783674
797879
818420
865739
866455
867749
868054
868242
870197
872971
878915
881163
882421
884390
885851
