100985
101205
101392
101532
102647
102917
102939
103218
103872
104345
104921
105047
105649
106213
106867
107493
108599
109302
109765
109999
110211
110487
110899
111097
111287
111288
111668
111670
111939
112006
112041
112043
112335
112455
113211
113297
113566
113875
114363
114658
114666
114730
114771
114898
115437
115438
116078
116290
117912
118750
120004
120622
123294
123801
123825
124101
124288
124500
124681
124738
124784
124985
125045
125528
125897
125911
126006
126231
126623
126662
126740
126864
127895
127952
127960
128616
128737
128859
128914
129289
130089
130136
130181
130225
130366
130464
130477
130555
131188
131834
131895
131963
132062
132082
132138
132225
132260
132683
132936
132966
133022
134527
134691
134880
135083
136593
136688
137060
137223
137310
137464
137504
137870
137871
137955
138008
138395
138451
138521
138886
139598
139963
140062
140232
140480
140558
140578
141181
141259
141644
141648
142056
142122
142373
142816
143120
143177
143397
144354
144417
144811
144896
145215
145230
145395
145467
145875
146201
146208
146283
146307
146574
146585
146638
146667
146803
146916
147309
147503
147563
147896
148040
148094
148113
148200
148360
148965
149111
149350
149370
149373
149579
150824
150995
151216
151830
152033
152330
152459
152806
152992
153003
153044
153656
153900
154084
154248
154289
155231
155647
155710
155855
155896
156096
156121
156366
156475
156514
156634
156655
156680
157047
157084
157125
157267
157377
158006
159861
160181
160314
160378
160433
160443
160851
160892
162224
163558
163869
164467
164753
165377
165496
165690
166524
166603
166926
167265
167717
168009
168584
169242
169296
169547
169895
170131
170744
170884
171039
171393
172312
173528
173968
174124
174485
174604
174731
174879
175203
175958
176003
176123
176862
178952
179466
179586
179750
180346
180786
181085
182028
182299
183182
183762
183834
184157
184512
184841
186079
186337
187042
187255
187589
188482
188522
188933
188989
189014
189016
189194
190335
192038
192058
192516
192562
192639
193056
193333
193536
193677
193871
194449
194749
195105
195200
195241
195246
195681
196143
196976
197123
197627
197718
198279
198355
198525
198674
199278
199285
199616
199833
200265
201024
201127
201158
201921
202124
202371
202616
203067
203373
204013
204068
204522
204827
205047
205182
205668
206093
208238
208332
208406
208648
208865
208955
209010
209033
209786
209794
209850
209988
210355
211111
211354
212097
212183
212363
212450
213379
213874
214015
214446
214463
214828
216179
216380
216828
216882
217737
217932
218744
219957
219965
220108
220364
221039
221187
221747
222309
222416
223220
223458
223493
224306
224581
225819
227151
227281
228559
229076
229452
229546
229735
230440
230479
230896
231496
231620
232439
232581
233042
235462
237015
237374
237582
237771
237911
238161
238481
238557
238828
238848
239224
240304
241017
241094
241388
241433
241558
241845
242190
242201
242480
242928
242981
243089
243362
243893
244659
244827
245092
245199
245468
246255
246299
247209
247304
247735
247822
247851
248530
249449
249608
249715
249926
250707
250963
250966
251923
252589
252915
252947
253749
253778
254490
254731
254830
254972
256229
256318
256849
256993
257398
257400
257663
257995
258299
258405
259636
259650
260082
260837
260951
260993
261019
261035
261061
261384
261761
261855
262086
262161
263361
263882
264188
264237
264688
264832
265374
265438
265595
266020
266879
266995
267463
268342
269369
269417
269882
270415
270927
270956
271265
271452
271865
272202
272378
272609
272710
272966
273126
273854
274742
275298
275377
275684
275864
276029
277940
278387
278479
278593
278602
278811
279218
279223
279345
280792
280855
281142
281279
281493
281584
281954
281956
282208
282261
282336
282802
283016
283278
283502
283600
284565
284672
284816
284995
285122
285206
285611
285662
285803
286173
286306
286391
286532
286841
286890
287178
287730
287867
287954
288053
288091
288098
288489
288570
288632
288795
289065
289106
289116
289220
289747
289773
289822
289839
290089
290267
290340
290405
290413
290585
291003
291188
291279
291344
291564
291752
291899
291986
292246
292347
292426
292856
292873
293049
293294
293332
293451
293602
293839
293947
293992
294115
294116
294412
294723
295075
295240
295397
295601
295768
295802
295867
296725
296815
297097
297354
297364
297442
297467
297718
297812
298138
298174
298368
298426
298450
299397
299461
299907
300136
300145
300380
300882
301157
301197
301872
302086
302117
302223
302249
302269
302580
302871
302892
303158
303715
303751
303808
304298
304391
304901
305001
305003
305022
305242
305264
305469
305651
305723
306020
306030
306046
306466
306474
306607
306788
306809
306911
306992
307192
307210
307573
308273
308334
308573
308695
308900
309018
309445
309560
309629
309703
309792
309947
310170
310380
310392
310659
310954
311282
311590
311860
312468
312700
312877
313387
313472
313685
313701
313731
314092
314138
314184
314210
314234
314296
315168
315575
316209
316412
316593
316599
316678
316762
316884
317108
317456
317641
317644
317809
317815
317870
317884
318210
318300
318339
318619
318677
318900
319150
319219
319309
319317
319334
319569
319824
319839
319859
320316
320734
320988
321330
321672
321895
321909
322207
322486
322520
322612
322776
322922
323076
323762
323778
323785
324104
324295
324352
324402
324418
324441
324605
325265
325309
325322
325720
325831
326189
326208
326483
326520
326603
326681
326832
327059
327138
327452
327554
327610
327681
327984
328326
328489
328799
328876
329309
329473
330072
330205
330312
330866
330991
331247
331661
331745
331880
332083
332121
332348
332371
332651
332850
332924
333147
333382
333530
333787
333924
334058
334389
334431
334634
334775
335094
335224
335335
335434
335469
335918
336107
336353
336514
336730
336921
336968
337009
337108
337406
337592
337736
338238
338409
338491
338947
339300
339319
339606
339641
340311
340361
340694
340705
341122
341253
341270
341402
341501
341628
341697
341716
341866
341989
342292
342524
342550
342654
342688
342699
343189
343385
343816
343886
343970
343979
344106
344290
345337
345467
345785
345977
346081
346115
346363
347169
347187
347220
347452
347476
347516
347752
347947
348085
348261
348741
348809
349114
349288
349360
349537
349622
349756
350054
350143
350390
350401
350647
350767
350965
351040
351455
351613
351686
351712
352108
352255
352527
352993
353144
353235
353265
353337
353361
353647
353681
353820
353824
354101
354393
354419
354730
354775
355203
355387
356178
356436
356884
356937
357620
358021
358249
358331
358347
358393
358497
358633
358779
358958
359005
359007
359909
360284
360303
360480
360750
360759
361022
361384
361791
362093
362310
362806
362894
363386
363922
364206
364641
364658
365028
365043
365174
365606
365792
366084
366177
366422
366567
366764
366986
367153
367291
367391
367407
367523
367609
367842
368030
368247
368456
368624
368969
369159
369391
369484
369618
369633
369654
369660
369729
370182
370455
371498
371519
371532
372049
372108
372568
373185
374158
374194
374223
374468
374507
374511
374519
374604
374977
375053
375104
375121
375393
375949
375986
376043
376109
376219
376300
376484
376513
376532
376854
377242
377365
378183
378412
378650
378820
379133
379365
379528
380333
380657
380689
380881
381377
381463
381562
381573
381699
381805
381808
381915
381928
382117
382233
382334
382431
382530
382661
382693
383075
383082
383425
383619
383681
383804
383930
384122
384267
384671
384804
384877
384940
385149
385205
385271
385979
386169
386748
386879
386951
387021
387181
387239
387325
387373
387666
388097
388275
388799
388905
388999
389035
389100
389134
389814
389961
390100
390234
390756
390781
390982
391419
392366
392504
392698
392716
392742
392769
392937
393334
393462
393614
393813
394085
394121
394180
394323
394345
394541
394580
394699
394811
394962
395297
395548
395605
395964
396004
396036
396106
396168
396609
396859
396894
397047
397104
397295
397622
397676
398297
398534
399352
399542
399682
400153
400264
400788
400880
401053
401213
401241
401272
402031
402047
402120
402637
403759
404347
404833
405490
405705
405975
405997
406221
406251
406252
406378
406479
406484
407134
407141
407270
407307
407310
407406
407473
407628
407716
408080
408175
408266
408547
408592
408799
409613
410392
410508
410517
410726
410806
411438
411452
411787
411843
412383
412387
412414
412436
412949
412959
413004
413106
413192
413547
413858
413937
413969
413973
414106
414108
414149
414188
414193
414637
414994
415088
415300
415605
415742
415836
415967
415994
416537
416623
416684
416910
416959
418113
418826
418943
419033
419058
419136
419594
419711
419999
420842
420953
421049
421137
421214
421353
421496
421852
421985
422151
422545
423332
423494
423518
423574
423673
424086
424321
424458
424584
424592
424597
424865
425005
425263
425424
425686
425951
425954
426458
426969
427027
427062
427096
427250
427408
427450
427768
428417
428539
428651
429140
429530
429575
429719
429785
429826
429856
429959
430129
430802
430812
431350
431431
431547
431746
432121
432245
432305
432995
433111
433174
433234
433987
434713
434724
434798
435091
435343
435534
436333
436693
436875
437421
437808
437840
437913
438169
438754
439115
439171
439533
440349
440468
440532
440924
440982
441032
441047
441318
441842
442103
442141
442411
442713
443015
443070
443258
443262
443675
443780
444513
444776
445147
445646
446308
446391
446397
446438
446694
446878
447294
447321
447368
447513
447717
447802
448108
448117
448590
448613
448660
448792
449008
449166
449654
449743
449864
450043
450235
450524
450648
450723
450776
451258
451363
451658
451669
451897
451909
452286
452308
452470
453193
453207
453374
453547
453603
453834
453883
453907
453918
454083
454161
454400
454416
454587
455334
455342
455398
456040
456219
456698
456884
456892
457077
457552
457818
457865
458163
458268
458615
458921
459204
459341
459345
459405
459490
459887
460228
460550
460746
461276
461294
461689
461699
461875
462209
462214
462829
462890
463016
463030
463253
463313
463488
463491
463507
463510
463711
463715
463903
463912
464167
464208
464744
464842
465145
465158
465645
465877
466095
466468
466538
466690
467032
467042
467594
467993
468072
468117
468241
468259
468355
468493
468610
468745
468751
468837
468961
469360
469793
469953
470042
470106
470483
470805
470866
471250
471679
471762
471841
472140
472370
472481
472496
472871
473077
473195
473227
473462
473843
473939
474045
474414
474468
474673
474979
475420
475467
475561
475601
476199
476466
476563
476652
476721
476819
476999
477033
477413
477616
477692
477997
478556
478604
478681
479117
479253
479474
479553
479797
479946
480033
480366
480524
480775
480899
481388
482352
482458
482549
483002
483414
483533
483650
483688
483818
484042
484351
484493
484935
485052
485101
485826
485876
485901
486023
486173
486348
486524
486673
486850
486982
487176
487260
487513
487798
487956
488446
488496
488740
488809
489479
489886
489993
490207
490282
490375
490485
490737
490982
491304
491803
492143
492152
492345
492487
492764
493013
493029
493553
493937
493984
494444
494632
494950
495409
495425
495580
496563
496573
496685
496929
497347
497738
497740
497798
498300
498489
498524
498529
498824
499225
499303
499712
499855
500021
500232
500312
500716
500737
501066
501153
501191
501835
501865
501994
502006
502112
502161
502556
502999
503081
503126
503168
503187
503202
503254
503368
503371
503953
504100
504102
504300
504334
504387
504538
504549
504554
504682
504710
505071
505111
505434
505510
505518
505613
505779
506019
506588
506632
506849
506984
507102
507226
507544
507563
507729
507835
507911
507921
508005
509277
509785
510208
510386
510479
510597
510669
510973
511179
511341
511598
511732
511757
511792
512147
512310
512355
512448
512740
512905
513029
513128
513418
513469
513782
513907
514133
514200
514317
514471
514613
515368
515704
515788
516099
516184
516402
516463
516480
516797
516890
516919
517175
517258
517346
517461
517640
517916
518075
518279
518375
518482
518488
518808
518911
519306
519357
519593
519885
519917
520041
520071
520086
520204
520267
520632
520800
521133
521183
521291
521325
521377
521461
521549
521715
521999
522851
522905
523192
523410
523545
523619
523626
523630
523671
523672
523818
524190
524222
524613
524697
524910
524993
525126
525481
525815
525960
526027
526047
526399
526732
526976
526994
527677
527840
528008
528271
528415
528716
529411
529466
529487
529734
529795
529911
530133
530139
531231
531280
531469
531554
531926
532364
532387
532661
532893
532932
533279
533301
533341
533401
533699
534548
534910
535129
535596
536214
536487
536787
537036
537131
537145
537170
537640
537979
538020
538147
538286
538623
538893
539188
539301
539410
539430
539508
539545
539653
539813
540772
541775
542305
542380
542397
542506
542733
542969
543171
543214
543323
543558
543714
544826
545118
545177
545590
545867
545888
545944
545984
546256
546904
546948
547031
547328
547403
547811
548135
548232
548338
548345
548480
548515
548537
548741
548900
548967
548999
549038
549754
549759
549858
550149
550156
550293
550387
550812
550893
551179
551446
551617
551846
551883
551892
552483
552577
552765
552866
552870
553832
553886
554199
554519
554521
554852
555398
555525
555714
555727
555753
556228
556628
556739
557170
557537
558015
558926
558934
558972
559009
559052
559437
560163
560291
560369
560427
560661
560736
561007
561252
561723
561920
562031
562434
562473
562494
562758
562907
562991
563386
563600
563837
563904
565030
565366
565546
565900
566007
566212
566222
566225
566257
566577
567004
567220
567638
567649
567971
568128
568421
568646
568906
569912
570444
571232
571874
571877
572139
572619
572651
572659
572859
573223
573259
573488
573561
573823
573952
574409
574456
574634
574649
574836
574920
575118
575196
575287
575289
575826
576286
576301
576349
576380
576694
576831
576981
577134
577267
577476
577525
577594
578400
578639
578838
579117
579539
579663
579893
579901
580198
580256
580277
580384
580793
581328
581567
581633
581756
581869
582270
583115
583207
583460
583630
583711
583814
584758
584926
584986
585130
585301
585369
586120
586233
586437
587105
587138
587155
587488
587709
587781
588342
588423
588675
589322
589325
589844
589952
590101
590231
590237
590352
590713
590828
590838
591109
591687
591743
591864
592296
592421
592510
592613
592744
593091
593268
593355
593535
593978
594027
594063
594103
594239
594278
594535
594637
594644
595138
595687
595736
595750
595816
595837
596356
597001
597022
597247
597521
597899
598246
598308
598391
598520
598811
598984
598989
599178
599193
599279
599687
599806
600101
600388
600771
600773
601110
601555
601588
602005
602111
602122
602247
602481
603130
603395
603718
604255
604591
604625
604947
605153
605261
605446
606250
606466
606490
606841
607076
607089
607278
607552
607784
608210
608651
608653
608688
608822
608946
608950
608982
609070
609085
609104
609263
609478
609538
610249
610441
610537
610645
610931
611271
611397
611716
611926
612385
612525
612790
612925
612994
613585
613616
613644
614129
614247
614487
614697
614904
615114
615217
615243
615986
616108
616225
616308
616588
616635
616689
616904
616935
617647
617993
618311
618355
618387
618409
618550
618595
619253
619437
619574
620005
620173
620236
620290
620420
620425
620502
621020
621048
621444
621627
621707
622013
622027
622063
622371
622433
622586
622751
622990
623127
623205
623440
624135
624366
624915
625136
625753
625943
626070
626237
631719
631728
636595
639062
639696
644899
645318
646041
646273
646332
647081
651715
652979
655399
657916
659571
661750
663289
663848
667593
668634
668724
669746
670325
670749
672840
674245
675871
676503
677579
678120
683192
684214
684889
685088
685854
685909
685930
686005
686492
687257
687362
688016
688836
691229
692362
692982
693851
693908
694502
695195
695988
696493
697160
697903
697907
698321
698889
699477
699957
700210
701442
701934
703448
703679
704923
704970
705142
705461
706156
707701
707905
712966
714926
715113
715296
715839
715934
716228
716605
716607
716902
717234
717996
718486
719763
719939
720603
721553
723407
723771
725674
726829
728035
728458
729282
729592
729626
731056
731670
731835
732484
733176
733250
733479
733800
733831
734723
735179
735223
738639
738733
738937
739106
739109
739852
740458
741170
741223
742006
742581
743024
743419
744131
744212
744233
744475
745144
745339
745567
745709
746498
747212
748201
748897
748914
748989
749349
749414
749773
749848
750189
751181
751356
751640
751706
751942
752203
752575
752577
752820
752960
753513
753583
753723
754685
755160
755485
755525
755553
755860
756073
756177
756204
756633
756856
756895
756908
756981
757332
757680
758094
758395
758478
758594
758658
759378
759650
760174
760865
761035
762073
762412
762811
762864
763217
764009
764196
764703
764758
765143
765772
766230
766358
767344
767642
771767
772750
775383
776870
777179
777287
777319
777707
777955
777984
778035
778466
778695
778698
779524
781591
784931
785547
785945
785985
789110
789391
789531
790376
790625
790704
791569
791679
793957
794092
794248
794273
794448
794611
794675
794720
795109
798464
798749
798930
802089
803600
805426
806597
806691
812459
815594
819078
819373
819684
820096
821047
821793
822353
823514
824022
824083
825116
826330
827095
827344
827637
827754
828400
828469
828612
830291
830708
830899
831233
831241
831953
832102
832234
833614
835212
836821
838190
838586
839229
839992
840055
840247
842925
843317
843754
844279
844499
844535
845332
846552
847065
848798
849181
849398
849812
850013
855754
863227
863319
863693
863786
863878
864309
864313
864345
864554
864948
865207
865461
866495
866598
866605
866670
867193
867332
867448
867576
867719
867739
867960
868017
868062
868506
868711
868995
869019
869075
869371
869865
870253
870255
870287
870559
871984
872294
872365
872511
872973
873712
873925
874415
874719
874736
875212
875222
875583
875606
875750
876199
876791
876895
877096
877173
877203
877350
877574
877676
878173
878626
879068
879125
879271
879475
879726
879794
879865
879892
880018
880558
880616
880687
880760
880835
881061
881389
881662
882180
882215
882335
882861
883129
883223
883589
883606
884018
884582
884749
884793
885458
886706
886814
887214
887379
887726
887818
888291
888468
888504
888764
888894
889010
889184
889243
889850
890020
890216
890643
893080
893331
894075
894273
894625
895420
895595
895618
895668
895765
896048
896389
896583
897154
897655
897878
898005
898398
898488
898847
899601
899788
900576
900713
900716
900765
901658
901776
901879
902011
902470
902624
902696
903174
903257
903406
903423
903617
903623
904057
904261
904661
904967
904975
905025
905119
905130
905139
905481
905810
905873
906309
907465
908076
908210
908480
908694
909001
909180
909985
910386
910640
910803
910909
911151
911208
911400
911475
911614
911619
911669
911963
911967
912180
912261
912462
912862
913386
913872
914668
914881
915947
916120
916220
916245
916381
916607
918198
918214
918479
918808
919394
919844
920061
920725
920997
921067
922012
922053
922213
923572
923662
923932
924268
924491
925848
925981
926647
926653
926970
926991
927319
927343
928374
928552
928649
928931
930235
930308
931146
931403
932379
932389
932992
933050
933448
933511
934189
934931
935878
936298
936731
936946
937532
938555
938953
939097
939404
939695
939734
939943
939954
941247
941677
942083
942775
943072
943264
944976
946457
946483
946547
948262
948522
948847
949250
949287
950015
950274
950589
950659
951497
952141
952756
952954
953473
953482
953571
953727
953733
954307
954512
955324
956223
956935
957197
957240
957469
957858
958301
958606
958670
958765
959028
959459
959718
960100
960264
962003
962069
962902
963258
964059
964786
964818
964919
965265
967255
967260
969035
969708
969958
970894
971440
971613
971894
972625
973090
974145
974186
975522
975607
978073
978112
978479
979729
980370
980888
981977
982996
984130
988692
