103101
103556
104144
112384
113350
115350
116964
117305
118443
122732
122953
129449
129865
133955
135661
137872
141674
144223
147839
148673
148960
149358
150303
150797
151984
156003
157573
161452
162147
162269
165455
167691
167694
171303
172457
172606
175030
178316
179210
180587
183627
186567
190264
193219
205440
211249
214134
217149
218551
222969
223769
225099
227713
228673
232528
233608
233705
234582
236652
238099
240815
246504
247100
251775
253604
258785
261750
262573
263990
272184
274519
279304
280075
285254
285334
285933
287925
288540
293868
293878
295911
296054
296939
297315
298513
308641
309554
311535
316085
319732
321127
323823
324156
324435
326027
326137
327617
328897
334092
335616
336295
338862
342294
347928
347996
350221
350268
350295
355550
355952
361776
363750
364871
366154
367316
367989
368413
376091
377865
377990
381111
382344
384337
384413
385877
389056
389914
397005
397173
398255
400827
401319
404674
407709
408037
411990
413942
414915
415543
415572
416522
416914
419573
420524
422146
423513
425791
427051
428499
429282
429671
430423
430600
436180
438350
439351
442110
444381
448223
448379
449547
450466
452539
455049
457519
460069
460441
461169
461473
467509
469008
470371
472574
472865
474358
480255
481113
483232
483240
486996
488013
491979
493195
495380
499990
507304
509781
510500
511293
512746
516054
517642
517714
519298
519415
519431
521874
529566
530654
531503
535960
536854
537653
540808
541925
542485
542862
544080
544269
545082
553154
555241
555991
558271
562693
564534
565840
567863
579243
580062
580438
581203
581617
581958
585855
586731
594993
595074
595959
596702
597230
598465
599240
599293
599341
603349
603945
607352
610037
611076
613840
615241
615790
621421
621494
624442
624787
659309
675861
684803
724542
734759
739784
742911
747425
748791
758819
763631
765773
766692
772088
772269
773804
778878
778926
781259
787888
794958
795195
831250
837578
844875
849340
872317
872580
872971
874600
878666
881163
882421
884179
885851
889372
889796
892322
903345
909387
912703
913443
923966
925116
929414
935849
936719
936762
938501
949192
956265
956642
