106319
116737
117667
125962
126177
132674
146069
147288
147715
150817
151445
152242
153136
156715
156805
161861
163810
163930
163968
167077
178315
197939
198134
203148
206960
233561
235596
239392
241671
245547
246112
251493
251654
251696
269326
280686
280766
281256
281274
281284
281822
282078
286321
286384
286476
286879
289284
289515
292595
293338
295374
297408
298742
299386
302502
302709
305209
305516
307536
310022
311545
312308
312376
312882
313130
313509
314228
314647
314666
316534
317741
318075
318269
318414
319435
319870
323584
323601
325127
325622
326485
326869
327141
329453
329649
330295
331420
333183
334919
337132
339428
340229
342633
344483
345803
345938
348808
353744
355386
355838
356360
356945
358032
358247
358664
363387
365265
365900
366052
366974
369854
372700
372970
373268
373549
373743
374337
375633
375840
378542
378893
379272
379890
380539
380551
380623
382901
382915
382947
384139
384643
384751
385264
385398
385630
386149
386890
390693
391139
391614
392923
393575
393980
394148
394553
394646
395081
395908
396370
396493
397058
397821
398236
399587
399615
403181
403445
404535
405368
405619
407946
409846
412311
413295
413960
415493
416163
416396
417564
417862
417976
418229
418511
418537
419062
420529
421558
422081
422497
422801
423302
423459
423591
424567
427698
428547
428793
429072
429748
430029
430778
431142
431838
432161
432312
432339
432888
433003
433916
434047
434197
435345
435519
435594
436030
436373
436629
438646
438935
439015
439245
439314
440578
440757
441489
442238
442250
444023
444058
444764
445207
445370
445388
446533
446817
447084
447143
448359
448585
449515
451756
451811
452025
452320
452878
453200
453691
454007
454905
455505
456059
456332
458823
459004
460064
460889
460915
462438
462727
462891
463550
464558
464706
464835
464837
465110
466075
466214
466895
467022
467246
467949
468791
470971
471628
471672
472468
473266
473870
474006
474104
474302
474538
474850
475170
475419
475865
476509
476646
476702
477097
477520
478470
478625
478853
480133
480705
481067
481563
481873
482313
482410
482649
482740
482827
483143
483494
484505
484507
484569
485938
486748
487307
487355
487665
488362
488638
488650
488798
489485
491131
491496
492221
493366
493414
493903
494161
494752
495018
496119
497021
497131
497711
497807
498613
498969
500089
500462
500575
500910
502013
502970
504317
504625
504983
505801
505822
505984
506129
507358
507738
508354
508618
509547
510225
510350
510718
511815
514324
514456
514697
515047
515291
515602
515864
515977
516255
516496
516505
516699
517749
518023
518436
518680
519009
519068
519137
519261
519383
519581
520357
520893
521837
521974
522471
523195
523327
523822
524084
524117
525660
527139
527144
527178
528601
528848
529688
530730
530805
531987
532669
533584
533736
534303
534916
535313
536313
536536
536667
537113
537182
537630
537872
537889
537976
539446
539968
540458
540740
540798
541611
541689
542333
542513
542908
544077
544399
544498
545283
545730
545827
546628
546750
546857
547021
547712
547968
548830
548866
549662
549954
550509
552042
552232
552282
552709
552794
552846
553698
554157
554173
554234
554667
555224
555810
555962
556062
556852
557344
557636
558004
558255
558424
558639
558641
558887
559504
559661
560139
560382
560913
560962
561097
561237
561280
561468
561496
561739
563169
563483
563916
563934
564051
564430
564492
564995
565138
565899
566035
566886
567096
567447
567455
567458
568688
568735
569017
569376
570060
570299
570691
572123
573956
574374
574952
574988
575722
575745
575890
575957
576237
576608
576954
578192
578365
578715
578811
579239
579429
579607
579750
580533
581288
581464
581812
582088
582298
582622
582842
583156
583930
583933
584262
584471
585524
585548
585739
586384
586977
587069
587093
587277
587703
588586
588779
589014
589121
589303
589702
590026
590816
590903
590913
590930
591423
591620
591731
591832
592442
592647
593170
593782
593963
594749
595172
595282
595288
595332
595541
595924
596209
596619
596695
597096
597332
597481
598054
599076
599235
600064
600263
600365
600407
600624
600864
601072
601148
601211
601323
602293
602580
602585
603111
603204
603787
604958
605052
605409
606290
606446
606879
607312
607470
607514
607795
607806
607833
608228
608489
609205
609958
610380
610511
610984
611092
611122
611366
611967
612824
614173
614270
614286
614754
615725
615774
616642
616827
617042
617827
618180
618438
618634
618667
619116
619257
619476
619694
619942
620532
620552
621681
621991
622133
622143
622410
623542
624047
624092
624470
624471
624505
624519
624767
624875
624879
625483
626116
626162
626176
626186
626378
626395
626543
626585
630361
647185
656429
659809
665787
668054
673150
674700
679482
682601
686344
689996
690403
694207
697228
697693
697708
703803
708114
710572
711414
712421
712681
712763
714679
715423
715453
717186
717262
717489
718355
718406
718506
718509
719430
719834
733680
735292
735711
736979
737702
738717
739860
740042
740547
741484
741623
741648
742252
742338
743021
743791
743906
743909
745446
745847
746033
746585
746656
746673
747029
748021
749645
750245
750277
750309
751160
751424
751571
753107
753696
754772
755417
755762
756531
756582
756804
757611
757740
757822
757850
758272
758771
759265
759360
759476
759481
759542
760007
760414
760960
761107
761277
763495
765073
769023
770491
770583
771171
772616
773026
775182
776030
777103
777941
778187
778982
779569
779698
784756
786034
786875
789685
793046
794427
794701
795345
795799
826694
828186
828509
830062
832710
832718
834588
834629
837705
839184
841590
841657
844055
846074
846545
847294
849583
849882
863109
863452
863615
864534
864765
865128
866059
866768
866785
866805
868310
868554
868830
869060
869131
869677
869888
870134
870293
870598
870976
871178
871314
871654
871864
872738
872953
873625
873863
873972
873976
874298
876006
876204
876659
877339
877424
877790
877979
878063
878894
879543
880102
880292
880608
880858
880985
881349
881361
881592
882024
882052
882650
884368
885396
885525
885940
886146
886521
886524
886876
887266
887397
887646
887993
888260
889564
889787
889928
890141
890147
890224
890737
890863
891055
891796
891814
891914
892436
892502
892652
893132
893758
893886
894130
895072
895121
895405
895588
896797
896825
897112
897119
897762
897897
898790
899080
899554
899645
899949
900997
901773
901985
902225
902784
903506
903640
903654
903657
904285
904633
904787
905016
905482
905530
908130
908659
908792
909142
909911
910802
911116
911241
911546
911665
912168
912621
912815
913200
914212
914801
914803
915537
915992
917055
917482
917561
917658
917867
917993
918078
918459
920213
920945
921456
921459
922200
924624
924821
925187
925417
926125
926305
927425
927687
929185
930168
931620
931714
931963
932158
932260
933026
933463
934224
934791
934984
936466
936517
936571
937394
939408
939882
940833
941175
945244
945489
945662
946036
946107
948732
948825
949125
949136
949337
950781
950817
951317
951420
952101
953695
954509
955263
955388
955943
956208
956427
957024
957255
958258
958337
961026
961129
961140
961336
962012
964377
964437
964485
964915
964970
965172
965787
966463
967056
967239
968496
968537
969925
970153
970796
971686
974985
977640
977943
979705
979802
987100
988307
989025
