100034
101374
102122
106319
111737
115588
117805
125300
132253
132674
135333
144027
149806
150817
151510
161861
163810
163930
163968
164054
168332
174458
178315
189428
206960
230434
233943
234763
234940
235596
239392
246112
251654
267316
269326
280686
281256
281822
283617
286321
286476
295374
297408
298742
298935
299373
299386
302709
303169
305785
307536
310944
311778
313084
313130
313509
314176
314647
314666
315925
317704
318075
318269
318414
318537
319215
319870
325622
326485
328376
329649
331165
331167
331420
331528
333183
337132
339428
339456
342633
344483
344854
345803
348086
348808
349131
350768
353724
353744
355247
355809
355838
355990
356945
357330
357355
358032
358149
358664
360867
363826
364976
365900
366033
366052
366974
367958
368544
369927
373230
373743
378542
378893
379152
379326
379721
379890
380329
380551
382915
383680
384139
385264
386618
386890
387459
390693
391139
392734
393559
393980
394553
394632
394646
395163
395908
396493
397058
398918
399356
399587
401576
402936
403407
403445
404236
404535
404654
405527
407946
408382
408811
409719
409846
411769
412311
412572
413148
413231
415230
415267
416331
417475
417564
418229
419062
419245
420888
420906
421106
422053
422118
422497
423302
423842
425601
427698
428547
428793
429748
430029
430778
431838
432340
432941
433003
433707
434197
434214
435519
435594
435684
435688
436146
437016
438646
439245
440971
441041
441628
443162
444143
445207
445370
446533
446817
447143
448585
449083
451099
451156
451756
452320
452878
453200
453384
454838
455505
456059
458823
459771
460754
460808
460889
460955
462438
462727
462891
463245
463550
464086
464747
464835
465110
466214
467022
467949
468749
468791
470180
470958
472042
473266
473870
474073
474401
475078
475419
475865
476509
476646
476702
477520
478210
478470
478898
480133
480705
481067
481873
482313
482410
482649
482827
483143
483402
483494
483767
483791
484013
484481
484505
484507
484948
485025
485038
485289
485655
485938
486278
487307
487355
487498
488139
488638
488798
488933
489485
491744
491823
492002
492221
492634
493366
494917
495018
495163
495544
496891
497131
499919
500809
502013
502470
503989
504317
504625
505029
505973
505984
506129
507317
507976
508101
508618
509138
509178
509394
509547
510225
510350
510627
510875
512395
513144
513774
514349
514697
514931
515602
516224
516231
516496
516505
516519
519009
519068
519261
519383
520893
521837
521974
522169
522740
523195
523242
523327
523586
523687
524084
524235
525660
526049
526348
527144
527178
527980
530805
531319
531634
531947
532669
533449
533587
533789
535895
537630
537872
538407
539741
539984
540268
540798
541967
542333
542513
542697
544028
544077
544203
544222
544498
546628
546634
546750
546857
547021
547712
548662
548667
548866
549049
549954
551420
552282
552709
552737
552756
554157
555224
555962
556062
556192
556852
556927
557636
557727
557972
558004
558639
558641
559419
559661
559916
560139
560724
561064
562698
563169
563579
564060
564071
564110
564430
564852
564995
565168
565411
565584
566081
566217
566502
567447
567455
568070
568454
568735
568774
569032
570069
570299
571707
572842
573231
573543
574136
574212
575557
575645
575877
576166
576237
576692
576954
576975
577768
578150
579001
579132
579239
579607
580132
580533
582178
582298
582622
582842
583156
583933
584027
584262
584471
584633
586117
586326
586678
586977
587069
587093
587703
587778
588498
589029
589303
590913
590914
591080
591423
591620
591897
592006
592647
594701
594749
594932
595172
595403
595487
595924
596209
596222
596228
596268
596414
596695
597332
597927
598054
598666
598679
598899
599235
600064
600263
600365
600407
600624
600864
601323
602091
602293
602538
602580
602814
602869
603156
603787
604639
605207
605409
606385
606446
606879
607408
607833
609205
609428
609958
610063
610511
611332
611445
611957
612518
612612
612824
613237
614173
614216
614270
614557
615225
615774
616142
616425
616642
617088
618098
618147
618180
618322
618458
619116
619622
619628
619694
619942
620532
620995
621499
621991
622143
622228
622616
624395
624470
624471
624519
624871
625483
625643
626162
626176
626343
626395
626409
630361
647185
649026
655657
659809
663374
665395
665787
668054
669327
676950
679482
681537
682601
687176
692513
695147
696101
697115
697708
703218
703277
708709
711253
712681
714548
714679
714970
715453
716095
716646
716869
717186
718506
718723
718967
719194
727985
735292
735711
736979
738500
738717
739860
740042
740766
741648
742057
742338
742796
743028
743885
744152
745257
745446
746597
746656
747764
748618
749217
750277
751921
752510
754772
755432
755842
756582
756804
756866
757740
758123
759265
759476
761107
761277
761912
762665
763495
764868
765930
765948
767958
769023
769152
771621
772438
772616
772834
775133
776554
777448
777941
778982
779242
783906
789685
793968
794579
794877
795122
795345
795799
815145
826583
827072
830308
832718
834629
837208
837705
839184
841657
841848
844055
844497
846545
847294
848418
863452
863494
864534
865466
865871
866658
866785
866805
867000
867427
867927
868160
868830
868996
869131
869213
870293
870976
871178
871314
871654
872398
873625
873863
876006
876659
877339
877424
877790
878063
878894
879099
879335
880102
880484
880608
880780
881592
881614
881717
882052
884762
885940
886524
886812
886876
887504
889070
889307
889564
889739
890141
890737
890800
890922
891055
891085
891216
891537
892332
892436
892652
892873
892959
893132
893886
894130
894344
895218
895588
895812
895859
896292
897112
897141
898632
898672
898790
899080
899535
899733
899949
900728
902666
902784
902830
902993
903051
903640
903654
904204
904633
904695
905016
905482
905530
905659
906151
907937
908659
908701
910117
910134
911366
911665
912673
914592
916256
916868
917482
918133
918439
918603
919238
919379
919458
920128
922200
922209
922290
923757
924214
924493
925112
926125
927425
930608
930843
931432
931963
932158
932380
932591
932964
933026
933342
934515
936466
937357
937376
937394
937893
939408
939496
940763
942746
946107
946451
946611
947024
948732
949136
949466
950781
950786
950817
951012
951119
951233
951420
952101
952801
953213
953695
954028
955263
955310
957813
957831
957946
958064
959131
959239
959410
959894
959903
961153
961444
961553
962012
963260
964377
964485
964774
967056
967170
967703
967786
967849
968428
968493
968496
969099
970021
970173
970473
971686
971939
972514
972627
972634
972883
972937
973274
973819
974334
974417
975059
975187
976061
977640
977702
977943
979705
979802
980703
981233
981820
982129
982344
983578
983744
984672
984812
985569
985590
986125
986878
987100
987648
987750
987972
988803
989025
989353
989561
990145
990385
990538
991221
992699
992717
993844
994211
994504
995229
995957
996278
996421
996448
997655
997916
998069
999010
1000475
1000560
1002898
1002917
1003082
1003499
1004253
1005776
1006101
1006496
1006960
1007022
1008376
1010173
1010612
1010695
1011157
1011662
1012296
1013452
1014685
1015043
1015222
1016138
1017482
1020720
1027646
1027715
1028864
1029318
1030391
