103316
103556
103701
104235
104311
106845
115350
117783
120249
122194
132562
134419
134811
135234
137637
140050
140423
141519
141837
147670
147839
149358
150303
155640
157556
157573
157618
162269
172457
173576
175030
178316
179210
180417
180580
183542
184407
191656
193219
196252
201090
203896
211249
217149
218551
223124
223769
226572
227120
227391
227535
229728
230354
238099
240869
241262
241363
243854
247659
250156
251775
252539
252737
257800
263990
266964
267682
272546
274391
275145
276060
279261
280075
282961
284255
284704
285423
285933
288540
289744
290288
293261
295911
296054
298513
300450
309534
310284
310821
313330
315486
316085
321730
324153
324156
325217
327585
329029
331231
333727
335616
336691
339517
340868
340892
342335
344262
346096
349205
350727
353491
355952
357076
357905
358261
358782
363956
364362
366154
367316
367518
367858
369132
373276
374935
376091
376752
384017
384399
388509
397403
398255
406394
406488
408037
408070
411041
411179
411622
415771
417703
419573
419686
421273
421850
427662
427893
428499
429282
429671
430600
432460
433360
436180
438292
440651
443891
447748
447834
448223
448379
449959
452539
456024
458925
459955
460069
460608
461473
465179
465434
467509
468051
469114
469824
474158
474463
477469
480106
480255
481567
484511
485986
486113
489428
491581
494583
495371
495380
495748
496318
496594
496885
497545
498041
499484
509781
511293
512350
512805
513037
513064
514312
516654
522400
522527
527874
528109
529666
529696
533987
534383
536854
538050
538455
542549
542862
545927
550556
551714
553154
555913
562572
563875
565840
567520
567840
571013
572715
577207
577391
581768
582514
584282
587325
588694
589169
592064
592368
592801
596504
602185
603945
605982
606737
606928
607140
607352
612375
613217
613840
614747
616311
616601
617626
619611
619616
624419
638941
644870
684803
686267
700038
704572
705311
733528
733811
741756
747498
748376
754771
754929
758732
759889
767398
771424
772088
773804
774114
797262
824284
824734
832733
834995
849080
866455
870197
871644
872216
872971
881163
882421
884298
886314
889796
893725
895219
906246
909387
911537
912703
914959
916032
925116
937226
937404
937734
941775
947740
956182
956686
956992
962845
969405
970623
975471
977837
980856
981733
983889
997829
998836
1000555
1001158
1005147
1010656
1015386
