103011
103223
103556
109439
111299
115350
116964
117783
124893
143739
146149
154529
157556
167691
181186
193480
205543
209827
211152
214134
223124
227120
227391
228673
234370
234582
243304
243662
244406
257800
258619
267682
271363
289744
309534
316085
317176
334513
342554
343998
349205
349445
357076
362297
371614
372734
374935
382617
402552
406289
407709
443891
446165
447748
452539
467226
500027
512762
527874
555913
603945
619616
637772
722246
723572
770161
771424
797262
797879
810251
822018
926313
947206
1008900
1009860
