100302
101461
103881
103968
104060
104717
105839
109795
109828
110753
111383
111543
111896
114750
116116
118234
118658
119454
120461
120628
120734
121796
122407
123035
124116
124913
130191
130756
135030
144552
149993
152384
156763
159143
163878
165109
166309
166316
167249
167428
170515
171620
171728
172406
175616
175621
176552
177303
178217
179118
180493
181816
182290
184326
184731
186748
187465
192616
192911
194240
195383
197841
198920
199622
201229
201893
202323
204208
204365
205363
205866
209656
214353
216241
221964
222874
225015
225321
225520
225706
226026
228171
229535
229999
234742
236507
236672
237038
238174
239278
240504
241230
241897
242569
244099
245071
247583
249117
249823
250397
250413
251002
251397
251568
252031
255765
260074
260786
261715
262270
263505
263583
264567
265244
268921
270265
270336
270378
271240
272045
273537
275829
275928
276275
276638
287398
287668
290818
291261
305717
308525
313286
320242
321006
324385
334544
340681
344891
346406
346951
351726
356236
359806
361281
361526
367139
368495
371928
379536
395713
399087
399590
405700
408044
408071
414077
414692
426139
430278
430713
433478
433622
437624
439081
449241
480218
484590
485421
486268
499840
505859
508484
516630
518914
519469
520176
522852
539572
541799
549689
555704
557270
557428
559127
569472
576664
578978
592027
601992
602830
612288
628198
628458
631511
633457
636991
640694
640984
641006
651286
668243
698072
727036
746430
747446
751685
758595
766771
787767
791064
799990
806884
808622
820251
842170
904914
921065
