100128
100351
102086
103618
103881
105549
106500
106904
108208
109665
109828
110753
111383
111896
112024
114202
116116
118234
118658
119803
120461
120628
120683
121729
121796
122436
122503
122824
122976
123035
124913
126432
130191
132351
136380
140167
141312
142967
143238
146995
148366
149993
150377
153582
154536
158293
158369
158982
159143
159208
160974
160992
163878
164470
165109
166316
170515
171711
172406
173977
177738
178217
178786
179683
181796
182706
184326
186748
190629
192616
193943
199622
202323
202425
203225
204208
204886
205363
205515
206123
207073
208598
213179
216241
217351
219147
221964
224869
225520
226026
227452
227691
227768
228947
229609
229782
231930
235527
236434
236748
237038
237191
238174
238326
241230
243641
243775
246530
246715
247583
247641
247732
249117
249823
250397
250413
250481
251002
251397
251568
252324
253255
256174
259329
261715
261850
262270
262572
263583
266691
267994
268921
269558
270378
271812
272748
273537
276275
276334
279069
279676
287148
287668
290818
297302
303635
305717
307887
308525
308998
314652
320242
321145
321318
324385
324985
327353
333472
334544
337037
342716
344797
344891
345181
346406
350228
350887
353299
354197
355942
361281
362743
367948
368495
375618
381307
381733
385880
390808
393035
399087
401419
405700
408044
409431
410330
412056
412481
414077
422806
426731
427805
430278
430713
433622
434667
437624
439081
445612
447576
450463
455409
455425
456258
459248
460099
466057
469444
470667
480218
482421
483369
484590
484879
485421
486268
489057
499532
500691
505859
510405
510699
517711
518800
518914
519469
522852
530131
533921
539572
541720
544081
555704
557270
557428
561560
569165
569472
578978
591870
592027
595037
602830
608263
612288
624579
636991
640694
650468
653580
673938
692584
697054
725748
732267
735462
738892
779802
794841
799107
799990
806884
808422
808622
816386
820251
822185
822467
833231
842170
883307
890978
896604
898139
899152
910054
912024
918942
925200
941678
995860
1027704
