101024
104822
106845
110119
112384
114078
122074
122470
124370
126268
129652
129710
129832
129865
130992
132562
133955
134419
137770
137872
138252
141200
141674
143620
144223
147670
147765
147948
149358
150303
150797
154553
156003
159875
162269
170455
171303
172606
173068
173576
174204
174419
175405
177989
178316
179210
180587
183146
183627
190264
191656
191699
196252
201704
207999
210834
210875
211730
215571
218711
227293
227713
228275
229543
235302
238099
238407
240815
250387
252768
254464
264105
265472
274391
274814
275145
281388
282723
282961
285933
286472
287925
288286
288519
288540
288780
290854
293868
295911
296978
299262
304419
305200
305396
309554
311535
312106
313574
317226
317806
318776
321563
322611
323543
326137
326163
328897
332160
333727
335616
337059
337232
339517
339726
344491
344769
347433
347996
350268
352503
354491
360625
362574
362946
365229
367316
367772
367989
376752
377190
377348
377990
378874
379116
381111
382344
383544
384413
384798
385877
387117
394153
395357
397173
398255
400827
402039
404674
406497
411041
411179
411990
413942
414485
415572
415846
415922
416914
418178
418716
419573
422146
422339
423513
424956
425791
426042
428499
430340
430600
431711
431759
432141
432571
433359
433360
435438
436155
436180
437983
440651
440998
445530
446067
449528
449959
450466
450559
455049
457519
458452
459236
460069
460441
460605
460608
461473
463012
465179
466365
466555
468051
469725
469824
471661
472574
472865
474358
474463
479489
480106
480255
481567
484511
486113
486607
488013
488325
490250
491988
492905
494428
494628
494743
496318
498041
498176
499344
499990
500773
501761
507612
508247
508777
509781
510562
512605
512805
513037
513229
514340
514356
514403
519298
519415
519431
520405
529492
529625
529696
530654
531503
532324
534448
535960
536854
540808
541311
541473
541925
544080
544278
545113
545295
552096
555241
555991
556559
558271
559206
562680
562693
563152
564534
565621
565670
566083
575595
576610
577391
577640
579243
581043
581203
582415
583140
583549
584297
584808
585804
585855
585878
586140
586731
589971
592368
594993
595004
595074
595775
598314
602068
603359
605982
606550
606928
607352
607577
608206
610037
611076
613217
613840
615241
620536
621421
622284
624787
632628
645195
648155
660186
669659
675861
679028
684803
696179
699965
706051
716465
717974
724542
725689
733615
741756
742911
747511
748575
748791
754771
754929
756372
756427
758732
758819
759352
765420
766692
767398
768277
772088
772269
773647
773804
778878
779227
781259
792139
794958
797590
809261
823716
824734
827332
827856
828072
832733
834995
839227
844875
849340
863473
866441
866455
867476
867749
869612
872216
872580
873169
874600
876747
880786
881629
882421
882992
884179
884298
885851
889372
890549
894223
896431
898275
899017
900126
901126
901922
902131
903345
904012
904487
910954
913443
917073
921280
921295
921834
925116
929414
933462
934335
935817
938814
939133
939283
939946
942786
944595
948343
956642
956686
960774
964541
974308
976696
