101024
101919
103011
103216
104144
106541
106845
109439
111107
111299
111320
113350
114078
115350
116105
117461
118151
122194
122953
131971
132848
132873
133945
134419
136453
138025
138252
139931
140050
140261
141200
141519
141674
143258
143739
144120
144223
145132
145933
146149
146257
147495
147550
147983
149358
149637
150201
150303
152198
152989
153146
154529
155384
155640
156003
156694
157025
157480
157556
157573
157880
158666
159875
160985
161452
162721
164486
164707
165303
167691
167694
168797
170202
172457
173559
173576
174303
176093
177989
178316
179079
180580
181186
183146
183542
183627
184165
184392
187748
188096
191099
191656
192454
192657
192725
193219
193480
200739
201782
203896
204971
205543
207265
207999
209038
209827
211152
212340
220140
220201
221606
222127
222422
222969
223100
223124
223769
225832
225952
227391
227535
227713
228673
229728
230354
233891
234370
234582
234709
235302
238099
238407
239147
241262
241349
241363
242142
243662
244406
246405
247659
252046
253914
253951
255383
258511
258619
261750
262354
262985
263990
271745
274391
274418
274814
275365
280075
282192
282961
284718
285933
288540
289595
289744
290288
293261
294538
296054
296978
300450
302852
303182
303660
303666
304766
305085
305396
307081
307840
307920
309059
309113
309149
309534
309554
310284
310821
311535
312106
312114
313330
313574
316085
317176
319952
320828
321563
321730
323823
325217
326027
326157
326260
326647
327491
327617
329029
329146
331822
332928
334513
335322
336083
339016
339517
340868
340892
342294
342928
343871
345357
345926
346096
347928
347996
348211
348663
349205
349385
349445
351794
353471
355952
356107
359239
362297
362574
364362
364627
365229
366154
366254
367316
367518
368346
369359
370185
370453
371195
371266
371503
371844
372734
373189
373276
376091
376207
376752
379116
379504
380287
382160
382617
383055
383197
383544
384017
384249
386537
388248
388367
388509
389862
390831
392166
393960
398179
398255
398334
398608
400827
400912
403724
404674
406289
406497
407709
407754
408037
408070
409482
409619
411622
411697
411990
413287
413942
414485
414915
415543
415846
415922
415951
416265
416480
419573
420381
421479
421850
421972
423513
424196
424917
425791
427662
427912
428499
429282
429671
429948
430340
430456
430600
431711
431759
433359
433360
436180
436727
436857
438292
438350
440211
440904
441458
442134
443349
443612
444007
444080
444738
446165
447519
447537
447562
448223
448379
449764
449959
450466
450717
451572
452551
453449
453501
454691
456731
459955
460069
460441
460608
461439
461473
462236
464446
464625
464914
465179
465569
467226
467487
467509
468525
469453
469710
471148
472067
473273
473425
473484
473543
474144
475057
477100
477469
479010
479250
480061
480106
480255
481567
482054
484511
485986
486113
486586
486598
486607
487158
490522
490639
493195
493557
494127
494986
495638
495718
495748
496084
496318
498041
499344
499395
499990
500027
500773
501079
503181
505629
505897
506288
507119
508424
508684
511293
511908
512350
512746
512762
513064
516054
516269
517522
517642
517911
519415
519431
521874
522150
522400
523122
523772
524800
525242
526847
527643
527874
527976
529566
529696
531155
531486
531793
531887
532366
534014
535231
536673
537265
537653
538050
538455
539221
540379
541950
542121
542549
544269
545570
546438
552096
553907
554967
555048
555241
555913
555991
557637
558074
558271
558967
559206
562740
563152
564353
564534
564547
565670
565979
566428
567300
567840
567863
570376
570838
572092
573524
573796
574194
574776
576610
577640
578813
581043
582514
583577
584815
585265
585615
585855
586050
586140
587888
587960
589957
590436
590899
592368
592916
594098
594113
595074
595445
596504
597089
598314
599353
600515
600897
601993
602294
602687
603195
603359
603710
605893
606704
606928
607544
607577
608795
610037
610223
610554
611726
613217
614747
614876
614928
616311
618413
618484
618835
619616
620513
620536
620568
620725
622812
623517
624016
624419
632628
638941
641965
647380
668617
669659
672915
692265
700038
718364
722246
723572
730692
733615
734827
737446
741756
743189
747425
752805
754771
756427
757193
758732
762002
767398
767494
770161
772404
774914
778926
779227
783674
787346
795020
795350
796188
797879
801364
802012
810251
820317
822018
824734
830249
830520
831310
832733
833255
834995
835247
843700
845000
849340
863491
866117
866455
866758
869786
870787
871210
871644
872216
872921
872971
875744
875846
879348
881163
882245
882421
884273
885851
885967
892685
893939
897318
909626
909751
914678
914959
919294
921280
925116
926313
927136
932046
933793
937734
938332
938814
939722
940103
940625
942179
943230
943536
945568
947757
949269
953914
956182
956580
956642
957508
960169
966883
968904
969405
969544
970355
970562
974308
976826
976830
978356
978400
997744
1001158
1004620
1008900
1009860
1010656
1011380
1011599
1012544
1015262
1017280
1023424
1025032
1025140
