100264
100842
100876
100985
101392
101532
101669
102647
102939
103218
104749
105377
105649
106225
107756
107872
107874
107966
108067
109302
109730
110487
110899
111287
111939
111958
112006
112041
112044
112387
112455
112883
113297
113566
113661
113670
113700
113875
113960
114730
115514
116011
116382
116442
117912
118750
119057
120004
120404
120927
120965
121443
123801
123825
124006
124474
124681
124784
125045
125407
125902
126632
126715
126930
127101
127319
127960
128591
128859
129017
129080
129189
129289
130366
130477
131008
131834
132260
132279
132683
132897
132966
133022
134146
134440
134691
134880
135702
136593
136688
136996
137060
137270
137464
137504
137806
138395
139963
140052
140319
140480
140578
140850
141648
141664
142122
142373
142525
143116
143322
143988
144205
144417
144896
145219
145230
145395
145467
145875
145974
146201
146298
146469
146574
146803
147503
147896
148080
148414
148475
149249
149318
151812
152033
152806
152992
153604
153769
153963
154248
155845
155855
155896
156041
156096
156456
156590
156634
156655
156690
157047
157180
157314
158587
160378
160433
162284
162365
162513
163124
163178
163318
163869
163984
164467
165072
165344
165377
165690
166603
166926
166939
166992
168584
169209
169695
170102
170586
170744
170884
172576
173968
174604
174805
175840
175958
176123
176187
176549
176862
177684
177783
179113
179724
180223
180415
181085
181607
182028
182299
182731
183067
183140
183182
183762
183834
183978
184353
184838
184841
186319
187042
188482
188845
189043
189535
192038
192058
192516
192639
193056
193536
193677
193748
193871
194407
194449
195105
195200
195246
195757
196143
196667
196899
197038
197039
197571
197718
198038
198525
199022
199285
199504
199655
199712
199966
201118
201253
201617
201921
202124
202222
202371
202501
204577
204972
206078
206778
208232
208332
208865
209033
209483
209988
210355
210939
211111
212031
212301
212363
212834
213545
214182
214446
214517
214721
216620
217342
219957
219965
221216
221943
222416
222676
222847
222895
223318
224999
225819
226871
227142
227151
227901
228009
229028
229076
230440
230734
230980
231496
231859
232553
235188
235462
236734
237374
237648
237940
238365
238557
238925
240304
240947
241017
241180
241558
241604
241673
242171
242195
242201
244550
244827
246299
246722
247209
247304
247735
247851
248247
248473
248530
249418
249449
249715
249926
250700
252915
253734
253749
254490
254830
256229
257050
257398
257663
257995
258405
259479
260419
260993
261019
261384
261502
261871
262427
262557
263361
264188
264688
264832
266488
267005
267463
268342
268343
269982
270174
270370
270415
270754
271265
272234
272436
272651
272913
273854
274561
274761
275298
275684
275864
277935
278259
278479
278593
278602
279693
280400
280575
281114
281279
281584
281956
282261
282802
282991
283016
283278
283819
283910
284033
284389
284672
285137
285206
285930
286215
286753
286841
287730
287867
288010
288039
288120
288502
288846
289106
289241
289819
290089
290249
290337
290588
291279
291464
291564
291986
291999
292246
292347
292413
292873
292885
293451
293559
293943
293947
293992
294115
294156
294360
294412
294453
294552
295601
295941
295946
296137
296432
297354
297467
298020
298191
298368
298450
298810
299907
300136
300920
302013
302117
303309
303392
303715
304026
304298
304332
304391
304901
305001
305003
305022
305264
305884
306020
306030
306466
306607
306638
307210
307559
307895
307985
308584
308695
308815
308900
308949
308992
309445
309792
309947
310184
310380
310392
310659
310847
311539
312418
312856
312877
313095
313128
313260
313650
313701
313925
314138
314153
314165
314863
315168
315762
315774
316096
316182
316273
316587
316593
316705
316762
317424
317590
317641
317644
318193
318210
318265
318300
318339
318476
318489
318677
318882
318986
319216
319317
319569
319756
319824
320791
320988
321085
321172
321672
321965
322181
322207
322395
322520
322922
323778
324104
324277
324402
324679
324973
325208
325309
325322
325954
326471
326598
326879
327025
327138
327333
327452
327610
327973
328183
328876
329339
329426
329514
329532
329819
330084
330279
330312
331316
332348
332850
333147
333530
333924
334634
335094
335224
335918
336107
336381
336514
336730
336776
336968
336979
337386
337406
337828
338085
339159
339300
339606
339885
340260
340311
340350
340742
341501
341763
341866
341867
341990
342215
342221
342376
342546
342550
342620
342654
343385
344106
344524
344551
344704
345337
345369
347453
347476
347568
348212
348261
348809
349288
349622
349756
349811
349876
350143
350390
350593
350647
350800
350965
351455
351613
351686
351715
352108
352255
352391
352405
352499
352993
353037
353337
353487
353509
353647
353820
353881
354020
354054
354084
354101
354730
354798
355203
355402
355756
356280
357620
358249
358331
358497
358519
359002
359007
359121
359592
359909
360011
360024
360562
360868
361022
361188
361384
361812
361859
362894
363046
363106
363393
363974
364435
364644
364658
365174
366091
366096
366241
366567
366593
366803
366986
367291
367391
368316
368456
368624
368969
369391
369476
369654
370127
370861
371450
371498
371519
372049
373185
373394
373587
374468
374511
374519
374531
374604
375104
375746
375949
376300
376830
376854
376873
377365
377785
378116
378436
378650
379021
379043
379133
379365
380333
380569
380689
381294
381573
381668
381699
381808
381867
381915
382117
382271
382334
382431
382537
383075
383425
383660
383944
384782
384880
385249
385271
385474
385716
386509
386748
386828
387239
387373
387481
387862
388275
388999
389100
389285
390100
390704
390756
391557
391622
391816
392087
392099
392200
392504
392552
392937
393334
393462
394026
394027
394121
394541
394699
394710
394811
396004
396059
396217
396609
396894
396980
397255
397272
397289
397622
398410
398534
399352
399542
399682
399944
400264
400788
401836
402047
402254
403386
403667
403759
403979
404261
404325
404596
404833
405783
405933
406378
406406
406460
406484
407030
407134
407141
407184
407270
407369
408080
408175
408605
408799
409376
409547
409613
409935
410242
410392
410982
411452
412247
412316
412387
412436
413192
413547
413937
414000
414193
415088
416537
416756
416831
416959
417010
417022
418103
418113
418129
418826
418856
419058
419309
419594
419702
419747
419983
419999
420063
420415
420842
420848
420953
420968
421137
421227
421353
421496
421985
422129
422329
423574
423633
423766
424142
424318
424321
424333
424458
424865
425005
425163
425424
425522
425536
425539
425686
425954
426511
426563
426964
426972
427096
427250
427382
427408
427768
428048
428148
428651
429530
429719
429826
429913
429943
430237
431199
431384
431743
432305
432995
433654
433709
433827
434713
434724
434730
434814
435049
435091
435389
436333
436822
436911
436960
437193
437421
437676
437808
437840
437927
438169
438686
438691
438754
439087
439115
439358
440558
440622
440924
441047
441318
441344
441866
442130
442141
442178
442411
442439
442885
442934
443015
443070
443197
443262
443307
443780
444642
444655
444678
445147
445247
445522
445867
446169
446270
446391
446438
446599
446878
447317
447321
447368
447802
448117
449654
449743
450009
450235
450524
450548
450781
450950
451301
451669
451897
451909
452286
452545
452829
453193
453207
454083
454130
454197
454692
455319
455342
455398
455970
456040
456116
456209
456298
456538
456698
456750
456892
457077
457396
457399
457865
458365
458549
458615
458921
459204
459341
459345
459802
459950
460089
460228
460746
460756
460839
461611
461803
461998
462181
462819
463253
463313
463488
463507
463510
463711
463761
463912
464167
464753
464795
464842
465145
465521
466063
466095
466468
467042
467594
468259
468355
468745
468961
468967
469167
469173
469697
469803
469953
470042
470106
470147
470483
470564
470629
470645
470859
471029
471260
471529
471679
471841
472019
472481
472871
473077
473102
473195
473698
473765
473843
474371
474442
474468
474566
474649
474702
475296
475467
475601
476137
476243
476375
476957
477413
477616
477648
477668
477865
477918
478176
478615
478820
479586
479753
480033
480307
480366
480481
480524
480899
481153
481388
482352
482729
482969
482998
483231
483490
483533
484493
485311
485361
485626
485814
487513
487931
487956
488149
488496
488809
489886
490096
490190
490373
490485
490737
491256
491767
492120
492152
492345
492469
492721
492879
493373
493553
493713
493761
493977
493984
495047
495578
495580
495628
496369
496573
496685
497579
497798
498308
498824
499303
499712
500021
500061
500190
500312
500716
500737
500908
501191
501790
502006
502397
502556
503126
503202
503254
503525
503953
504100
504300
504538
504682
505510
505613
505779
506019
506392
506588
506611
507102
507489
507544
507563
507569
507835
507839
507875
507911
508067
508100
508569
509277
509350
509370
509622
509785
510060
510062
510208
510597
510669
510721
511109
511243
511341
511504
511598
511601
511712
511737
511757
511792
512355
512740
513469
513742
513907
514589
515368
516184
516609
516801
517115
517175
517325
517346
517415
517640
517641
518075
518439
518488
518714
518808
518911
519006
519306
519885
520008
520041
520071
520267
520830
520840
521133
521183
521461
521717
521724
521982
521999
522324
522427
523099
523273
523545
523619
523630
523671
523818
524032
524613
524648
524775
525672
526488
526886
526976
527840
528008
528020
528271
528367
528811
528902
528968
529466
529736
529795
529911
530414
530802
531231
531298
531392
531554
532337
532781
533192
533301
535129
535596
535633
535684
536744
536971
537105
537131
537145
537955
538020
538559
538623
538640
539052
539054
539199
539301
539333
539653
539813
540732
540917
541166
542397
543053
543214
543323
543489
543558
543563
543714
544260
544783
545058
545406
545590
545944
545984
546552
546716
547031
547578
548110
548135
548513
548715
548900
548967
548999
549038
549263
550144
550293
550602
551179
551360
551846
551892
552483
552521
552765
552866
552914
553445
553886
554207
554521
555374
555395
555468
555618
555714
555753
556846
556899
557128
557170
557390
557472
557537
557602
557959
558778
559042
560237
560291
560697
560736
561007
561252
562031
562199
562473
562494
563386
563531
564424
564783
565094
565366
565480
566034
566129
566222
566225
566577
566585
567002
567220
567649
568128
568646
568991
569912
570223
570723
570925
571112
571191
571624
571874
572285
573259
573393
573780
574634
574836
574995
575287
575826
576301
576335
576380
576439
576459
576902
576981
577134
577250
577476
577984
578311
579353
579398
579539
580256
580793
581567
582270
582964
583342
583460
583463
583814
584082
584660
584986
585301
585340
585369
587925
588342
588423
588666
588675
588730
589325
590237
590352
590581
591109
591431
591687
592202
592390
592421
592510
593085
593137
593355
593535
594027
594063
594526
594535
596090
597247
598391
598520
598984
599279
600101
600381
600388
600449
600773
601052
601555
602122
602466
602481
602861
603395
604514
604625
604707
604947
605006
605022
605153
605261
605446
605492
606425
606680
607089
607518
607784
608653
608982
609104
609478
609522
609538
610249
610381
610645
610931
611397
611763
612082
612811
613003
613012
614636
614904
615114
615119
615217
615243
616141
616225
616308
616377
616565
616689
616767
617647
617729
618014
618311
618550
618615
618973
619106
619253
619437
619574
620005
620236
621048
621627
621918
622013
622027
622269
622586
622766
622990
623440
623642
624033
624366
624701
625136
625943
626070
632024
632658
632915
633114
637904
639744
640764
640967
643227
651351
653292
653861
654968
656000
656857
657916
659160
661062
661750
663289
663848
666009
667575
667778
668179
668634
668724
670840
674344
675528
675569
679489
680859
681378
682317
683712
687362
688011
690240
690298
692982
693202
693851
694502
695149
696493
697825
697903
699477
700210
700864
703448
703679
704237
704912
705081
705461
707394
709021
709656
714926
714981
715013
715296
715934
718468
718646
718735
719107
719763
719939
720603
721055
721553
723771
724769
725594
725674
726988
728050
730202
732484
733176
733800
733854
734723
735179
736787
736980
738639
739761
740142
740947
741223
743024
743527
744212
744856
745526
745567
745619
746498
746930
747961
748294
748748
748914
748962
748989
750189
750241
750685
751356
751640
752577
752960
753456
753513
753723
753805
754357
754685
754919
755363
755525
755860
756204
756209
756564
756633
756856
756895
756981
757332
757685
757924
758160
758478
758594
758624
758967
759248
759650
762412
763217
763306
763985
764845
765409
766565
767352
769912
773904
775002
775561
775671
777179
778698
779426
780196
781591
783083
783402
783598
783849
785547
785590
786253
788356
788976
790704
791005
791569
794248
794671
794675
794818
806691
810219
812459
816743
821047
823514
826615
829891
830201
832102
833102
835149
835609
836821
838190
838634
840055
840247
841132
843317
844535
846552
849812
863640
863993
864313
864345
864554
865207
866444
867448
867719
867940
867960
868017
868148
868156
869075
869865
870049
870253
871369
871822
872211
872511
873712
873925
874128
874415
874719
874911
875101
875501
875683
875980
876791
877056
877238
877438
878168
879270
880018
881061
881192
881662
882001
882335
882861
883386
884090
884245
884401
884486
886102
886579
887803
888291
890216
891167
891279
892957
895618
899955
900716
901075
902011
902624
902696
904967
904975
905873
907179
908076
908239
908340
909640
911180
911400
911475
911500
912509
913872
914498
914668
915391
923572
924059
930308
932979
934354
