103316
106845
110133
113663
114078
129865
133955
134419
134811
136458
137892
139918
144223
145921
149358
150303
156003
158654
159875
164245
168797
170455
173068
173576
175059
177989
178316
179210
183627
189356
190992
192657
192866
196252
197476
201704
215571
228989
230354
232716
234709
235302
238407
240815
245407
250387
253259
261867
264105
274391
274814
275145
278308
279261
284434
285933
286712
289967
297198
297868
299262
302042
308369
309554
310194
312179
312694
313574
313609
314494
317806
317952
319861
323487
325474
325508
328897
335124
335616
339517
339726
343736
347996
353700
356370
358989
361328
362574
362612
362946
367316
367858
367989
368346
375027
375064
376752
377190
378297
381568
384624
384798
386055
386377
386564
397173
397717
398255
399114
400827
403090
403119
403297
404674
405080
407077
409619
411041
411179
411697
411774
411832
411990
413942
414487
415568
415572
415846
415922
416589
416926
418178
418583
419573
420059
422146
422439
423513
425791
426042
427699
428499
431711
432571
433362
435438
435476
436155
436180
445530
449764
451993
453626
456271
459348
460048
460069
460608
463601
466365
467487
468528
469824
470237
472574
473484
474158
474358
474680
479054
479364
480255
481567
482398
484956
486113
490873
491988
494705
495068
495392
498041
498242
500773
506123
507612
513037
513229
514356
517318
519021
519415
523187
525304
526184
529696
531887
532366
536854
541311
544080
548152
550322
555991
556646
558074
558155
558271
561292
564353
566083
572129
575595
577041
577640
579243
583577
585265
586449
586731
587387
590436
594733
594993
595004
595074
599353
603454
606550
607352
608480
608795
610037
610841
613046
613217
613396
613840
615241
616746
622284
625134
631865
640725
646642
660186
675861
682984
690391
692563
693658
696041
706051
716101
718364
724542
725535
728815
739512
741756
747973
748103
748610
748791
752805
755618
756427
756445
756845
758819
762344
763902
766154
767398
768277
769445
772088
774914
777280
778878
779518
834995
865739
866455
867476
867749
878915
881068
882421
884298
885851
889372
898275
912606
930330
