100034
100977
101105
101205
101392
101742
101749
102475
102532
103286
103618
103904
104277
104282
104345
104626
105149
105649
105672
106717
106982
107216
107493
108067
108163
108203
108208
108625
108805
108938
109075
109302
109363
109665
109828
110073
110691
110731
110899
111102
111670
111890
111939
111996
112041
112044
112161
113036
113376
113425
113700
113725
113794
113797
114216
114342
114363
114465
114760
114932
114989
115409
115438
115559
115663
116485
116566
116969
117218
117387
118364
118478
118606
119307
119510
120461
120672
121029
121128
121408
121730
121796
122824
123434
123499
123618
123777
123801
124069
124073
124326
124464
124681
124784
124913
125579
126059
127319
127376
127642
127760
127790
127943
127952
128265
128537
128859
128896
128987
129105
129345
130184
130464
130532
130635
131368
131514
131963
132253
132260
132739
132897
133383
133892
134035
134116
134163
134527
134631
134917
135083
135736
136254
136652
136805
137722
138296
138325
138395
138794
139038
139113
139683
140121
140340
140400
140578
140922
141220
141332
141648
141681
141718
142373
143238
143397
143826
144206
144250
144552
144681
144811
145467
145550
145566
145592
145747
145875
146314
147391
147772
147896
149020
149025
149094
149350
149579
149886
150393
150432
151252
151412
151645
151802
152484
152797
152801
152806
152992
153041
153963
154544
154737
154897
155855
155896
156096
156680
156688
156705
156715
157047
157181
157745
157833
158436
158466
158565
158639
159082
160378
160433
160974
161742
161919
162224
162967
163124
163332
163470
163810
163878
163931
163936
164004
164110
164308
164382
164738
165402
165749
165785
166316
166530
166603
166799
167002
167209
168799
169208
169261
169277
169564
169796
170293
170837
170884
171039
171222
171287
171396
171614
171664
171711
171771
171799
172147
172406
172599
172679
173319
173528
174212
174537
174578
174585
175203
176216
176549
177235
177469
177796
177889
177933
178289
178315
178829
179750
179988
180172
180230
180493
180952
181027
181607
182297
182375
183178
183470
183912
183921
184045
184070
184343
184389
184791
184841
184920
185096
185183
185724
186505
186815
186835
187153
187495
187930
187947
188415
188482
188558
188564
188774
189283
189637
190199
190629
191307
191561
191954
192516
192647
192902
193056
193333
193575
193943
194411
194636
195024
195200
195246
195642
195864
196143
196163
196232
196749
196861
197064
197210
197394
197571
197718
198135
198355
198410
198923
199516
199622
199673
199886
200047
200082
200726
200887
200898
201396
201617
201868
201921
202124
202323
202656
202754
203067
203487
203819
204013
204046
204208
204288
204400
204431
204821
204827
204886
205003
206093
206111
206779
207033
207233
207287
208410
208744
208838
208865
208955
209010
209656
209659
209988
211044
211109
211399
211948
213730
214303
214446
214739
215341
215374
215849
215998
216241
217076
219147
219965
220023
220808
221900
222204
222403
223220
223363
223788
224472
224478
224522
224529
224581
224614
224910
226056
226924
226985
227723
228171
228538
228559
229028
229076
229572
229857
230094
230282
230479
230762
230980
231620
231687
232048
233135
233592
234017
234186
235308
235462
235527
235637
235762
236037
236091
236566
236773
237181
237437
237920
238828
238857
238881
239203
239412
239503
240151
240304
240562
240683
241671
241864
241897
242171
242195
242680
243039
243047
243089
243228
243291
243592
243783
244024
244198
245076
245547
246011
246550
246715
246987
247160
247236
247304
247704
247730
247735
247754
247851
248473
248530
248633
249024
249390
249680
249865
249934
250116
250204
250397
250929
251002
251568
251654
252704
252915
253171
253296
253734
253749
253934
254395
254830
254903
254994
255586
255615
255765
255913
256054
256174
256229
256742
256884
256962
256993
257048
257832
258366
258405
258523
258658
259329
260019
260024
260131
261264
261384
261502
261761
261852
262161
262231
262270
262604
262702
263245
263805
263913
264526
264832
265244
265724
265739
266150
266265
266488
266774
266879
266883
267007
267125
267391
267463
268342
268985
269603
269732
270247
270341
270517
270690
270927
271035
271207
271265
271525
272097
272123
272234
272307
272341
272454
272583
272597
273276
273342
273854
273864
273947
274001
274421
274467
274953
275156
275425
275763
275978
276121
276275
276711
276987
277301
277710
277935
278593
278763
280693
280868
280880
280994
281142
281256
281281
281341
281890
281988
282112
282188
282261
282914
283334
283800
283918
284389
285144
285306
285365
286104
286215
286217
286321
286527
286903
287468
287565
287608
287754
288021
288051
288120
288466
289020
289284
289668
291344
291564
291944
291986
292246
292710
292873
292885
292888
293099
293120
293242
293702
293851
294412
294576
294969
295124
295397
295787
296038
296181
296455
296486
296603
296795
296815
297113
297354
297364
297408
298041
298245
298450
298548
298742
298971
299386
299971
300136
300145
300175
301402
301724
301985
302249
302471
302565
302709
303437
303602
303696
303718
303778
303808
304012
304549
304639
305006
305510
305651
305678
306030
306042
306069
306182
306257
306583
306607
306620
306638
306731
306942
307031
307095
307536
307719
307874
308169
308273
308393
308683
309021
309153
309563
309662
309792
310155
310170
310380
310576
311409
311539
311546
312256
312418
312834
312877
313520
313674
314138
314188
314555
315068
315247
315485
315575
315718
315774
315946
316209
316593
316705
316859
317108
317109
317843
317966
318265
318300
318322
319317
319870
320242
321098
321135
321172
321180
321672
322207
322466
322520
322597
322776
322989
323051
323479
324277
324352
324362
324616
324696
325265
325354
325831
325972
326234
326598
326603
326961
327351
327452
327984
328275
328363
328376
328417
329426
329650
329675
330142
330205
331165
331247
331420
331511
331786
332121
332638
332850
333036
333183
333530
333674
333809
333857
333899
333924
334634
335094
335332
335334
336514
336730
336921
337607
337814
338200
338547
339428
339524
339606
340149
340253
341101
341113
341749
341866
341894
341993
342130
342546
342688
342699
342712
343189
343312
343449
343805
343869
344181
344220
344630
344702
345108
345301
345369
345616
345624
346475
347187
347476
347715
348100
348387
349622
349841
350390
350593
350768
350769
350864
350903
350965
350969
351013
352255
352539
352611
352623
352928
352993
353175
353663
353681
353744
354101
354364
354659
355756
355838
356937
357053
357330
357362
358338
359007
360734
361022
361829
362673
362894
363005
363733
364367
364407
365037
365174
365989
366974
367391
367407
368496
368544
368624
369390
369391
369654
369769
370216
370502
371866
371882
372225
372502
372524
372638
372811
373268
373394
373743
374115
374485
374604
374847
375021
375104
375197
375535
375618
375986
376045
376328
377365
377424
377472
377735
377790
378436
378542
378736
378820
379043
379133
379152
379272
379721
379890
380131
380150
380551
380689
380828
381310
381313
381624
381698
381774
381808
381830
381915
381928
382117
382334
383140
383245
383464
383520
383964
384033
384261
384906
385149
385271
385713
387373
387459
387552
387565
387660
387862
388097
388392
388905
390670
390756
391139
391675
392937
393343
393439
393462
393981
394148
394741
395643
396674
397075
397272
397384
397432
397621
397622
398410
399352
399615
400253
400477
400662
400722
400735
401971
402221
402662
402886
403184
403445
403765
403828
404019
404047
404122
404264
404347
404596
405575
405783
406478
406484
406630
407030
407134
408125
408382
408799
408811
409690
409846
410856
411926
412311
412376
412387
412468
412833
414036
414077
414104
414188
414738
415088
415447
415780
415967
416657
416684
416795
416959
417277
417862
418229
418371
418446
418537
420571
420839
420842
421122
421137
421496
422283
422418
422933
423518
423653
423778
423915
424321
424534
425149
425237
425686
425783
425954
426341
426472
426511
426731
427086
427768
428202
428345
428651
428788
428816
428892
429160
429537
429748
429909
430391
430619
430778
430802
431084
432898
432995
432996
433328
433622
433793
434667
435091
435519
436333
436385
437007
437161
437193
437336
437911
438169
438426
438718
439114
439115
439141
439310
440533
440622
441047
441643
442250
442764
443377
443628
444802
444803
445147
445612
445901
446783
447321
447576
448590
448664
449176
449488
449584
449743
450235
450399
450623
450648
451669
451756
451914
452286
452308
452320
452878
453207
453458
453918
454130
454134
454161
454299
454366
454692
454720
454838
454907
455065
455342
456059
457077
457125
458098
458202
458365
458450
458615
458700
458921
459070
459341
459345
459432
460228
460453
460550
460697
460711
460839
460889
460915
460955
461322
462055
462209
462697
462734
462736
463488
463711
463912
464230
464331
464482
464558
464835
464842
466214
466468
466609
467594
468181
468259
468467
468597
468745
468749
468961
469962
470042
470752
470958
471841
472019
472209
472493
473266
474027
474302
474401
474673
474850
475078
475157
475637
476137
476561
476652
477191
477413
477520
477616
477668
477918
477935
478470
478530
478604
478658
478744
478749
479629
480033
480307
480366
480373
480524
480899
480968
481388
482313
482352
482410
482649
482729
482761
482817
483161
483402
483545
483550
484135
484505
484792
485025
485312
485611
485826
485901
485938
487336
487746
488496
488638
489886
490090
490114
490190
490207
490260
490737
490874
491256
491767
492002
492221
492580
493013
493025
493029
493464
493553
493696
493713
493718
493927
494061
494174
494503
494954
495304
495409
495424
495457
495684
496253
496931
496932
497798
498303
498334
498529
498824
499303
499808
499840
500190
500716
500809
500910
501066
502104
502397
502688
503126
503254
503371
503525
503579
503701
503953
504100
504538
505482
505681
505693
505984
506392
506588
507489
507835
507911
508058
508067
508100
508101
508797
509007
510062
510144
510199
510627
510718
510875
510973
511024
511147
511341
511757
512140
512483
513029
513469
514476
514478
514931
515371
515602
515788
516115
516389
516501
516709
516797
516808
517302
517323
517461
517820
518680
518902
519059
519383
519469
519604
519872
519873
519887
519950
520041
520059
520508
521461
521549
521837
522574
522628
523273
523891
524117
524613
525118
525166
525249
525646
525660
526047
526976
527677
527838
527983
528008
528271
528558
528601
528757
529602
529805
530055
530127
531250
531280
531554
531924
532504
532669
533061
533301
533303
533400
533525
534265
535159
535249
535563
535736
535838
535916
536398
536487
536973
536990
537370
537542
538951
538955
539446
539813
540218
540247
540788
540798
540815
541286
541417
541453
541611
542068
542084
542288
542397
542513
543243
543323
543430
543563
544196
544783
544950
545605
545730
545865
545944
546857
547021
547328
547651
547797
548135
548219
548439
548624
549038
549238
549403
550293
550893
551074
551617
551749
551789
551846
552027
552555
553295
553790
553886
554164
555540
555753
555806
555942
555962
556224
556969
556972
557428
557456
557537
557579
557636
557871
558182
558639
558641
558934
558940
558958
559947
560139
560282
560291
561064
561082
561111
561252
561560
561850
562434
562595
563379
563386
563531
563868
564430
564980
565012
566035
566081
566222
566577
567321
567455
567637
567712
568128
568132
568158
568906
569032
569585
569912
569915
570299
571316
571624
571913
572676
574409
574634
574649
575210
575287
575459
576233
576237
576731
576831
576981
578389
578400
578455
579239
579353
579539
580094
580533
580983
581288
581633
582842
583115
583156
584045
584126
584377
584973
584986
585369
585456
585712
585939
586233
587473
587703
587925
588309
588423
588675
588699
589179
589325
589425
590352
591465
591492
591620
592027
592112
592510
594027
594063
594535
594866
595037
596052
596160
596217
596414
597179
597247
597738
598811
598886
598989
599279
599480
600064
600101
600263
600388
600391
600773
601588
601900
602111
602247
602293
602861
603718
604098
604451
604625
604653
604947
605028
605068
605153
605595
605811
606377
606446
606450
606490
606841
607089
607267
607278
608653
609085
609104
609130
609205
609478
610054
610196
610511
610976
611059
611397
612824
613209
614129
615217
615324
615597
615774
616221
616225
616689
616924
617647
618347
618779
619437
619649
619694
620005
620668
621991
622143
622174
622269
622433
622586
622610
623137
623440
623497
624212
624879
624990
625494
625549
625577
626122
626138
626162
626176
626395
626399
630066
631244
631451
631461
632049
634282
634638
637041
640694
645215
645318
645406
647185
653427
657916
658355
658662
663289
665787
668724
670007
670760
671210
673938
674222
674245
675569
675592
677551
679739
681522
683074
684620
684785
687875
687941
688328
688870
689996
690227
690403
690846
692542
692982
692993
693851
696101
696497
697825
699477
703218
703617
703679
704816
704970
705206
706270
709185
710137
711978
714299
714548
714679
715263
716902
717621
718818
719763
720603
720705
723771
724230
725674
733557
733680
734639
734723
735589
737170
738639
739109
739929
740276
741223
741648
741709
742338
742518
743423
744146
746930
747609
747927
747961
748201
748914
749466
750769
751146
751640
752203
752568
752912
752960
753439
753649
753906
754498
754685
754715
754789
755143
755160
755330
755674
756204
756856
757332
757685
757740
758123
758197
758478
758594
761107
762864
764009
764204
766603
767723
768034
768575
768895
769479
769922
770709
770844
772616
773466
773826
775671
776007
777179
778698
778982
779524
779847
782913
783600
783906
785392
785590
785849
788436
790557
790704
794072
794248
794535
794818
794978
795192
796107
796552
796787
797398
798464
798559
798749
798943
803600
803745
804391
804484
804528
805164
805683
806299
806597
808422
808622
808787
808909
809734
810351
811153
812459
813375
815145
815181
816074
816093
817852
817959
818839
819320
819522
819684
819859
820725
821908
822185
822437
824022
825168
825254
825683
826590
827072
827281
828509
828612
828865
829333
830500
831241
832102
833102
833153
834357
835363
835609
836821
837799
837950
838601
838612
839184
839456
839662
839912
840826
841590
841639
842545
843188
843255
844055
844499
845834
846545
847002
847660
847822
849812
854494
859437
863786
864160
864333
864534
865067
865207
865525
865871
866133
866805
867332
867633
867719
867927
868375
868636
868830
868995
869206
869865
871042
872524
873863
874128
874591
874855
875101
875222
875358
875431
875750
875771
875986
876515
877262
877291
877676
878894
879040
879068
879726
880102
880292
880445
880608
880612
881500
881662
881754
881847
882396
882861
883223
884582
884807
885452
885525
885686
886109
886358
886460
887266
887624
887891
888269
888336
889070
889243
889264
889564
890276
890387
892098
892371
892436
892554
892652
894130
894596
895218
897154
897213
897326
898398
899049
899330
899733
899788
899949
900576
901075
901879
902041
902691
902696
903406
903623
903655
904261
904633
904661
904967
904975
905016
905059
905130
905482
905659
905888
906700
907922
908232
909799
910192
910272
910401
911147
911340
911400
911475
912482
912494
913373
913386
913521
913577
913872
913899
913998
914699
915429
916148
916237
917021
918021
918260
918825
919306
920326
920582
922213
922347
922746
923784
923888
923982
924214
924254
924491
926125
926471
928649
928931
929267
929431
929968
930308
931146
931963
932152
932389
933048
933342
934392
936731
937402
937601
938182
938572
942775
942830
944851
945744
946201
946479
946836
949112
949136
949144
949677
950274
950715
950781
951497
951912
952567
952954
953088
953180
953681
953733
953965
954028
954307
954512
955102
955120
955263
955310
956307
956698
956935
957231
957469
957568
957813
957858
958064
959246
959598
960361
962012
962096
962422
963523
963585
963615
964485
964774
964899
965265
965283
965330
966062
966593
967536
967977
968496
969445
971440
971686
971904
971922
972514
972883
973850
974631
975068
975306
975522
975853
976825
976854
977226
977640
977943
978249
979644
979705
981210
981371
981480
981782
983100
983459
983635
984430
984547
984803
984812
985588
987387
987750
987841
988692
989006
989353
989745
989859
991497
992574
992699
992906
993719
993844
994009
994504
995229
995311
995436
996211
996220
996393
997163
997283
998202
998545
998827
998905
998999
999259
999796
1000572
1001029
1002713
1002826
1002898
1003133
1004644
1005325
1005903
1006076
1006837
1006960
1007377
1007975
1008376
1008533
1008562
1009010
1009380
1009525
1009707
1010502
1012150
1013483
1014685
1014867
1016135
1016343
1016346
1017820
1018350
1019039
1019099
1019250
1019590
1020360
1021380
1021653
1021721
1022691
1023595
1024511
1027496
1027704
1027715
1028096
1028864
1029030
1029318
1029514
1029879
1029886
1030025
1030087
1030310
1031560
1031992
1032002
1032232
1033300
1034094
1034336
1034683
1034684
1035095
1035211
1035557
1035607
1036452
1036736
1036819
1037072
1037379
1037646
1038016
1040091
1040323
1040375
1041469
1043104
1043402
1043765
1044791
1045188
