100034
100128
100190
100194
100209
100351
100615
100817
100977
101105
101185
101188
101205
101299
101374
101392
101749
101912
102086
102090
102120
102122
102136
102532
102732
102779
102959
103003
103286
103585
103618
103904
104231
104282
104293
104345
104394
104493
104513
104518
104898
104917
104974
105246
105649
105843
105943
106150
106174
106234
106500
106518
106755
106904
106982
107030
107174
107216
107463
107591
107936
108101
108161
108163
108208
108228
108765
108875
109302
109498
109527
109572
109665
109711
109765
109828
109910
109954
110073
110235
110250
110487
110753
110899
111038
111209
111211
111288
111432
111552
111665
111668
111880
111896
111939
112006
112013
112041
112511
112979
113014
113036
113425
113487
113600
113725
113797
113895
114216
114258
114363
114449
114495
114539
114680
114730
114801
114807
114932
114995
115211
115283
115588
115880
116116
116257
116441
116969
117321
117610
117776
117902
117934
118164
118364
118372
118478
118560
118606
118658
118750
118817
119307
119521
120148
120259
120286
120404
120461
120683
120754
120768
120786
120935
120966
121107
121128
121147
121192
121440
121443
121607
121660
121672
121729
121730
121780
121796
122168
122221
122384
122471
122503
122824
123000
123035
123106
123440
123517
123618
123801
123948
123949
123953
124464
124681
124784
124913
124946
124990
125005
125300
125417
125507
125579
125615
125671
126231
126432
126551
126875
126975
127104
127136
127303
127319
127376
127790
127943
127960
128032
128083
128265
128896
129105
129107
129289
129390
129556
129575
129748
130181
130464
130532
130555
130764
130769
130799
131005
131188
131208
131235
131263
131445
131494
131514
131554
131823
131834
131961
132014
132046
132054
132082
132253
132260
132519
132571
132683
132722
132936
132966
133022
133070
133113
133371
133383
133707
133755
133789
133892
133992
134116
134281
134483
134631
134691
134977
135333
135736
135911
136380
136593
137226
137356
137581
137677
138169
138170
138255
138296
138395
138520
138555
138682
138794
139038
139113
139966
140062
140093
140167
140183
140480
140555
140558
140578
140919
141177
141181
141312
141357
141636
141778
141815
141845
141887
142372
142373
142647
142659
142694
142967
142984
143204
143668
143826
144206
144250
144417
144418
144465
144626
144681
144834
145000
145215
145467
145566
145614
145875
146078
146107
146201
146263
146995
147052
147066
147079
147391
147410
147432
147772
147886
147896
148040
148440
148775
149020
149036
149217
149242
149296
149337
149419
149797
149863
149886
149993
150109
150221
150273
150377
150817
150865
150940
151260
151271
151575
151694
151702
152462
152484
152647
152715
152806
152897
153358
153850
153949
153963
153970
154248
154289
154474
154544
154741
155031
155211
155265
155725
155855
156048
156054
156096
156268
156365
156366
156491
156634
156708
157047
157310
157317
157796
158032
158293
158369
158388
158466
158554
158565
158587
158802
158811
158939
159032
159082
159143
159208
159554
160010
160181
160249
160378
160728
160952
160977
160992
161010
161105
161742
161861
162055
162143
162148
162167
162284
162402
162689
162851
162884
163085
163124
163264
163332
163869
163875
163878
163920
163930
163976
164054
164198
164470
164549
164738
164753
165022
165061
165109
165324
165358
165402
165785
166316
166407
166469
166530
166603
166799
167097
167209
168423
168560
168563
168799
168953
168956
168983
169206
169208
169328
169482
169558
169564
169955
170010
170131
170214
170515
170729
170744
170837
170884
171039
171090
171222
171396
171614
171664
171711
171799
172049
172406
172679
172938
172953
172983
172998
173045
173120
173319
173791
174115
174133
174135
174525
174604
174839
175122
175427
175433
175596
175853
175868
175869
176187
176216
176750
176761
176862
176911
177160
177419
177738
177933
178222
178315
178786
178911
178993
179113
179706
179868
180085
180207
180223
180230
180374
180625
180652
180952
180990
181027
181700
181796
181867
182006
182026
182297
182535
182625
182706
182794
182855
182928
183051
183500
183672
183834
183912
183978
184070
184841
184892
185265
185625
185798
186068
186516
187011
187023
187189
187233
187750
187833
188032
188309
188522
188558
188564
188597
188804
188835
188970
188997
189014
189194
189283
189419
189428
189538
189719
190168
190280
190490
190629
190844
191293
191307
191426
191472
191561
191714
191715
191747
191909
192058
192104
192277
192516
192616
192647
192950
193056
193102
193191
193223
193227
193333
193469
193575
193580
193677
193748
193796
193943
194125
194430
194469
194561
194666
194691
194842
195105
195197
195200
195384
195564
195681
195749
195791
195808
196163
196232
196292
196293
197394
197591
197678
197718
197750
197802
198194
198279
198339
198355
198503
198525
198623
198697
198805
198818
199285
199576
199622
199673
199847
199937
200047
200082
200366
200898
200907
201048
201130
201322
201396
201410
201575
201921
202045
202154
202282
202307
202323
202350
202371
202428
202475
202535
202591
203225
203487
204013
204037
204046
204068
204181
204208
204301
204383
204400
204408
204431
204765
204821
205162
205168
205320
205363
205515
205631
205683
205800
206111
206123
206316
206402
206416
206673
206960
207073
207132
207233
208404
208598
208804
208815
208868
208883
209010
209055
209514
209659
209677
209734
209850
209920
209988
210528
210628
211458
211749
211854
211900
212031
212139
212164
212349
212480
212771
212932
213120
213205
213211
213325
213487
213511
213858
213874
213959
214039
214182
214399
214589
214911
215374
215782
215849
216067
216241
216347
216564
216620
216732
216942
217160
217181
217476
217583
217739
219147
219236
219450
219965
219967
220023
220259
220306
220347
220364
220554
220630
220933
221747
221900
222000
222001
222244
222416
222650
222847
223033
223052
223072
223161
223493
223536
223641
223786
223831
223955
224365
224478
224522
224581
224646
224710
224785
224869
224995
225351
225520
225819
226007
226026
226183
226924
226991
227338
227452
227509
227723
227960
228096
228267
228319
228457
228704
228759
228856
228947
229043
229067
229076
229546
229609
230434
230440
230585
230980
231094
231141
231331
231629
231687
231731
231745
231829
231859
231930
232159
232183
232553
232785
232805
233068
233072
233415
233592
233624
233668
233703
233943
234017
234220
234661
234763
234800
234848
234940
235232
235281
235297
235527
235596
235762
235938
236115
236313
236595
236748
236773
236843
237038
237181
237374
237476
237491
237582
238174
238203
238326
238365
238415
238481
238678
238828
238881
239075
239186
239281
239392
239422
239503
240151
240304
240393
240562
240804
240878
240889
241017
241230
241420
241433
241632
241974
241986
242000
242022
242171
242195
242201
242206
242232
242452
242524
242618
242694
242802
242913
242966
243037
243136
243592
243641
243775
243973
244024
244198
244904
245092
245199
246112
246323
246384
246424
246530
246550
247287
247304
247624
247641
247730
247735
247754
247822
247851
248473
248530
248756
249024
249117
249382
249449
249457
249553
249568
249668
249680
249738
249865
249926
250116
250153
250163
250204
250342
250397
250413
250985
251002
251287
251397
251568
251654
251719
251965
252017
252086
252089
252097
252324
252366
252909
253107
253171
253230
253255
253296
253364
253466
253665
253730
253731
253734
253749
253778
253934
253974
254208
254395
254830
254833
255262
255586
255615
255686
255972
256060
256540
256648
256742
256751
256993
257026
257154
257400
257584
257663
257705
257771
257793
257832
257995
258165
258366
258379
258382
258430
258523
258742
258896
259381
259881
259945
259947
260000
260019
260523
260584
260993
261340
261384
261595
261752
261850
262086
262231
262236
262270
262379
262442
262444
262449
262572
262604
262963
263190
263293
263318
263515
263583
263748
263913
264004
264205
264417
264526
264642
264679
264688
264893
264927
265072
265108
265240
265428
265630
266161
266265
267316
267391
267463
267994
268251
268441
268807
268921
268923
269187
269223
269326
269441
269492
269558
269732
269975
270189
270220
270221
270378
270415
270517
270754
270856
270927
271035
271039
271346
271452
271779
271865
272123
272220
272511
272629
272840
273537
273864
274001
274132
274176
274199
274219
274316
274330
274377
274400
274440
274579
274894
274953
275025
275134
275353
275398
275433
275588
275596
275978
276275
276365
276676
277132
277744
278166
278259
278593
278699
278811
279069
279360
279676
279693
280433
280622
280868
280880
280966
280999
281158
281256
281279
281424
281822
281988
282261
282311
282624
283194
283278
283428
283533
283617
284023
285059
285090
285144
285199
285249
285607
285652
285803
285995
286170
286306
286321
286476
286841
286844
286890
287131
287148
287250
287468
287565
287668
287800
287831
287867
288039
288119
288466
288530
288764
288795
289051
289065
289208
289209
289246
289643
289707
289822
289847
290045
290337
290585
290699
290860
290889
290920
290925
291165
291218
291317
291343
291363
291490
291522
291553
291564
291752
291899
291944
291990
292190
292347
292710
292873
292888
293332
293451
293530
293602
293771
293839
293947
293965
293992
294323
294412
294434
294570
294646
294838
294969
295086
295374
295906
296308
296343
296352
296427
296432
296486
296501
296725
296815
296905
297113
297139
297302
297354
297364
297420
297431
297442
297686
298041
298138
298191
298245
298368
298450
298548
298742
298810
298935
299417
299637
300136
300145
300175
300238
300297
300625
300649
300882
301157
301250
301967
302013
302086
302117
302471
302695
302715
302827
303169
303267
303309
303315
303389
303397
303450
303635
303696
303718
303808
304012
304353
304391
304445
304549
304554
305006
305264
305343
305499
305507
305678
305694
305723
305785
305835
306030
306042
306257
306285
306322
306731
306888
306911
307031
307210
307437
307458
307536
307548
307631
307659
307874
307887
307966
307985
308073
308334
308393
308467
308525
308573
308612
308695
308992
308998
309021
309025
309147
309153
309321
309445
309563
309792
309871
309947
309991
310155
310184
310380
310387
310581
310846
310944
311351
311524
311654
311860
312163
312415
312418
312509
312700
312834
312856
313084
313130
313472
313537
313674
313685
313722
313731
313776
313925
313942
314138
314176
314534
314607
314647
314652
314666
314863
314874
314954
315310
315504
315575
315774
316297
316412
316593
316599
317089
317207
317211
317292
317424
317456
317644
317704
317812
317847
317870
318075
318269
318322
318414
318537
318677
318678
318927
318986
319122
319133
319196
319215
319299
319309
319317
319461
319569
319824
319870
320144
320242
320277
320327
320839
321098
321135
321318
321348
321672
321965
322054
322061
322207
322339
322486
322520
322537
322977
323051
323199
323778
323804
323920
324062
324104
324206
324242
324246
324352
324362
324385
324605
324659
325265
325280
325302
325322
325354
325622
325720
325831
325856
325859
325972
326124
326471
327025
327246
327351
327353
327358
327613
327638
327681
328019
328141
328201
328202
328876
328952
329014
329149
329339
329364
329426
329649
329675
329819
330072
330205
330279
330312
330859
331165
331214
331273
331420
331511
331528
332348
332432
332433
332635
332651
332850
332924
332943
333036
333181
333472
333530
333674
333899
333924
334431
334544
334634
335097
335142
335156
335224
335334
335335
335486
335510
335643
336088
336107
336514
336730
336921
337037
337132
337165
337309
337322
337386
337424
337531
337743
337752
337931
338042
338631
338660
338678
338947
339428
339445
339456
339606
339905
340253
340311
340361
340446
340999
341077
341101
341164
341270
341341
341463
341628
341648
341716
342499
342633
342688
342716
342941
343169
343189
343312
343385
343441
343449
343635
343754
343805
344096
344106
344181
344415
344483
344797
344854
344891
345226
345467
345500
345616
345660
345758
345762
345803
345887
346071
346245
346289
346742
346834
346991
347076
347169
347476
347545
347648
347715
347752
347828
348380
348387
348586
348808
348809
349131
349177
349220
349380
349466
349622
349765
350054
350093
350143
350228
350390
350498
350541
350887
350888
350958
350965
351070
351087
351253
351455
351686
351763
351858
351920
352108
352255
352402
352405
352432
352539
352611
352993
353299
353460
353509
353663
353681
353724
353744
353820
353824
354197
355203
355387
355809
355812
355838
355892
355942
356160
356217
356393
357034
357143
357275
357309
357611
357731
357820
357957
358021
358032
358149
358249
358331
358497
358499
359002
359005
359007
359012
359053
359103
359310
359852
360222
360284
360514
360750
360868
361047
361384
361398
361695
361736
361859
362260
362310
362425
362743
362898
363005
363270
363665
363733
363826
363962
363996
364137
364206
364228
364367
364641
364672
364676
364729
365174
365294
365367
365609
365816
366033
366052
366241
366422
366558
366593
366711
366721
366919
366974
366982
366994
367086
367391
367407
367948
367958
368030
368080
368149
368495
368624
369285
369302
369391
369474
369654
369660
369769
369927
370173
370216
370455
370690
370800
371498
371519
371716
371866
372108
372272
372468
372779
373006
373230
373616
373747
373869
374383
374468
374511
374519
374531
374604
374632
374977
375003
375104
375108
375519
375544
375618
375663
375746
375821
376043
376300
376328
376431
376659
376854
377414
377445
377790
378008
378302
378362
378446
378542
378650
378698
378820
378825
378893
379133
379152
379173
379262
379326
379359
379365
379534
379576
380131
380150
380236
380329
380333
380551
380569
380689
380881
381294
381307
381310
381313
381377
381585
381668
381733
381774
381808
381915
382334
382335
382341
382431
382790
382891
383075
383170
383172
383294
383464
383585
383619
383912
384066
384122
384139
384238
384261
384671
384851
384957
385264
385283
385298
385319
385404
385713
385880
385901
386301
386318
386376
386618
387239
387325
387369
387373
387387
387478
387630
387643
387660
388296
388392
388599
388905
388979
388999
389035
389100
389285
389385
389597
389628
389638
390199
390670
390726
390756
390808
390982
391085
391197
391211
391967
392321
392504
392551
392552
392706
392712
392734
392769
392932
392994
393035
393261
393374
393462
393747
393938
393981
394135
394632
394646
394699
394747
394811
394813
395163
395635
395636
395908
396004
396036
396106
396392
396445
396475
396674
396683
396894
397295
397384
397443
397621
397622
398534
398652
398681
398738
398918
398935
398960
399356
399388
399468
399542
399591
400662
400735
400749
400788
400880
401036
401082
401212
401213
401310
401419
401894
402047
402221
402443
402831
402886
402936
402951
403184
403407
403445
403598
403759
403765
403828
404019
404047
404236
404833
405527
405700
405901
406029
406192
406250
406252
406437
406484
407134
407241
407270
407276
407307
407310
407610
407628
407912
407955
408044
408175
408197
408382
408799
409352
409690
409719
409846
409957
410242
410508
410824
410860
410982
411304
411679
411787
411823
411901
412311
412316
412481
412572
412666
412949
413024
413148
413192
413948
414069
414076
414077
414149
414188
414465
415088
415230
415267
415854
416080
416537
416623
416684
416890
416910
416959
417411
417475
417564
417954
418074
418229
418371
418373
419058
419069
419136
419245
419307
419368
419470
419594
419944
420842
420879
420906
420949
421106
421137
421208
421214
421256
421353
421496
421796
421815
421852
422025
422151
422247
422261
422329
422497
422545
422806
422807
422871
422933
423486
423494
423518
423574
423653
423759
423842
423946
424321
424361
424534
424671
424961
425094
425163
425263
425455
425686
425951
425954
426430
426458
426511
426731
426807
427062
427086
427096
427150
427250
427283
427450
427572
427698
427768
427805
428066
428125
428202
428247
428257
428544
428651
428709
428816
428820
428892
428931
429361
429530
429748
429959
430018
430159
430391
430566
430619
430802
430886
431120
431192
431359
431592
431746
432305
432340
432508
432995
433003
433073
433205
433562
433622
433638
433707
433793
433882
434197
434234
434481
434667
434745
434798
435172
435519
435534
435594
435684
435688
435807
436127
436551
436687
436726
436960
437016
437557
437624
438454
438646
439041
439081
439141
439252
439310
439953
440546
440622
440971
441041
441047
441628
441643
441710
441738
442103
442113
443006
443011
443015
443377
443524
443628
444003
444143
444161
444175
444316
444490
444513
444610
444787
444802
445147
445207
445381
445522
445612
445614
446002
446043
446208
446308
446391
446418
446817
446830
446878
447143
447321
447368
447455
447576
448259
448397
448585
448590
449083
449176
449186
449280
449358
449468
449488
449531
449890
450043
450052
450463
450648
450723
451082
451099
451204
451363
451487
451645
451669
451909
452286
452308
452320
452774
452878
452907
453193
453207
453256
453384
453458
453725
453834
453918
454083
454161
454197
454219
454366
454551
454796
454838
454907
455505
455625
455673
456059
456209
456219
456258
456558
456571
456892
457679
457865
458098
458163
458348
458549
458614
458620
458692
458823
458921
459070
459228
459248
459345
459405
459432
459723
459847
459885
460099
460209
460228
460243
460314
460550
460711
460746
460754
460808
460837
460839
460884
460889
460955
461249
461322
461611
461689
461998
462055
462636
462697
462699
462819
462891
463016
463108
463253
463350
463488
463512
463711
463903
464086
464167
464208
464243
464605
464747
464909
465004
465110
465114
465145
465308
465370
465591
466057
466084
466214
466468
466475
466493
466582
466690
466946
466979
467022
467032
467594
467949
467955
467993
468050
468241
468259
468288
468355
468467
468501
468597
468745
468749
468837
469049
469387
470042
470235
470254
470403
470495
470564
470752
470805
471029
471524
471630
471962
472019
472042
472138
472209
472602
472871
472947
473626
473908
474045
474073
474269
474357
474394
474673
475078
475359
475467
475506
475561
475601
475848
475855
476097
476228
476509
476566
476652
476702
476814
476901
477216
477413
477520
477565
477692
478112
478470
478530
478604
478749
478898
479114
479256
479735
479754
479797
480033
480193
480218
480366
480369
480373
480481
480524
481067
481153
481388
482021
482274
482313
482318
482410
482458
482531
482622
482729
482969
483100
483128
483161
483369
483494
483502
483533
483545
483767
483791
483936
484010
484013
484042
484293
484328
484481
484505
484507
484939
485025
485052
485289
485421
485611
485666
485938
486075
486173
486197
486268
486278
486524
486690
486850
487043
487076
487123
487176
487355
487498
487885
488139
488580
488754
489055
489057
489274
489485
489886
489993
490207
490282
490375
490381
490737
490823
491022
491256
491304
491646
491744
491823
492002
492058
492152
492221
492345
492383
492488
492634
492770
493340
493464
493553
493696
493713
493718
493761
493876
494917
494920
494940
495076
495245
495304
495409
495457
495617
495990
496456
496685
496738
496812
496856
496891
496929
496932
497131
497232
497722
497771
497772
497798
497799
498151
498334
498400
498489
498529
498555
498749
499127
499303
499532
499712
499919
500566
500586
500691
500716
500809
500915
500949
501102
501913
502013
502104
502112
502470
502556
502604
502923
503126
503371
503538
503579
503701
503989
504001
504102
504184
504200
504317
504538
504714
504984
505029
505071
505184
505316
505468
505510
505518
505779
505859
505973
505984
506129
506256
506592
506739
507216
507251
507317
507335
507736
507761
507835
507911
507976
508075
508101
509001
509007
509178
509386
509394
509778
509785
509824
509851
509918
510062
510225
510303
510350
510405
510597
510627
510658
510669
510875
510973
511089
511129
511185
511507
511557
511716
511757
511792
511945
511971
512140
512400
513144
513268
513749
513774
513782
513907
513990
514406
514478
514697
514931
515307
515329
515368
515778
515944
516100
516113
516224
516402
516480
516501
516519
516578
516884
516890
517175
517461
517640
517711
517999
518075
518181
518210
518300
518488
518538
518800
518911
518914
519009
519042
519059
519261
519320
519327
519383
519408
519469
519679
519736
519887
519950
520071
520267
520508
520846
521306
521355
521461
521837
521885
521912
522169
522333
522646
522852
523013
523327
523339
523346
523545
523586
523687
523818
523916
524115
524203
524408
524613
525118
525660
525779
525815
526047
526348
526873
526886
526976
527144
527178
527231
527404
527677
527821
527838
527980
528008
528271
528367
528558
528700
528716
528757
528992
529296
529736
529805
530317
530327
530433
530688
530805
530981
531067
531164
531634
532233
532387
532504
532518
532633
532661
532669
532862
533301
533449
533525
533557
533587
533646
533673
533789
533921
534063
534226
534467
535047
535563
535895
535916
535929
536074
536398
536487
536669
536696
536744
536787
536990
537630
537708
537723
537872
537881
538091
538407
538673
538893
538928
539188
539260
539301
539358
539488
539508
539572
539741
539813
539984
540221
540247
540268
540369
540700
540798
540956
541273
541286
541417
541720
541909
541967
542084
542277
542333
542461
542513
543053
543214
543243
543323
543400
543430
543514
543563
543699
544077
544081
544090
544203
544783
544969
545138
545314
545518
545541
545590
545867
545944
546140
546403
546453
546628
546750
546857
547017
547021
547031
547328
547386
547403
547651
547990
548056
548336
548624
548662
548667
548698
548866
548967
548987
549049
549209
549238
549263
549392
549580
549705
549845
549954
550144
550149
550155
550227
550293
550387
550676
550817
550893
551179
551221
551228
551442
551446
551553
551617
551846
551892
552027
552046
552097
552282
552356
552555
552737
552903
553218
553662
553886
554199
554519
554565
554567
554607
554880
555121
555395
555398
555644
555704
555714
555793
555797
555962
556062
556179
556192
556852
556899
556927
557270
557306
557456
557537
557602
557636
557727
557871
557959
557972
558004
558015
558132
558611
558685
558927
558940
559349
559549
559661
559916
560139
560291
560373
560724
560736
560845
560935
561007
561064
561252
561354
561560
561615
561850
562397
562434
562456
562494
562603
562656
562758
563169
563195
563375
563386
563799
563868
563889
563904
564060
564071
564110
564220
564233
564428
564430
564686
564967
564995
565117
565411
565442
565546
565584
565900
566081
566217
566430
566502
566577
566585
566995
567034
567220
567395
567447
567455
567637
567649
567712
567787
568070
568132
568454
568646
568796
568859
568906
568947
568991
569032
569165
569279
569472
569912
569977
570215
570223
570365
570444
570702
570723
571707
571874
571913
572139
572329
572511
572636
572683
572688
573223
573259
573519
573543
573561
573780
573848
573952
574109
574212
574409
574537
574634
574821
574836
574920
574979
575287
575363
575459
575523
575533
575826
576166
576233
576285
576320
576380
576424
576975
576981
577134
577267
577379
577441
577476
577768
577849
577925
578038
578150
578400
578445
578455
578931
578978
579124
579132
579171
579239
579284
579353
579398
579539
579607
580094
580125
580132
580198
580256
580371
580384
580533
580576
580987
581328
582178
582298
582622
582720
582770
582842
583207
583460
583691
583711
584082
584167
584224
584262
584471
584986
585130
586116
586117
586233
586326
586653
586678
586840
587093
587513
587703
587730
588437
588498
588604
588666
588675
588699
589029
589044
589052
589066
589179
589209
589303
589776
589811
589844
589952
590036
590352
590872
590879
590913
590914
591044
591080
591171
591423
591431
591465
591492
591620
591704
591897
592006
592015
592027
592214
592322
592446
592510
592631
592824
593224
593268
593390
593459
593911
594027
594063
594535
594749
594866
594932
595227
595248
595403
595417
595487
595707
595774
595841
595924
596052
596160
596217
596414
596440
596546
597001
597314
597332
597464
598073
598334
598391
598666
598811
598886
598899
598989
599061
599157
599193
599245
599808
600101
600143
600388
600497
600652
600864
601110
601323
601378
601555
601640
601755
601900
601916
601940
602293
602481
602538
602580
602583
602830
602861
602869
602945
603122
603301
604098
604413
604451
604495
604650
604653
604772
604947
605153
605319
605409
605492
605523
605886
606283
606446
606450
606632
606879
606898
606922
607089
607278
607408
607453
607784
607833
607850
607888
607939
608161
608263
608653
608822
609205
609428
609478
610054
610063
610168
610196
610249
610441
610511
610608
610876
610931
610976
611059
611445
611456
611542
611957
612082
612288
612612
612824
612953
613206
613209
613237
613272
613804
613847
614129
614173
614216
614270
614493
614557
615217
615225
615324
615774
616142
616189
616225
616278
616425
616594
616642
616689
616767
616794
616900
616924
617036
617567
617647
617729
618004
618098
618147
618337
618374
618458
618515
618825
619157
619193
619437
619574
619628
619694
619745
619942
620005
620236
620241
620502
620668
620797
621358
621378
621743
621918
621991
622013
622027
622063
622086
622143
622174
622228
622269
622433
622616
622767
622798
623151
623335
623418
623440
624070
624122
624174
624395
624471
624871
624990
625091
625483
625484
625590
625643
625648
625943
626073
626162
626176
626305
626343
626395
626409
629677
632691
634638
636755
636991
637661
638457
640694
641701
641883
646696
647185
647256
653292
655657
657078
657916
658655
660318
660497
660620
663289
663374
665373
665395
665787
667324
667778
668634
668724
671210
672513
672623
673602
673938
674222
674245
675569
677551
677993
681336
681537
687176
690904
691554
692513
695103
695147
695988
697115
697717
699477
703218
704970
705461
706270
708709
711253
712021
714708
715221
715862
716607
716646
716869
717186
717565
717621
717686
717866
718723
719107
719194
719365
720496
720603
720767
723560
723771
725052
725674
729179
730004
732484
733800
734723
735561
736787
736979
738717
739109
739371
739714
739761
739860
740269
740766
741466
741648
742057
742338
742918
743028
743885
744128
744152
744741
745144
745339
745619
746247
747212
747764
748149
748201
748618
748914
749217
749584
749610
749773
750189
750400
750685
751640
751921
752568
752912
752960
753583
753723
754685
754934
755485
755860
756073
756204
756582
756804
756856
756866
757332
757740
758197
758395
758435
758594
758887
759265
759286
759495
760240
761035
761107
761111
761471
761912
762412
762665
762773
764487
764843
765409
765800
765930
765948
766230
768034
769479
770844
772616
773493
775671
776147
777448
777457
777581
777614
777941
777955
779524
779847
781190
783407
783906
784522
784727
784887
784931
787252
789460
793957
793968
794082
794248
794579
794611
794720
794721
794841
794877
794978
795109
795192
795211
795345
795756
796862
797398
797618
797757
798317
798464
798749
798831
798930
798943
799107
799344
799964
799990
801580
802670
803252
803745
803781
804072
804528
804991
804996
805041
805164
805362
805459
806452
806597
806884
806888
807093
808422
808622
808804
808909
810351
810552
810796
811153
811354
812459
812820
813375
814142
814206
815181
815803
816743
817519
817681
818643
818839
819373
819522
819684
819872
820251
820577
820725
820747
821001
821073
821526
822185
822198
822265
822353
822437
822467
822596
823956
824022
824083
825525
826583
826882
826897
827039
827095
827144
827281
827344
827637
828612
828865
829099
829305
830308
830316
831233
832102
832718
833186
834629
835212
835363
836225
836316
836564
836721
836821
836943
837705
837799
837831
838190
838612
839184
839359
839456
840790
840879
841132
841657
841816
841848
842018
842057
842368
842941
843188
843255
843326
843468
844055
844279
844497
844535
845666
846545
846552
847294
849063
849812
852509
863452
863494
863640
863705
864036
864160
864345
864534
864554
864748
864992
865290
865466
865871
866133
866167
866444
866495
866598
866658
866670
866805
867000
867149
867332
867633
867719
868156
868160
868289
868636
868996
869131
869213
869865
869913
869921
870253
870316
870976
871178
871314
871596
872014
872365
872511
872887
873625
873712
873863
874128
874415
874591
875193
875487
875691
876006
876389
876531
876768
877339
877424
877438
877676
877777
877790
878163
878784
879068
879099
879335
879452
879726
879779
879865
880018
880102
880608
880616
880780
881049
881389
881500
881592
881614
881717
881754
882052
882215
882841
883193
883223
883531
883606
884245
884582
884762
885538
886050
886368
886524
886537
886812
886876
886974
887080
887117
887120
887379
887504
887624
887722
887818
887891
888336
888404
888696
888764
889070
889307
889564
889586
890020
890216
890276
890351
890737
890800
890922
890978
891055
891085
891216
891537
892083
892098
892332
892436
892554
892652
892846
892868
892889
892959
893091
893132
893277
894130
894273
894344
895218
895765
895812
895859
896238
896260
897112
897141
897154
897326
897914
898005
898139
898398
898484
898672
898790
899049
899080
899152
899176
899330
899503
899535
899725
899788
899914
899949
900394
900728
900892
900910
901098
901421
901640
901658
901776
901879
902458
902470
902539
902649
902666
902685
902784
902830
903051
903077
903390
903406
903623
904057
904204
904225
904261
904661
904695
904967
904975
905016
905059
905119
905418
905482
905659
906151
906442
907179
907465
907710
908340
908601
908659
908667
909001
909107
909186
910054
910117
910272
911151
911353
911366
911475
911593
911665
911963
911967
912024
912323
912494
912673
913577
914328
915090
915340
915453
915947
916256
916498
916702
916885
917021
917858
918128
918133
918260
918439
918855
918922
918942
919299
919511
919667
920121
920128
920439
922012
922132
922200
922209
922290
922543
922589
923019
923572
923729
923740
923757
923982
924161
924491
925112
925584
926125
926266
926471
926660
927002
927307
927319
927343
928931
929119
929267
929341
930235
930297
930308
930608
930665
930843
931146
931432
931919
931963
932121
932372
932438
932964
933026
933342
934515
935003
935105
936250
936731
937357
937376
937394
937403
937410
938188
938214
938271
938555
939073
939342
939496
941247
941907
942245
942270
942474
942717
942746
946107
946451
946483
946611
947024
947240
948321
948716
948719
949144
949285
949779
949782
950184
950274
950781
950786
950817
951012
951233
951420
951497
951912
951952
952141
952380
952528
952801
952954
953213
953695
953767
953935
953965
954028
954512
955102
955120
955150
955310
955533
956307
956341
956380
956465
956675
956935
957092
957240
957469
957568
957858
958444
958708
958765
959239
959541
959903
960146
960430
960713
960875
961153
961231
961444
961553
962012
963069
963260
963615
964257
964386
964485
964558
964762
964774
964899
964919
964983
965246
965265
965400
965857
966062
966509
967170
967612
968493
968496
968722
969035
969099
969250
970021
970173
970438
970654
971282
971686
972091
972595
972627
972883
973819
973987
974334
974855
975187
975486
975522
975853
976041
976749
976825
976894
977224
977640
977943
978073
978755
978950
979705
980578
980703
981013
981371
982129
982607
982757
982772
982996
983363
983577
983608
984547
984551
984803
984812
984892
985407
986410
987358
987387
987412
987750
987972
988675
988692
989745
989996
990024
990161
990385
990538
990979
992899
993336
993397
993844
994406
994504
994968
995513
997800
998069
998164
998363
998545
998703
1000475
1000991
1001017
1001274
1002608
1002898
1003264
1003499
1004237
1005776
1006069
1006101
1006244
1006506
1006729
1006960
1006978
1007975
1008376
1008533
1009169
1010695
1011965
1012296
1012701
1012953
1013452
1014310
1014685
1014944
1015043
1015214
1015222
1015764
1016138
1017422
1017482
1017859
1018051
1018638
1019590
1019603
1020231
1020268
1020720
1021414
1021708
1023529
1023745
1024367
1026059
1026945
1027094
1027134
1027496
1027646
1027704
1027715
1028864
1029030
1029117
1029318
1029766
1030310
1030391
1030527
1030590
1031204
1032320
1032507
1034014
