109078
232528
233608
298513
305085
313330
314302
324156
326027
358583
376091
377865
385785
403724
419686
420524
420925
429671
432320
436183
442110
449547
452448
452481
454311
459955
461169
461439
463380
470371
472908
480079
480219
483240
486996
488841
495306
495371
499204
499484
501897
507304
510500
513933
517714
521874
529566
533985
537392
537653
538304
542485
542862
542984
548976
551992
553154
562287
565392
567200
567223
567520
570323
578543
580062
580138
580438
581071
581617
581958
582695
583822
584282
586050
587960
589753
591159
595959
597230
597355
599293
599341
599436
601724
602687
606674
607455
614928
615032
618413
622713
622812
623846
698237
700105
713589
734759
740166
748771
750190
759058
760981
761780
763631
794666
795350
837578
843700
863933
868054
872317
872971
875744
881163
889796
890122
890522
892322
902688
904610
906246
909387
912703
924002
926689
930557
932046
932419
935849
938501
939722
941921
948082
949192
956265
956580
957508
957824
958691
959281
960269
961236
963009
970355
978356
981625
983947
