103223
103316
103556
116964
122194
124893
125170
134419
143551
143739
143950
144223
147495
149358
150303
152189
154165
161452
163267
167694
167996
170455
170496
172030
172457
172604
175030
178316
179210
190264
196252
201704
206396
211152
214134
218551
220201
222422
222702
222969
223769
225597
227120
227391
227535
230354
232716
235302
243304
243854
243929
247920
251775
256580
263990
271363
272184
280075
283844
284434
284937
285254
288540
289744
293261
296700
296939
300450
302336
309589
310821
313574
314494
315486
315786
318521
319732
324435
326027
327617
327935
332928
333513
334513
335322
335616
337565
339517
339771
342554
343998
344568
347996
349205
350883
351599
352441
355952
366154
370185
371266
371614
376091
376752
377190
377865
378687
385046
386377
388751
392865
393413
395449
397005
397173
398255
399636
400827
402552
404674
405080
408037
408070
411179
413942
414915
415543
415922
416926
420524
420925
422146
425791
426042
427662
429671
430423
431083
432893
435438
436393
439351
447627
448223
449764
450717
452539
453449
456271
460441
461473
467509
467570
468001
479250
481080
481567
481681
484210
485828
489428
491581
493195
496594
508424
509781
511908
512745
512746
514356
517522
523772
535603
535960
536673
536854
538455
545082
545785
545927
556676
558155
559761
566436
567520
580062
580138
584282
585265
589957
592916
593864
595074
596761
597089
599293
600295
601813
603945
610037
612284
624419
637772
660586
677356
684803
691495
706051
709530
721738
723572
724021
725689
744426
753505
758732
761744
765773
766154
767398
772088
796188
818420
821181
823716
824341
824734
825962
830896
832733
834995
866455
870571
872216
872971
879527
880747
881068
882421
886808
889372
895808
906246
912544
914812
925183
925941
927649
930557
932046
937734
940625
947206
947740
956686
963812
968362
969405
969767
970355
974838
980727
985679
994052
