100264
100302
100497
100876
100977
100985
101105
101461
101669
102120
102309
102647
102939
103182
103218
103332
103371
103656
104060
104293
104518
104717
105377
105649
105769
106150
106748
107591
107756
107872
108203
108521
108847
109051
109220
109363
109498
109551
109572
109767
109795
110297
110455
110457
110633
110753
110899
111302
111383
111890
111958
112006
112041
112044
112455
112511
112979
113036
113566
113661
113670
113725
113838
114449
114730
114932
114989
115022
115514
115526
116116
116969
117249
118229
118234
118355
118478
118554
118560
118658
118675
118750
119454
119902
120004
120248
120259
120404
120461
120734
120992
121107
121128
121147
121440
121443
121590
121672
121730
121796
122584
122900
122918
123035
123593
123618
123777
123825
124006
124397
124464
124681
124784
124940
125045
125579
126277
126551
126632
126962
127101
127319
127739
127760
127802
127960
128213
128265
129001
129017
129166
129289
129390
129401
129415
130191
130366
131008
131014
131015
131348
131514
131554
131823
132260
132279
132683
132897
132966
133113
133456
133707
133892
133897
134084
134146
134440
134631
134880
135400
136832
136996
137060
137296
137677
137982
138058
138134
138296
138325
138395
138794
139038
140234
140480
140578
141207
141231
141887
142122
142309
142372
142659
142694
143116
143182
143204
143322
143382
143415
143826
144205
144417
144552
145230
145467
145478
145747
145875
146559
146574
147287
147333
147432
147513
147896
148414
148475
149020
149242
149419
149886
151015
151702
151806
152033
152081
152148
152242
152266
152384
152621
152806
153136
153683
153769
153850
153963
154248
154300
154544
154589
154931
154982
155211
155896
155907
156041
156096
156456
156634
156655
156690
156705
157047
157314
157497
158587
159143
159371
159567
160433
160513
160806
162284
162402
162513
162567
163124
163178
163264
163332
163869
163878
163984
164308
165061
165072
165109
165324
165402
165690
166218
166316
166603
166734
166926
166992
167168
167298
167382
167476
168584
169209
169402
169482
170158
170515
170586
170729
170884
170900
171002
171090
171396
171480
171614
171664
171799
171803
172277
172406
172953
173033
173210
173319
173338
174296
174525
174604
174793
174805
175456
175621
175840
175958
176040
176123
176552
176862
176879
177373
177483
177684
178285
178829
179113
179118
179724
180111
180171
180374
180415
181027
181495
181607
181816
181964
182290
183067
183140
183500
183762
183834
183939
184070
184353
184389
184731
184841
184936
185265
185339
185724
185899
186319
187042
187359
187830
187833
188482
188537
188558
188629
188772
188845
189043
189082
189637
190040
190328
191307
191561
192058
192139
192445
193056
193191
193227
193275
193285
193360
193388
193469
193748
193818
193922
193986
194077
194202
194407
194411
194691
195105
195197
195200
195246
195383
196143
196163
196232
196392
196458
196667
197039
197571
197841
197892
198525
198697
198805
199285
199622
199655
199673
199712
200405
200525
200658
200796
200853
201118
201253
201448
201617
201816
202040
202045
202124
202323
202371
202595
202856
203487
204034
204037
204208
204365
205363
205683
206040
206779
206910
207287
207645
208232
209033
210355
210409
210939
211657
211736
211854
211893
212031
212581
212675
212771
212834
213211
213412
214066
214182
214332
214353
214721
214908
215341
215614
215782
215849
216241
216620
217779
218262
218625
220192
220306
220808
221739
221770
221964
222000
222403
222416
222650
222895
223109
224098
224116
224365
224522
225015
225321
225520
225562
225706
226026
226924
227132
227142
227275
227696
228009
228171
228704
228856
229711
229974
229999
230124
230410
230440
230749
230856
230907
231496
231807
231893
232183
232805
233068
233592
234017
234220
234742
235596
235938
236507
236759
237038
237148
237374
237648
238174
238581
238833
238881
238925
239186
239278
239422
239730
240151
240326
240562
240630
240683
240947
241017
241180
241230
241327
241533
241558
241640
241671
241673
241897
241902
242195
242201
242206
242569
243592
244101
244198
244827
245071
245076
245144
246299
246558
247084
247304
247624
247730
247754
247851
248247
248473
248530
248633
249117
249668
249823
250022
250700
251002
251036
251397
251477
251826
252278
252915
253363
253734
253749
253934
254538
254623
254830
255262
255427
256763
257026
257050
257494
257663
257982
257995
258366
259479
259627
259706
259881
260074
260362
260786
261019
261063
261384
261502
261715
261852
261871
262557
263293
263361
263505
263913
264188
264417
264526
264679
264688
264832
265158
265244
266150
267005
267198
267277
267309
267343
267463
267584
267739
268141
268343
268686
268921
269187
269413
269732
270174
270220
270265
270378
270415
270517
270918
271035
271240
271640
272045
272075
272097
272234
272307
272441
273537
273658
273854
273864
274561
274894
275216
275398
275684
275864
275978
276069
276275
276365
276638
277677
277744
277815
277935
278259
278323
278602
279256
279360
279693
279798
280400
280575
280686
280850
280884
280966
281256
281822
281890
281971
281988
282311
282540
282802
282991
283351
283819
283910
284033
284341
284389
284497
285038
285517
285626
286321
286384
286429
286753
287131
287389
287468
287608
287610
287668
287730
288039
288466
288502
288714
289241
289643
290496
290616
290835
291279
291464
291564
291944
291986
291999
292246
292347
292568
292873
292885
293943
293947
293965
294115
294156
294412
294453
294969
295048
295823
295941
296038
296181
296432
296486
297354
297431
297467
298191
298450
298742
298776
298810
299166
299418
299637
299907
299971
300920
301188
301402
301570
301967
302117
302471
302502
302965
303309
303389
303392
303696
303718
304391
305003
305717
305884
306020
306030
306466
306638
306917
307031
307055
307101
307210
307299
307407
307536
307631
307985
308393
308525
308695
308821
308949
308992
309153
309445
309563
309792
309886
309947
310155
310184
310380
310581
311524
311539
312256
312376
312877
312931
313095
313130
313260
313286
313674
313887
314165
314647
314666
314863
315168
315247
315434
315695
315699
315774
316587
316593
316762
316895
318193
318236
318265
318300
318322
318489
318551
318677
318886
318986
319006
319196
319231
319317
319756
319824
320242
320988
321085
321172
321672
321965
322207
322520
322835
322922
323778
324104
324242
324277
324385
324402
324973
325322
325354
326124
326897
327025
327452
327686
328019
328086
328876
329014
329426
330084
330279
330312
331214
332133
332348
333036
333268
333674
333899
334544
334634
334919
335052
335097
335224
335334
336381
336518
336730
336979
337353
337840
338053
338085
339159
339524
339905
340253
340260
340311
340742
341341
341501
341866
341894
342120
342221
342376
342620
342654
343259
343449
343754
344630
345337
345369
345500
345616
345803
347067
347353
347453
347476
347568
347715
347942
348212
348380
348387
348809
348948
349140
349756
349876
350143
350390
350647
350768
350800
351253
351455
351525
351613
351686
351715
351763
352255
352499
352928
352993
353487
353820
353994
354020
354084
354659
354730
354972
355203
355402
355812
355838
355848
355892
356280
356498
356945
357762
358249
358331
358497
359007
359121
359175
359592
359909
360024
360222
361047
361180
361384
362768
362989
363005
363046
363387
363692
363826
363974
364367
364435
364804
365037
365101
365174
365265
365900
365989
366241
366567
366974
366986
367139
367291
368032
368080
368316
368624
369391
369654
370111
370127
370690
371348
371450
371575
371690
371866
372049
372104
372245
372572
372628
373506
373587
374383
374468
374511
374519
374604
375083
375104
375108
375746
375821
375840
375949
376046
376300
376830
376847
376873
377365
377790
378542
378650
378698
378736
379021
379022
379043
379133
379262
379536
379890
379896
379968
380333
380551
380689
380828
381310
381585
381668
381699
381774
381832
381915
382334
382947
383443
383585
383660
384261
384643
384751
384801
384880
385249
385318
385630
385858
386618
386748
386828
386890
387239
387373
387660
387869
390100
390693
390704
390756
391557
391816
391928
392937
394026
394027
394121
394148
394553
394710
394811
394863
395532
395643
395817
395908
396217
396370
396445
396493
396609
398410
398534
398935
399087
399468
399542
399590
399611
399682
399944
400749
400788
401212
401439
401580
401971
402047
402254
403386
403388
403445
403492
403667
403759
403979
404596
405368
405933
406076
406378
406406
406484
407134
407141
407184
407924
408080
408175
408235
408799
409376
409613
409846
409935
410242
410392
410425
410982
411452
412247
412387
412436
412591
413192
413547
413891
414036
414417
415088
415206
415279
415854
416080
416219
416831
416866
416959
417010
417022
417564
417862
418113
418129
418229
418371
418856
419058
419307
419395
419470
419668
419747
419842
419944
419999
420842
420848
420953
420968
421070
421137
421353
421496
421796
421985
422247
422261
422497
422901
423302
423633
423766
424318
424321
424333
425455
425536
425954
426139
426341
426964
426972
427086
427096
427250
427283
427408
427768
428189
428202
428547
428651
428793
429543
429627
429719
429748
429826
429913
430029
430159
430237
430420
430713
431199
431592
432553
432898
432995
433003
433622
433654
433709
433827
434047
434342
434713
434814
435389
435519
435521
435797
435869
437007
437011
437193
437421
437624
437808
438646
438691
439081
439115
439296
439358
440725
440971
441047
441318
441489
441866
442216
442411
442885
442934
443006
443015
443197
443262
443524
444023
444295
444655
444678
444802
445147
445430
445614
445715
446270
446418
446438
446599
447321
447368
447504
447802
448117
448228
448585
449176
449367
449488
449654
449743
450212
450519
450524
450548
450950
451129
451301
451487
451669
451897
451909
452286
453036
453193
453324
454083
454197
454219
454538
454692
455319
455398
455505
456040
456059
456298
456470
456538
456698
456750
456892
457077
457399
457688
457705
458365
458615
459052
459070
459204
459341
459432
459723
460089
460222
460228
460746
461611
462438
462727
463253
463313
463510
463550
463761
464167
464230
464331
464835
464842
465110
465370
466095
466214
466468
466895
468259
468467
468745
469639
469953
470564
470645
470752
470762
471029
471775
472019
472122
472209
472481
472871
472947
473077
473266
473843
474371
474566
474702
474879
475419
475440
475467
475601
476100
476137
476243
476509
476702
476957
477056
477413
477480
477520
477616
477785
478176
478820
479127
479246
479396
479461
479586
480133
480218
480307
480366
480369
480373
480481
480524
481094
481388
481872
481873
482512
482998
483402
483533
484457
484493
484507
484590
484669
484948
485168
485361
485421
485626
485938
486268
486858
487374
487513
487514
487931
488496
488650
488931
489055
489263
489886
491131
491256
491709
492120
492221
492345
492851
492879
493373
493553
493696
493761
493977
493984
494566
495047
495194
495580
496369
496630
496685
497232
497771
497772
498308
498334
498824
499712
499840
500061
500312
500716
501191
501790
502111
502470
503073
503126
503202
503525
503953
504100
504300
504317
504538
504682
505144
505482
505613
506019
506129
506392
506588
507102
507317
507489
507569
507835
507875
507920
508067
508075
508093
508100
508569
509277
509622
510060
510062
510208
510474
510669
510721
511024
511109
511129
511243
511341
511464
511757
511792
512483
513268
513469
514324
514478
515368
515602
516184
516609
516630
516801
517175
517323
517325
517415
517640
517641
517749
518305
518808
518871
518914
519006
519137
519469
519885
520008
520267
520531
520830
520893
521161
521461
521470
521885
521974
521982
521999
522427
522611
523013
523099
523356
523374
523545
523586
523619
523630
523671
523766
523818
523916
524485
525202
526400
526886
526976
526985
528020
528271
528601
528853
529386
529466
529736
530104
530807
530981
531053
531298
531554
531843
531947
532007
532233
532337
533301
534690
534904
535047
535129
535596
535684
535895
535916
535929
536074
536339
536398
536615
536744
537131
537182
537370
537955
538020
538302
538623
539199
539301
539572
539617
539653
539695
539813
540247
540732
540917
541166
541417
542068
542226
542277
542513
543214
543243
543489
543558
543563
543699
543714
543895
544028
544077
544111
544203
544498
544927
545058
545518
545877
545944
545984
546453
547578
547665
547712
548667
548830
548967
548999
549038
549113
549263
549392
549498
549689
550070
550144
550293
550509
550602
550799
550953
551395
551846
552483
552521
552715
552765
552866
552914
552972
553442
553445
553754
553886
553926
554207
554214
554426
554469
554521
555374
555395
555468
555528
555618
555704
555714
555753
555806
556846
557221
557270
557390
557537
557602
557636
557871
557959
557999
558112
558328
558639
559000
559042
559225
559445
559473
559620
560139
560237
560736
560845
561007
561252
561468
561615
561726
562031
562199
562398
563386
563868
564424
564783
564995
565094
565366
566034
566225
566430
566577
566886
567002
567447
567455
567649
567712
567787
568128
568132
568646
568991
569472
569528
569912
570223
570365
570490
570691
570723
571707
572285
572850
574109
574634
574836
575287
575459
575523
575826
576125
576233
576271
576301
576335
576380
576459
576664
576692
576731
576902
576981
577113
577134
577250
577451
578038
578051
578253
578311
578355
578365
578978
579001
579124
579353
579398
579539
579607
580256
580580
580829
581567
582964
583156
583342
583351
583460
584027
584447
584832
584986
585301
585369
585524
586977
587069
587454
587925
588498
588699
588730
588965
589209
589303
589515
589811
590237
590352
591423
591431
591620
592202
592390
592510
592647
593137
593170
593355
593535
594027
594063
594114
594526
594666
594749
594803
595248
595288
597332
597927
598391
598520
598984
599235
599279
599320
599670
600064
600101
600263
600388
600607
600624
600773
602293
602481
602580
602649
602830
603395
604004
604098
604350
604581
604625
604707
604772
604947
605006
605446
605523
606283
606450
606632
606834
606879
607089
607091
607333
607784
607833
608331
608653
608982
609428
609478
609538
610249
610330
610511
610645
610931
611122
611237
611320
611537
611763
612082
612288
612410
612518
612824
613003
613012
613146
614636
614776
615114
616142
616225
616308
616377
616565
616689
616767
616864
616924
617558
617729
618014
618634
619253
619437
619574
619880
620005
620236
621018
621048
621378
621843
621918
621991
622013
622027
622143
622174
622269
622410
622586
622876
622990
623335
623440
623642
623950
624033
624179
624366
624400
625483
625579
625637
625648
625943
626162
626343
628778
632024
632915
633114
634282
636991
637904
639332
639744
640764
640967
647185
648798
651048
651286
651351
651436
655657
656209
656857
657021
657916
659809
661062
663289
663848
665336
665787
666009
667317
668054
668179
668243
668634
670612
671210
674700
675318
675569
677551
680859
688011
692179
692982
693202
693851
694502
695135
696497
697903
698572
699477
700864
703448
703679
704237
704912
705081
705461
707962
708114
711253
714700
714833
715147
715341
715453
715903
715934
717415
717621
718355
718646
720603
722141
723771
723962
724230
724761
725594
725674
726988
727036
729027
729550
730202
732484
733146
733176
733854
734723
735292
735924
736787
737348
738077
738492
738852
739012
739714
739761
739860
740142
740276
740344
740947
740965
741223
741648
742338
743021
743527
744212
744856
745446
745526
745567
745847
746247
746336
746498
746930
747446
747609
748294
748569
748710
748748
748914
750189
750250
750685
751356
751640
751685
752568
752577
752912
753513
753723
753805
754685
754772
754919
755363
755417
755792
756564
756856
756895
756981
757291
757331
757332
757685
757924
758478
758594
758595
759481
759650
760352
760414
761107
762412
763292
764615
765033
765409
765564
766565
766995
767352
768034
770844
772412
772616
774184
774498
774815
774897
775002
775182
775561
775671
776101
776745
776789
777643
778660
778698
778982
779242
779426
780196
783402
785547
785590
785728
786875
787610
787614
787767
788356
789767
789996
791005
791569
792749
794248
794535
794675
796107
798831
799990
804634
804991
805362
806691
806884
808622
809946
812459
814206
816743
820251
821047
823514
825224
826615
829891
830201
832102
833102
835609
836821
838634
839184
840055
840247
842170
842834
842941
843317
844535
846552
847660
849812
859456
863993
864160
864345
864534
864554
864748
864810
864953
865318
865590
865945
866805
867283
867960
868017
868148
868156
868375
868485
868830
868882
869131
869677
869865
870049
870242
870253
871314
871369
871665
871822
872031
872133
872211
872217
872511
873615
873863
873976
874035
874415
874719
875501
875683
875980
876118
876659
877064
877438
879086
879270
879343
880018
880102
880608
880795
880934
881061
881192
881494
881662
882284
882335
882861
882864
883046
883193
883386
884155
884245
884401
884673
886102
887474
887561
887803
888260
888291
888613
889264
889411
889496
890224
891279
891331
891686
892502
892622
892652
892957
893886
894130
895461
895618
896272
896292
897071
897112
897141
898768
899955
900716
901075
902011
902609
902624
902696
902784
903506
903640
904914
904975
905016
905482
905721
905873
906775
907179
907738
908076
908239
908340
908701
908778
909640
911116
911400
911475
911500
912487
912509
913577
913872
913899
914498
914668
914799
915181
915391
915517
916519
916838
917491
917645
918260
920128
920341
921065
922072
922526
923572
923682
924059
924215
925525
926491
929968
930308
931963
932979
934354
