100169
100378
100977
101105
101234
101682
101749
101913
101998
102475
102647
102939
103286
103872
103904
104047
104293
104626
105047
105316
105351
105649
105672
106150
106319
106867
107936
108163
108209
108228
108526
108938
109302
109363
109498
109538
109551
109765
109767
109828
109910
110899
111302
111383
111828
111939
111996
112041
112335
113036
113211
113324
113625
113725
114658
114666
114730
115438
115526
116078
116116
116517
116566
117387
117790
117902
117912
118478
118658
118675
119307
120461
120953
121076
121107
121294
121516
121729
121730
121796
122037
122130
122584
123035
123517
123618
123801
124073
124326
124397
124464
124500
124681
124738
124784
124829
125579
125615
125911
126046
126231
126426
126617
126864
127376
127760
127952
127960
128265
128914
129289
129525
129919
130181
130225
130366
130464
130532
130820
131014
131368
131554
132138
132260
132519
132722
132966
133892
134151
134631
134748
134880
136291
136593
136688
137060
137223
137310
137356
137504
137677
137871
138008
138058
138296
138395
138451
139038
140239
140578
141100
141207
141259
141332
142373
142694
143826
144811
145395
145467
145566
145747
145875
146032
146069
146201
146540
146574
146667
146720
147391
147410
147563
147715
147896
148089
148094
149020
149579
149886
151702
152242
152266
152370
152459
152806
152992
153136
153656
153900
153970
154084
154132
154248
154386
155710
155896
156096
156475
156644
156655
156705
156715
156805
156998
157508
158388
158431
158639
159082
159143
159365
159555
160010
160121
160378
160433
160892
161105
161674
161721
161915
163558
163661
163936
164423
164467
165023
165402
165684
166279
166524
166603
166799
167055
167077
167298
168024
168079
168584
169402
169561
169564
170293
170729
170884
171287
171664
171799
172147
172277
172406
172679
173048
173071
173181
173338
173528
174525
174547
174578
174617
174731
175456
175844
176264
176750
176862
176911
177045
177373
177965
178271
178829
179922
180008
180522
180625
180786
180826
180952
181027
181312
181548
181624
181935
181964
182359
182461
182855
183182
183912
184036
184045
184343
184731
184791
184841
185135
185724
186337
186738
186884
187465
187715
187833
187947
188309
188482
188522
188933
189419
190005
191307
191537
191561
192516
192562
192639
192763
193056
193227
193677
193796
193871
193943
194749
194762
194842
195105
195200
195383
196143
196232
196976
197064
197394
197627
197718
197939
198270
198404
198513
198623
198674
198923
199278
199285
199323
199616
199673
199769
200047
200173
200658
200726
200999
201410
202040
202122
202428
202473
203373
203740
204046
204383
204827
205668
205731
207166
207233
207645
207749
208648
208744
208868
208999
209010
209033
209659
209796
209988
210355
211111
211606
212020
212581
212664
213179
213211
213461
213936
214272
215089
215126
215168
215560
215849
216241
216555
217076
217737
217779
218186
218258
218744
219957
220108
220763
221670
221739
222000
222403
223072
223363
223458
223493
224098
224365
224522
224581
225811
225819
226007
226358
226924
227188
227267
227696
228171
228538
228559
229546
229711
229857
230124
230440
231496
231687
231731
231807
233042
233561
234537
235106
235462
235938
237181
237263
237287
237476
237771
237911
238481
238496
238557
238848
238881
238896
239392
239730
239835
240085
240326
240550
240562
240683
241319
241433
241596
241671
242000
242062
242148
242201
242733
242920
243089
243973
244024
244101
244198
244827
245076
245092
245547
246558
246987
247209
247304
247624
247754
247851
249024
249449
249715
249941
250025
250116
250397
250707
250825
250929
251287
251568
251654
251719
252855
252971
253296
253749
253973
254477
254538
254849
255249
255494
255586
255615
255686
255913
256174
256742
256884
257154
257216
257398
257619
257663
258366
258533
259079
259381
259856
260017
260237
260523
261035
261103
261185
261384
261715
261850
261855
263042
264004
264237
264526
264679
264688
265374
265789
266087
266150
266873
266879
267234
267366
267463
268141
268342
268921
269187
269404
269417
269529
269732
270114
270220
270415
270517
270918
270927
271640
271779
271865
271964
272307
272441
272710
272966
273537
273658
273694
273854
273864
274001
274467
274742
274953
275298
275602
275763
276030
276275
276667
276832
277301
277744
277985
278811
279223
280194
281142
281206
281256
281274
281555
281605
281822
281954
281956
281988
282261
282315
282396
283016
283278
283533
283625
284816
284995
285517
285626
285995
286161
286321
286476
286890
287136
287608
287610
287680
288466
288570
289106
289220
289284
289822
291188
291218
291344
291453
291752
291806
292347
292856
293020
293049
293120
293332
293338
293451
293947
293992
294115
294412
294568
294723
294965
294969
295075
295538
295730
295867
296486
296815
296905
297113
297298
297431
297812
298174
298245
298368
298450
298548
298742
299386
299634
301402
302249
302709
302871
303158
303422
303513
303546
303696
303718
304012
304672
305001
305003
305022
305419
305469
305487
305678
306020
306030
306533
306992
307299
307437
307536
307813
307966
308169
308334
308683
308745
308900
309153
309520
309886
309907
309947
310133
310155
310170
310313
311176
312468
312700
312801
313016
314138
314234
314296
314647
314666
315575
315695
316534
316593
316762
317089
317108
317586
317884
318322
318339
318678
318886
319006
319317
319569
319824
319839
320242
322207
322466
322520
322612
322776
322922
323045
323076
323601
323618
323729
323804
324104
324242
325066
325354
325831
326483
326485
326603
326664
326832
326842
327179
327554
327610
327984
328105
328876
329473
330312
331214
331420
332083
332850
332924
333577
333674
333852
333899
333924
333982
334185
335094
335544
335643
335685
336107
336730
338762
338947
339300
339428
339905
340253
340311
341101
341194
341341
342422
342654
342688
342699
343259
343385
343979
344290
344483
344630
345108
345337
345616
345938
346081
347220
347715
347947
348085
348261
348380
348462
348948
348997
349360
349408
349622
349756
350054
350390
350578
350647
351613
351686
352108
352255
352928
353647
353820
353824
354101
354419
354730
354775
355203
355387
355838
355942
356360
356884
358497
358664
359005
359512
360222
360480
361281
361791
362093
362310
362768
362989
363690
363692
363922
364367
364658
365174
365613
365792
365816
365900
366177
366548
366974
367291
367391
368080
368624
369633
369654
369769
370216
370455
371435
371498
371519
371866
372638
372937
373042
373201
373506
373549
373743
374223
374593
374977
375104
375108
375519
375633
375840
376219
376300
376468
376484
376513
377365
377414
379133
379576
380131
380236
380551
380689
381463
381808
381915
382334
382790
382915
383035
383075
383443
383681
383804
384122
384751
384804
385271
385319
385398
385630
385713
385858
386245
386308
386748
386879
386890
387532
388097
388275
389100
389814
389961
390756
390808
390982
391139
391197
392504
392833
392937
393210
393462
393813
394121
394148
394811
395532
395817
395963
396004
396036
396370
396493
396669
396674
396894
397295
397676
397821
398297
398652
398745
400788
401971
403445
403492
403552
403759
404347
404535
404757
405288
405705
406221
406437
406484
406495
407134
407141
407242
407628
407872
407912
407946
408080
408547
408799
409352
409421
409613
410063
410392
410517
411438
411677
411679
412127
412383
412977
413043
413295
413547
413937
413969
413973
414036
414069
414081
414188
414193
415088
415279
415742
415780
415967
416080
416219
416537
416959
417557
417862
418229
418537
418826
418943
419058
419944
419999
420626
420839
421049
421137
421796
421852
422151
422901
423332
423494
423518
423574
423591
423653
423673
423778
424086
424592
424865
425455
425951
425954
426731
427086
427096
427250
427408
427768
427961
428202
428273
428417
428539
428547
428651
429140
429537
429748
429826
430778
430886
431316
431870
432161
432898
432995
433003
433111
433205
433579
433622
434197
434713
435091
435374
436629
437007
437011
437421
437808
437840
437913
438114
438646
438935
439115
439171
439310
439314
439953
440924
441032
441047
442103
442141
442238
442250
442411
443006
443262
443356
443524
443675
443971
444023
444787
444802
445207
445370
445614
446308
447143
447321
447368
447504
448117
448397
448585
448590
449026
449654
449694
450205
450399
450463
450524
451363
451658
451669
451756
451909
452286
452308
452878
453193
453200
453603
453834
453918
454007
454083
454219
455008
455342
455505
456059
456892
457077
457930
458163
458746
458921
459052
459070
459345
459432
459887
460099
460228
460746
460889
461002
461997
462438
462697
462699
462727
462890
462891
463253
463510
463711
463912
464167
464331
464558
464842
464880
465110
465145
465158
465370
465645
466468
466493
466627
466690
466822
466946
467022
467113
467246
467949
468072
468426
468467
468745
468961
469298
469829
470042
470106
470483
470636
470667
470752
471775
471841
472203
472481
472871
472947
474027
474104
474879
474979
475454
475838
475865
476652
476702
476821
477033
477056
477097
477677
477785
478437
478556
478625
479396
479474
479946
480369
480373
480524
481388
481873
482549
482740
482827
483143
483533
484135
484493
484507
484590
484910
485052
485548
485826
485938
486023
486173
486197
486237
486348
487885
488362
488740
489055
489057
489479
489485
490114
490737
491803
492143
493696
493903
493937
493984
494161
494174
494444
494920
495425
495580
495684
496119
496617
496685
496929
497021
497740
497772
498151
498300
498303
498529
498969
499303
499532
500232
500312
500504
500716
501191
501835
501865
502999
503075
503081
503126
503187
503371
503953
504102
504300
504538
504983
505111
505518
505602
505613
505693
505779
505822
506019
506129
506206
506588
506895
507197
507226
507358
507544
507729
507738
507835
508005
508618
508797
509007
509277
509577
509785
510144
510208
510669
510745
511598
511757
511792
512707
513029
513128
513129
513268
513469
514478
514697
515368
515788
515977
516184
516505
516797
517323
517346
518375
518759
519068
519137
519469
519472
519885
520041
520071
520204
520267
520418
520632
520800
521161
521325
521549
521715
521837
523195
523327
523545
523630
523818
524222
524613
525118
525481
525646
525762
526399
526400
526732
526976
526994
527231
527677
527840
528271
528601
528716
528848
529060
529688
529805
530805
531231
531875
533301
533341
534153
534619
534910
535047
535129
535454
535916
535929
536214
536313
536339
536487
536615
536669
536911
537170
537370
537630
537976
538623
538955
539188
539260
539410
539446
539545
539653
539813
540740
540772
540798
541273
541286
541417
541453
541470
541689
542513
542908
542971
543214
543323
543699
543714
544077
544399
544498
544826
545177
545283
545590
545730
545867
545888
545944
546256
546857
547021
547031
547151
547328
547712
547811
548515
548537
548624
548741
548967
548999
549038
549585
549705
550583
550799
550893
551846
552483
552577
552866
552870
552972
553162
553698
553886
554521
554852
555525
555714
555753
556050
557537
557636
557871
557999
558004
558328
558926
559000
559009
559445
560011
560139
560291
560382
560962
561252
561354
561496
561560
561615
561739
562031
562434
562991
563483
563837
563868
564051
564430
565138
565366
566035
566212
566577
566886
567004
567220
567458
567971
568859
569912
570299
570691
571913
572037
572123
572659
572850
572859
573223
573259
573823
574456
574503
574634
575287
575459
575722
575745
575826
575890
576233
576380
576954
576981
578038
578365
578838
579117
579539
579607
579893
580256
580533
580793
581633
581812
581869
582088
582270
582554
582622
583460
583630
583711
583989
584045
584262
584377
584447
584986
585369
585548
586977
587069
587093
587703
588382
588437
588675
589322
589325
589952
590828
590903
591423
591465
591620
591731
591743
591870
592442
592510
593170
593535
594027
594063
594237
594239
594535
594666
595282
595288
595736
595816
595924
596209
596619
597247
597738
598989
599178
599193
599279
600064
600101
600365
600388
600607
600624
600773
601072
601588
601900
602293
602481
602580
603395
603718
603787
604098
604625
604772
604947
604958
605261
606290
606450
606834
606879
606898
607089
607470
607514
607552
607784
607806
607833
609205
609257
609478
609542
609958
610249
610511
611092
611366
611967
612525
612824
613132
613209
614286
614904
615217
615243
615774
616225
616308
616588
616689
616783
616827
617647
617993
618004
618180
618311
618347
618387
618550
619116
619437
619574
619694
620005
620173
620236
620420
620532
621048
621627
621707
622013
622027
622063
622143
622174
622371
622410
622586
623440
623497
623950
624047
624135
624470
624505
624767
624990
625136
625462
626116
626162
626585
626648
628778
634043
634282
636409
637339
642259
644899
645107
649259
649774
650468
651436
651715
652979
656209
656429
658355
658655
659809
661747
661750
663289
665787
666723
667593
668054
668217
669746
670749
671210
673150
678120
679482
682321
682601
684889
686005
686964
687257
688836
694502
696493
696497
697160
697228
697760
697903
698767
701121
703679
705461
711032
711308
711414
712966
714926
715341
715423
716605
717312
717489
718355
718486
719763
720603
727526
729592
731835
732110
733146
733250
734723
735179
735292
736979
737370
738639
739860
740276
741623
741648
742006
742918
743021
743024
745144
745567
746033
748021
748897
749038
749414
749773
750189
750277
750309
751146
751356
751640
752568
752575
753723
753730
754685
754772
755762
756153
756204
756531
756582
756633
756856
756895
756981
757332
757611
757680
757740
757822
757850
758094
758478
758594
758658
759360
760414
760960
761107
762412
762454
763495
764196
765564
765772
770369
771008
773026
773466
776745
777179
777984
778187
778466
778698
778982
779569
779698
781578
784931
785547
785985
786875
787610
788124
789767
790376
790704
791569
792749
794248
794675
795412
796552
796862
798464
798831
798943
801580
803745
805164
805362
806597
806691
808622
810542
812459
814748
815881
818643
819078
819373
819522
820251
821047
822353
822467
823514
825168
825189
826258
826835
828469
830899
832102
832718
834588
836172
836225
836821
836943
838497
838586
839184
839992
840055
840247
841816
842170
842925
842941
843317
844055
845332
847294
847660
848540
849812
849882
859456
863615
863786
863878
864160
864225
864313
864345
864534
864554
865207
866133
866495
867719
867739
867960
868017
868321
868375
868711
868830
869019
869677
869865
869888
869921
870134
870293
870598
871314
872953
873712
873863
873976
874064
874298
874415
874591
874719
875200
875347
876006
876118
876389
876659
876768
877339
877424
877496
878173
879125
880018
880102
880506
880616
880687
880760
880795
880985
881061
881166
881662
881754
883193
883507
884018
885232
885525
885740
886368
886524
886706
886876
887120
887214
887266
887397
887818
887891
888291
888764
888894
889564
890147
890224
890351
891055
892436
892502
893132
893886
894075
894130
894316
895072
895618
895668
896048
896272
896389
896583
897079
897112
897119
897154
897213
897655
897807
898488
898790
898847
899554
899725
899788
900716
900765
901144
901985
902624
902696
902784
903174
903257
903406
903423
903640
904057
904661
904787
904914
904967
904975
905016
905119
905130
905481
905482
905530
905873
906644
908130
908210
908504
908659
908694
908778
908792
909180
911475
911614
911963
911967
912180
912307
912815
913872
914379
914881
915181
915967
915992
916245
916607
918078
918198
918260
918459
919844
920061
920725
921456
923572
923982
924447
925417
925848
925981
926125
926494
926653
926970
926991
927343
929185
929505
929968
930235
931403
931620
931963
932260
932389
933026
933511
934224
934984
936004
936517
936571
936731
936946
937394
937532
938953
939185
939734
939882
941389
942445
945662
946107
946483
947227
948522
948825
949125
949287
949707
950015
950274
950715
950781
950817
952954
953733
954307
955120
956223
957240
957568
958258
958765
