100615
101105
101170
101188
102168
103218
103814
103881
103904
104518
104626
104826
105126
105293
105549
105649
106150
106232
106319
106500
106717
107030
107303
107305
108321
108625
108875
109363
109498
109711
109767
109828
110592
110633
110899
111061
111203
111383
111432
111737
111738
111828
111890
111896
111939
111997
112013
112024
112041
112044
113036
113125
113376
113566
113725
114202
114258
114449
114666
114730
115339
116566
116969
117140
117902
118242
118478
118554
118560
119675
120248
120461
120620
120927
121128
121408
121590
121660
121730
121796
122130
122976
123035
123408
123618
123777
123801
123949
124326
124464
124681
124784
125045
125615
126551
126667
126864
126962
127376
127760
127790
127943
127960
128265
128593
128737
129345
129401
129525
130181
130191
130366
130909
131208
131263
131514
131823
131834
131963
132260
132351
133892
134631
134880
134917
135736
136996
137464
137677
137685
137910
138008
138134
138395
138794
139038
139113
140093
140183
140439
141642
141648
142055
143238
143668
144027
145422
145875
146263
146298
146540
146720
147398
147432
147563
147896
148094
148277
148366
148590
148601
148620
148671
149020
149373
149419
149806
149886
150176
150269
151510
151702
152633
152735
152801
152992
153534
153731
153970
154052
154066
154084
154248
154589
154897
155896
156096
156366
157047
157310
158006
159143
159567
159989
160513
160703
160974
161547
161674
161742
162606
162884
163266
163810
163878
163976
164174
165229
165785
166316
166603
167209
167298
168332
169402
169547
169564
170102
170158
170729
170884
171002
171090
171103
171222
171664
171711
171737
171799
171803
172147
172560
172576
172679
173528
173968
173977
174458
174525
174578
175203
175581
175777
175958
176469
176862
178217
178499
178786
179113
179608
179960
181085
181751
182238
182361
183178
183470
184045
184070
184389
184838
184841
184997
185566
186079
186319
186748
186860
186974
187589
187833
188302
188532
188938
189043
190868
191307
191426
191455
191561
191909
191995
192038
192277
192516
192562
192627
193469
193548
193677
193696
193871
193922
194842
195024
195197
195200
195246
195564
196232
196577
197625
197718
197957
198355
198697
199285
199656
199673
199937
199966
200107
200559
200862
200888
200898
201024
201152
201253
201396
201921
202023
202425
203487
204034
204181
204383
204431
204886
205003
207033
207233
207309
208648
208744
208815
209033
209786
209850
209988
210060
210355
210409
212183
213412
213730
214066
214272
214446
214863
214946
215341
215849
217351
217932
219957
220023
220144
220306
220364
220401
221739
222403
223435
223831
224003
224306
224478
224522
225166
226302
226358
226924
227267
227768
228416
228559
228856
229485
229711
230626
231094
231731
231930
232048
232805
234017
235223
235462
235542
236434
236758
237181
237476
237771
238481
238828
238881
239412
239422
239503
239835
240151
240550
240562
240583
240683
241017
241230
241388
241420
241647
241728
242000
242171
242190
242868
244198
244544
244827
245076
245754
247304
247583
247624
247730
247732
248530
248633
249024
249715
249823
250116
250176
250397
250929
251002
251365
251654
252210
253934
254030
254538
254801
256229
256669
256751
257154
257663
257910
258635
260019
260244
260362
261035
261360
262044
262270
262442
262604
263293
264205
264687
264688
265084
265647
265739
265935
266020
266087
266150
266691
266879
267391
267956
268342
269404
269603
269732
269882
270369
270927
271035
271263
272097
272307
272542
272583
274047
274400
274467
274742
274894
275425
275684
275763
275774
275782
275978
276275
276334
277677
277799
278491
278593
278763
279069
279693
280194
280686
281256
281584
281705
281988
282104
282208
282311
283278
284023
284050
284389
285995
286321
286841
287308
287608
287854
288213
288466
288489
288782
289106
289220
289241
289643
289889
289990
290667
291218
291564
291752
291990
292347
292710
292888
292921
293473
293480
293652
293851
293947
293955
293965
293992
294568
294576
294969
295041
296181
296486
296676
297364
297408
297431
297929
298174
298450
298548
298619
298742
298776
299004
299418
299907
300625
300649
301402
302471
302492
303309
303397
303403
304012
304391
304549
304672
304823
305001
305510
305651
305678
306030
306257
306809
307039
307210
307437
307536
307874
307966
308169
308467
309153
309563
309703
309792
309947
310155
310411
310427
312355
312877
313084
313472
313509
313887
314356
314644
314647
314666
315386
315575
315925
316593
316762
317704
318322
318339
318895
319122
319317
320107
321135
321672
322061
322520
323051
323479
323804
324104
325265
325354
325633
325831
326169
326485
327025
327122
327138
327351
327452
327457
327554
327610
328019
328037
328876
329675
331167
331214
331420
331511
332068
332635
333036
333674
333787
333899
334045
334743
335083
335334
335486
335544
335737
336107
336730
336921
337089
337309
338200
338507
338947
339428
339524
339606
339880
339905
340253
340311
340742
340938
341101
341341
341501
341716
342524
342654
343202
343754
343952
344106
344181
344891
345108
345301
346406
346950
347169
347476
347516
347715
348100
348380
348387
348741
348997
349622
350647
350965
351040
351455
351674
351763
351897
352108
352255
352539
352928
353088
353175
353337
353681
353715
353820
354101
354393
354419
354659
355203
355247
355387
355812
355838
355990
356498
357355
358021
358199
358347
359007
360116
360303
360867
361281
361735
362251
362768
362894
363046
363089
363138
363733
364367
364804
364809
365690
365989
366567
366974
368080
368456
368495
369205
369285
369769
370216
371498
371519
371690
372035
372049
372351
372468
372690
373006
373078
373743
373747
374383
374604
375053
375104
375108
375121
376847
377365
377372
377790
378183
378650
379043
379133
379896
380150
380202
380551
380689
380828
381310
381313
381774
382334
383043
383245
383984
384122
384135
384261
385858
385979
387181
387373
388222
389285
389767
390693
390756
390808
391139
392250
392706
392833
392932
393462
393981
394026
394085
394121
394553
394811
395817
395989
396038
396089
396609
396674
397058
397246
397508
397953
399077
399136
399356
399682
400208
400470
400722
400788
400840
401036
401576
402047
403184
403445
403492
403759
404325
404331
404535
404654
406484
406626
406750
407030
407134
407946
408547
408811
409846
410726
411215
411601
411677
411769
412057
412387
413192
413547
414069
414076
414104
415088
415270
415605
416080
416331
416684
417022
418126
418229
418328
419307
419322
420063
420842
420888
421137
421408
421852
422118
422151
422261
422871
422933
423546
423653
423778
424865
425601
425951
425954
426458
426511
427086
427096
427250
427768
427961
428202
428651
428760
429523
429748
429767
429959
430135
430159
430778
431084
431350
432305
432898
432995
433003
433277
434197
434214
434342
434481
435519
435688
436146
436333
437004
437007
439041
439081
439119
439171
439245
439310
440532
440620
440622
441047
441156
441318
441643
442103
443162
443407
443524
444143
444410
444714
444787
445147
445370
445430
445522
445614
446169
446308
447143
448117
448228
448585
448590
449166
449488
449596
449703
449925
450147
450519
450524
450623
451156
451363
451364
451669
451756
451897
451909
452320
452774
453193
453834
454161
454219
454299
455312
455319
455425
456001
456059
456219
457077
458348
458549
458921
459070
459345
459432
460228
460754
460884
462037
462438
462697
462727
462891
463253
463510
463550
464167
464331
464482
464605
464842
465110
465370
466095
466214
466471
466493
466946
467949
468396
468467
468551
468661
468745
468837
468967
469724
469830
470042
470106
470180
470564
470636
470645
470752
470762
470805
470958
471390
471524
471775
472440
472871
472894
472947
473195
473227
473266
473626
473727
473870
474027
474643
475454
475865
476509
476702
476721
476957
477434
477692
477785
477918
478556
478931
479474
479629
480307
480366
480524
480705
480899
481873
482242
482313
482352
482410
482421
482512
482649
483688
483791
483936
484013
484448
484590
484948
485038
485101
485527
485938
486197
486524
486690
487123
487260
487307
487513
487885
488798
488933
489057
490024
490096
490190
490737
490823
491051
491721
491878
492173
492413
492488
493366
494923
495163
495304
495544
496323
496685
497772
499100
499532
500694
500716
500809
500915
501066
501606
501662
502067
502397
502923
502974
503075
503126
503202
503394
503953
504001
504102
504300
504538
504625
504682
505144
505434
505468
506019
506129
506206
506256
506392
506588
507179
507197
507757
507835
508075
508877
509007
509138
509520
509809
510062
510144
510277
510627
510669
510699
510875
511024
511792
512355
512395
513268
513907
514349
514478
514668
514697
515009
515119
515944
516184
516231
516505
516709
516890
517323
517844
517916
518075
518800
518902
519469
520041
520071
520776
521133
521161
521191
521418
521461
521549
521837
521883
521885
523092
523147
523195
523545
523818
523916
524084
524978
525646
525884
526399
526976
527199
527677
528008
528422
528917
530118
531280
531554
532369
532504
533061
534767
535047
535916
536074
536398
536861
538091
538133
538559
538951
539260
539653
539813
540247
540476
540798
541417
541698
542068
542971
543214
543243
543514
543699
544005
544077
544498
544826
545059
545590
545752
545944
546453
546634
547021
547712
548690
549038
549049
549209
549845
550293
550418
550622
550646
550893
551013
551446
551495
551617
551892
552027
552374
552521
552709
552891
553662
553886
554521
554880
555224
556831
556899
557053
557428
557636
557727
558132
558190
558641
558685
558778
558877
558934
559542
559947
560139
560282
560291
561007
561252
561282
562473
562494
562758
563375
563386
563531
563837
563868
564852
565124
565258
565366
566212
566773
567220
567455
567637
567649
568132
568765
568796
569623
569912
570215
570299
570365
571913
572619
572850
573223
573231
573259
573780
574409
574634
574649
574821
574979
575118
575196
575289
575459
575645
576233
576237
576301
576981
577267
577525
578038
578051
579122
579239
579353
579539
580045
580256
582270
582404
582842
583156
583460
584027
585291
585369
585666
586233
586476
586977
587093
587703
587709
587781
590237
590352
590487
591423
591620
591743
594027
594063
594701
595152
595562
595924
596052
596217
596222
596268
596875
597464
597747
597927
598054
598520
599279
599789
599824
600064
600143
600388
600407
600607
600624
600773
601246
601323
601900
602091
602122
602247
602293
602466
602481
603156
603395
603787
604098
604532
604625
604639
605207
605261
606283
606446
606450
606490
606922
607089
607784
608653
609478
610054
610441
610511
612518
612824
613237
615217
615570
616689
618180
618322
618458
619195
619253
619437
619453
619745
620005
620014
620290
620532
620995
621246
622013
622027
622174
622876
623860
624033
624070
624179
624470
624519
624579
625091
626162
626395
628778
630361
630496
632840
640764
647602
651436
653580
654813
656857
657021
657257
657916
659809
661780
663289
664671
667324
668054
668724
670760
671210
671249
671315
672840
673938
675569
678854
681522
682601
684546
684798
685231
687143
693202
696101
696493
696497
702648
703508
704237
705206
705461
707701
712681
714548
714708
714970
715296
715453
716607
718506
719452
719731
719763
721265
722141
722159
724120
727985
729038
729514
732267
732440
733250
734723
735115
735292
735462
735711
738500
738639
738892
739109
739860
740142
740276
741799
742338
742530
742796
743028
743885
744152
744741
745257
745446
745567
746930
749217
749773
750189
750277
751640
752510
752568
752734
752843
752912
753723
754685
754772
755432
755842
756073
756856
756895
757332
757440
757740
758478
759265
759476
761035
761107
762412
762454
763690
764843
768034
771232
772438
774498
775671
777287
777319
778017
778698
778982
779524
779802
781591
783085
787826
788247
789685
794248
794281
794611
795799
797667
798464
798831
798943
799959
802670
803600
803745
804391
805164
805972
806539
807828
808622
810001
810074
811153
811620
811983
812927
813613
814206
814744
816386
816699
818643
819522
819684
820725
821073
823992
826897
827281
828469
832718
833102
833231
836821
837155
837208
838190
838612
838634
839184
840115
842240
842941
843188
844055
844279
849095
849812
855754
863878
863993
864160
864534
864554
865207
865290
866133
866495
866670
867332
867342
867719
867927
867960
868477
868496
869019
870078
871314
871676
872398
874719
875200
875487
876006
876067
876118
876659
876768
877676
878034
879726
879865
880102
880484
880608
880795
881389
881500
881686
881754
882841
883193
883606
884018
884467
884582
884749
886368
886926
888291
888894
889531
890141
890351
891055
891279
892846
892868
892873
892889
892959
893132
893200
893886
894130
894972
895588
895595
895668
896272
896604
897112
897141
897154
898488
899080
899949
900576
900716
901326
901776
901879
902458
902624
903406
903640
903654
903824
904261
904633
904661
904772
904967
904975
905481
905482
905659
905873
906775
907937
908076
908340
908701
908778
908982
909180
909191
911393
911614
911963
911967
912128
912261
912494
913577
913872
914592
914668
915181
915967
916607
917858
917932
918855
919238
919394
919651
920654
920725
923982
924493
925200
926125
926471
926951
926991
927319
927343
929027
929267
929505
930235
930308
930331
931963
932372
933693
934209
934545
936127
936466
936731
937357
937394
939408
941075
942083
942474
942717
942830
945563
946836
948337
948732
949136
949372
949466
950184
950274
950715
950786
951130
951497
952141
952954
953307
953668
953695
954307
954512
955102
955120
955145
955263
956307
956341
956935
957469
957831
958064
958611
958765
959131
959598
959894
962003
962160
962607
963615
964485
964762
964774
964899
964983
965330
966062
966509
968493
970438
970473
971210
971440
971686
971894
971939
972514
972595
972634
973800
973810
974743
975059
975096
975522
975853
976061
976256
976825
977702
978160
979705
979802
981357
981373
982344
983577
983608
983744
984430
984672
984812
985374
985569
985590
986779
987100
987648
988692
988803
989025
989353
989394
989561
990121
990145
990538
991528
992130
993844
995066
995229
995513
996278
997163
998545
999571
