100209
100219
100328
100378
100497
100784
100859
100977
101105
101185
101188
101682
101749
101913
102002
102168
102475
102601
102667
103019
103182
103286
103366
103535
103904
104003
104047
104282
104293
104518
104626
104681
104826
105351
105498
105600
105672
105919
106075
106150
106214
107233
107305
107329
107400
107884
107936
108163
108209
108228
108321
108520
108526
108938
109051
109220
109363
109498
109538
109551
109711
109767
109910
109993
110073
110250
110518
110592
110691
111038
111074
111211
111302
111432
111619
111738
111828
111853
111990
111996
112161
112511
112979
113036
113324
113487
113725
114176
114186
114216
114474
114807
114932
114989
115407
115526
115559
115880
116517
116566
116610
116969
117070
117321
117610
117704
117902
118211
118229
118478
118554
118606
118675
118931
119307
119314
119510
119521
119902
120248
120389
120745
120953
120966
120992
121076
121107
121128
121147
121294
121437
121516
121660
121672
121730
122130
122221
122584
122900
123358
123366
123517
123618
123725
123777
123948
123949
124048
124073
124200
124233
124326
124348
124397
124464
124732
124829
125097
125500
125579
125615
126046
126426
126482
126617
126674
126734
126875
126962
127034
127136
127376
127760
127965
128265
128703
129001
129042
129105
129129
129205
129345
129525
129575
129919
130019
130184
130532
130743
130799
130820
131005
131014
131208
131348
131368
131514
131554
131652
131823
131983
132014
132519
132722
133045
133071
133707
133789
133892
133917
134116
134473
134631
134748
135612
136291
136832
137356
137677
137685
137982
138058
138169
138296
138520
138754
138794
138923
138928
139038
139113
139130
139564
140121
140183
140234
140239
140392
140439
141100
141207
141332
141636
141642
141964
142062
142418
142659
142694
143054
143182
143204
143234
143309
143382
143401
143488
143826
144009
144206
144418
144465
144681
144822
144834
145000
145422
145478
145566
145747
145823
146032
146078
146540
146720
147052
147266
147287
147391
147410
147894
148089
148277
148775
149020
149021
149180
149242
149302
149337
149419
149428
149886
150256
150269
150382
150575
151702
151893
152081
152266
152370
152462
152484
152692
152735
152797
152801
152897
153009
153041
153213
153490
153673
153780
153850
153949
153970
154132
154300
154349
154386
154544
154792
154871
154897
154982
155063
155211
156054
156491
156644
156705
156708
156998
156999
157425
157508
157729
157837
158388
158431
158554
158565
158639
158672
158811
158939
159035
159082
159365
159372
159555
159880
160010
160121
160513
160677
160786
161105
161156
161394
161674
161721
161912
161915
162076
162167
162193
162262
162567
162754
162796
163615
163689
163776
163936
163976
164382
165005
165023
165125
165402
165684
165749
165759
165765
165785
166279
166799
167055
167298
167840
167992
168024
168079
168122
168560
168953
168983
169402
169558
169561
169564
170035
170158
170293
170729
170791
171017
171090
171222
171287
171664
171799
172147
172277
172417
172468
172552
172570
172679
173048
173071
173181
173210
173319
173338
173561
174525
174547
174578
174617
174942
175433
175456
175777
175844
175944
176040
176146
176264
176750
176911
177011
177045
177115
177118
177126
177168
177373
177419
177469
177528
177543
178049
178271
178285
178829
179013
179922
180008
180230
180366
180625
180652
180728
180808
180826
180952
180990
181027
181312
181548
181624
181887
181935
181964
182006
182140
182359
182375
182461
182535
182855
183178
183398
183470
183631
183666
183912
184036
184045
184070
184242
184257
184343
184389
184558
184660
184791
185126
185135
185479
185724
185871
186738
186815
186884
186974
187189
187533
187715
187833
187947
188309
188938
188982
189000
189419
189719
189769
189807
190005
190040
190062
190261
190266
190844
190942
191293
191307
191537
191561
191681
191702
192277
192763
193191
193227
193275
193469
193696
193796
193986
194125
194276
194469
194762
194842
195024
195071
195197
195260
195430
195642
195791
195808
195864
196232
196296
196867
196934
197064
197188
197394
197752
197802
197892
197965
198270
198339
198513
198623
198697
198923
199021
199123
199323
199554
199576
199647
199673
199769
200047
200173
200370
200375
200525
200564
200658
200726
200793
200796
200887
200898
200980
200999
201092
201410
201610
201744
202040
202045
202075
202122
202428
202473
202507
202610
202691
202698
202754
203478
203487
203707
203740
203898
204046
204181
204301
204383
204431
204765
204913
205335
205683
205702
205731
206012
206402
206779
207233
207287
207645
207749
208423
208744
208868
208999
209055
209218
209514
209659
209796
210009
210261
210392
210910
211550
211606
212013
212020
212164
212231
212322
212581
212664
212776
212994
213211
213233
213412
213461
213501
213730
214235
214272
214559
214656
214911
214946
215089
215126
215168
215341
215378
215560
215614
215791
215835
215849
216351
216510
216530
216977
217076
217160
217618
217739
217779
217797
217917
218186
218258
218260
218865
219222
219324
220023
220206
220306
220763
220933
221670
221739
221900
222000
222001
222403
222645
223033
223072
223363
223641
223767
224098
224365
224509
224522
224529
224585
224614
224651
225012
225103
225255
225358
225557
225562
225811
226007
226358
226924
227132
227159
227188
227234
227267
227696
228020
228264
228319
228538
228704
228722
228856
228929
229711
229857
230124
230749
231687
231731
231807
231878
232029
232459
232781
232785
233072
233415
233668
234017
234537
234803
234859
235106
235226
235337
235542
235708
235762
235938
236007
236009
236037
236154
236597
236758
237181
237287
237432
237476
237484
238581
238678
238881
239106
239129
239186
239281
239412
239422
239479
239503
239730
239773
239799
239835
240151
240326
240550
240554
240562
240569
240630
240661
240683
241319
241533
241682
241974
242000
242027
242062
242148
242733
242802
242868
242913
242920
243037
243039
243189
243592
243783
243973
244024
244101
244198
244320
244544
245076
245247
245356
245850
246558
247172
247546
247624
247730
247754
247792
248260
248884
249024
249262
249406
249682
250025
250063
250116
250153
250929
251114
251287
251428
251477
251719
252018
252184
252366
252547
252704
252855
252971
253050
253296
253363
253886
253934
253945
253973
254338
254477
254538
254568
254812
254849
254986
255249
255262
255494
255586
255615
255620
255686
256611
256735
256742
256884
256962
256991
257026
257048
257154
257216
257493
257619
257832
258168
258221
258341
258366
258851
258896
259079
259381
259856
259881
259945
260017
260019
260237
260244
260523
261040
261185
261223
261246
261304
261458
261658
262236
263042
263196
263293
263678
263706
263913
264004
264020
264031
264417
264526
264679
264917
265391
265428
265630
265647
265739
265789
265976
266087
266150
266157
266161
266177
266458
266667
266873
267121
267198
267234
267343
267366
267391
267739
267779
267872
267956
268141
268308
268441
268673
268854
268916
268923
269078
269187
269404
269529
269708
269732
269957
270114
270220
270237
270247
270369
270517
270562
270690
270843
270918
270998
271035
271478
271640
271779
271964
272307
272441
272583
272873
272943
273002
273658
273694
273864
274001
274132
274199
274254
274400
274467
274554
274657
274836
274894
274953
275288
275398
275588
275602
275763
276030
276151
276298
276369
276667
276785
276832
276905
277301
277744
277985
278677
278763
278908
279036
279525
279756
280139
280194
280838
280880
281206
281555
281605
281686
281800
281988
282188
282311
282315
282396
283194
283533
283625
283700
284138
284497
284530
285059
285090
285248
285517
285626
285865
285995
286161
286429
286963
287131
287136
287608
287610
287680
287928
288051
288119
288287
288466
288642
289026
289104
289259
289607
289668
289938
289990
290045
290616
290794
290889
291218
291317
291453
291806
292179
293020
293120
293480
293965
294323
294568
294576
294592
294646
294965
294969
295033
295124
295265
295363
295538
295730
295735
295879
295906
296170
296181
296486
296905
297113
297298
297431
297694
297988
298203
298245
298424
298548
298971
299623
299627
299634
299637
300218
300297
300625
301250
301402
302471
303422
303450
303513
303545
303546
303696
303718
304012
304384
304672
304780
305343
305419
305487
305678
306027
306042
306257
306731
306888
307031
307039
307101
307299
307407
307437
307631
307813
307874
307966
308169
308393
308599
308652
308683
308745
308966
309153
309435
309520
309563
309710
309886
309907
310133
310155
310223
310313
310387
310406
310411
311042
311176
311857
312256
312801
312834
312931
312952
313016
313674
313887
315018
315068
315187
315247
315397
315416
315695
316681
316959
317075
317089
317558
317586
318322
318678
318886
318902
318937
319006
319299
320182
320327
320533
322061
322466
322537
322670
323045
323051
323618
323804
323920
324242
325066
325302
325354
325859
326070
326404
326590
326664
326842
327034
327179
327215
327658
328086
328105
328114
328952
329014
329675
329769
329950
330299
331214
331686
332099
332635
333036
333181
333577
333674
333857
333899
333982
334185
335156
335282
335334
335544
335643
335685
337309
337424
337752
338053
338200
338604
338762
338991
339524
339905
340149
340253
340446
341101
341102
341113
341194
341341
342130
342422
343015
343095
343202
343259
343306
343312
343449
343754
344415
344630
344884
345108
345500
345616
345762
345908
346106
346333
346696
346950
346952
347548
347715
348255
348373
348380
348387
348462
348586
348948
348997
349049
349220
349295
349380
349408
349466
350093
350578
350706
350867
350923
351013
351230
351253
351525
351648
352141
352475
352539
352928
353175
353385
354659
355573
355661
355812
355848
355892
356448
357034
357762
359053
359512
360222
360347
360666
361075
361239
361292
361488
361677
362412
362768
362898
362989
363005
363692
364047
364367
364804
364850
364895
365455
365816
365949
365989
366548
366711
366721
367693
368080
368424
369127
369285
369769
370111
370216
370809
371398
371435
371575
371866
372245
372440
372572
372638
372737
372766
372779
372937
373042
373201
373506
373750
374229
374383
374593
375108
375155
375519
375535
376046
376124
376431
376468
377414
378698
378736
379173
379262
379349
379359
379576
379917
380054
380131
380150
380236
380853
381310
381447
381774
382341
382492
382790
382891
383035
383043
383443
383464
383481
383508
383647
383805
384261
384542
384893
385319
385713
385858
385901
386192
386201
386245
386308
386318
387100
387480
387532
387660
387680
388202
388861
389385
389407
390199
390726
390857
391197
391203
391350
391427
392030
392833
392932
393210
393439
393967
394741
394795
394813
394905
395532
395636
395817
395963
396089
396392
396669
396674
396780
396962
397318
397409
397621
397840
397953
398631
398652
398681
398745
399468
400208
400212
400722
400749
401121
401439
401551
401971
403184
403196
403492
403552
403762
404019
404047
404441
404757
405288
405852
405901
405919
405970
406037
406056
406430
406437
406495
406575
406912
406959
407083
407118
407241
407242
407872
407912
407955
408197
409352
409421
410063
410571
410625
411159
411677
411679
412122
412127
412977
413043
414036
414069
414081
414417
415279
415780
416080
416219
416627
416657
417557
418371
418451
419307
419368
419430
419944
420016
420547
420626
420748
420839
420855
421122
421796
422261
422871
422901
423095
423300
423347
423402
423653
423706
423778
424178
425197
425352
425455
426000
426159
427086
427572
427961
428189
428202
428273
428816
428892
429537
429617
430000
430159
430886
431316
431870
431913
432898
433073
433205
433538
433579
434234
435114
435374
435521
435869
436726
436804
437007
437011
437974
438114
439310
439623
439953
440514
440725
441643
441869
443006
443009
443011
443377
443524
443971
444127
444714
444787
444802
445001
445430
445614
447011
447047
447504
448397
448989
449026
449596
449694
450205
450399
451204
451487
452425
452907
453256
453331
453458
454219
454323
454642
454720
454907
455008
455141
455312
455688
456426
456470
456595
456685
457125
457187
457314
457820
457930
458240
458339
458746
459052
459070
459432
459723
460310
460711
460884
461002
461107
461427
461571
461997
462697
462699
463866
463872
463959
464331
464605
464880
464928
465260
465285
465308
465370
465412
465889
465940
466493
466573
466627
466822
466946
467113
468426
468467
469049
469298
469387
469619
469724
469770
469829
470065
470403
470636
470752
471256
471357
471775
472203
472209
472947
473604
473774
474027
474269
474879
475454
475838
476261
476566
476599
476821
476901
477001
477056
477133
477677
477785
478296
478398
478437
478456
478530
478658
478915
479029
479114
479246
479307
479396
479735
479829
480369
480373
480726
480746
481094
481872
482512
483545
484135
484576
484647
484910
484923
485168
485548
485611
485921
486197
486210
486237
487123
487885
488781
488821
488823
489055
489149
489263
490114
491702
491806
493369
493464
493696
494174
494809
494920
495099
495684
496253
496543
496617
496730
497674
497772
498151
498303
498326
499147
499566
500504
500586
500989
501092
501260
501514
502111
503073
503075
503775
504200
504327
505184
505468
505602
505693
506206
506895
507197
507335
507761
508075
508797
509007
509386
509392
509577
509719
510144
510303
510599
510745
511024
511129
511557
512483
512707
513085
513129
513268
514406
514478
515329
515371
515778
516501
516578
516709
517323
517443
518117
518710
518759
518871
519059
519472
519499
519887
520014
520097
520418
520939
521161
521191
521806
521883
521885
523517
523723
523916
524408
525118
525249
525646
525762
525764
526088
526400
526693
527231
527838
527983
528192
528558
528757
529060
529241
529405
529674
529805
530240
530254
530970
530981
531775
531875
532008
532233
532348
532633
533525
534153
534226
534579
534619
535047
535323
535454
535602
535916
535929
536074
536334
536339
536398
536549
536615
536669
536911
537236
537370
537708
537742
538133
538955
539260
539909
540476
540625
540942
540956
541273
541286
541417
541453
541470
542073
542277
542461
542971
543042
543243
543430
543672
543699
543895
544950
546453
547151
547287
547335
548128
548624
549005
549392
549585
549705
549925
550583
550646
550799
550859
551013
551221
551594
552027
552162
552715
552896
552972
553162
553455
553754
553790
554567
555432
556050
556703
557153
557665
557871
557999
558182
558328
558685
558940
559000
559445
559731
560011
560373
561354
561615
561726
561850
561973
562603
563799
563868
565260
565973
566430
566774
566952
567034
567466
567637
567787
567901
568132
568642
568859
569528
569977
570365
570702
571184
571913
571960
572037
572511
572850
574109
574503
574821
575459
575523
576233
576240
576362
578038
578051
578301
579124
580773
580829
582375
582554
582592
582909
583485
583606
583772
583989
584045
584167
584255
584377
584447
585071
585456
585946
586508
586654
586986
586993
588382
588437
588699
589044
589209
589659
589776
589811
590052
590239
591465
592024
592214
594237
594666
595227
595248
595774
595863
596052
596199
596760
597497
597983
598334
598886
599789
599808
600607
601192
601900
602583
603134
603362
603738
604098
604581
604653
604772
605303
605319
605523
605763
606283
606450
606632
606834
606898
608366
609257
609542
610196
610212
610472
611456
611483
612127
612733
613132
613209
615532
616783
616924
618004
618337
618347
619815
621108
621246
621378
621769
621843
622174
623497
623950
624145
624179
624990
625462
626305
627973
628778
630496
632049
632691
634043
634282
635753
637339
638238
640747
640895
641680
642079
642259
645107
645896
646088
648040
649259
649774
650614
651436
656209
657021
658355
658655
660059
661747
662123
663506
667317
668032
668217
668785
671210
674222
675849
678661
679237
680791
681522
682321
682824
684546
684794
686964
695135
696047
696497
697213
698767
699436
701121
702321
703590
709185
711032
711308
714700
715341
717312
717413
717621
720072
720705
721216
721265
721386
721681
723977
724230
724912
725052
727526
728309
729027
729038
731608
732110
733146
733909
736206
737370
740276
740464
740470
742918
744146
744887
746247
747609
747927
748107
749038
751146
752568
752912
753730
754690
756153
757578
758887
759286
759495
760228
762454
762773
765564
768034
769204
769933
770369
770844
771008
771728
773466
773826
774307
774498
776544
776745
777581
777614
781302
782387
782402
784887
785728
787467
787610
787614
787953
788124
789767
791201
792749
793509
795412
796107
796552
796862
797767
798831
798943
800468
801580
801793
802143
803745
803781
804092
804222
804991
805164
805362
806452
806659
807708
810001
810467
810542
811117
811354
812623
813374
813375
814206
814748
815181
817038
818643
818850
819522
821001
822437
825168
825189
825224
826258
826768
826835
827711
828319
828654
831633
836172
836225
836943
838225
838376
838497
838612
839662
841816
842240
842429
842941
843401
844047
847660
848540
849883
852509
859219
859456
864033
864160
864225
864748
864810
864992
865290
865525
866133
866385
867283
867437
867805
868321
868375
869035
869921
871331
871426
872217
872418
872431
874064
874591
875200
875347
875358
875487
876118
876389
876768
876780
877095
877496
878246
879765
880384
880506
880795
881166
881238
881500
881754
881847
882122
883094
883193
883507
884221
885232
885509
885740
886368
887080
887120
887891
888696
889255
890351
891331
891470
892510
892554
893091
894316
896272
896485
897079
897213
897807
898484
899725
899766
900071
900682
900950
901144
901428
902458
902685
904342
906644
906775
908504
908778
908872
908982
909107
909279
911592
912460
912494
913056
913577
913899
914379
914864
915181
915453
915967
916838
917858
918260
918992
920439
923982
924179
924447
926491
926494
927894
929505
929968
930665
934545
936004
938271
939185
941075
941389
942445
943036
946889
947227
947644
948719
949388
950715
953088
954011
955102
955120
955598
956341
956708
957231
957568
963500
963615
964075
964521
970438
972091
973800
975853
980065
983577
