100190
100194
100209
100615
100817
100977
101105
101165
101185
101188
101656
101749
101912
102120
102136
102168
102532
102732
102779
102959
103003
103286
103371
103814
103904
104231
104282
104293
104493
104513
104518
104626
104713
104826
104898
104917
104974
105126
105246
105293
105843
105943
106150
106174
106234
106591
106717
106755
107174
107216
107303
107305
107463
107591
107936
108161
108163
108228
108321
108455
108765
108875
108938
109363
109498
109527
109538
109572
109615
109711
109767
109910
109954
110068
110073
110235
110250
110592
110633
111038
111061
111203
111209
111211
111432
111552
111665
111738
111828
111880
111890
111997
112013
112161
112511
112979
113014
113036
113123
113125
113425
113487
113600
113725
113797
113895
114170
114216
114258
114449
114539
114680
114801
114807
114932
114989
114995
115211
115283
115809
115880
116257
116566
116969
117140
117249
117259
117321
117610
117776
117902
118067
118164
118229
118364
118478
118554
118560
118606
118817
119278
119307
119521
119675
120148
120171
120228
120248
120259
120286
120620
120681
120768
120786
120935
120966
121107
121128
121147
121192
121222
121408
121437
121440
121590
121660
121672
121730
121780
122130
122168
122221
122384
122471
123000
123106
123158
123408
123440
123517
123618
123777
123948
123949
123953
124326
124464
124950
124990
125005
125417
125507
125579
125615
125671
125918
126551
126667
126875
126962
126975
127136
127303
127376
127760
127790
127943
128032
128083
128197
128265
128896
129105
129107
129342
129345
129390
129401
129525
129575
129748
130019
130030
130300
130532
130640
130760
130764
130799
130909
131005
131014
131208
131368
131445
131494
131514
131554
131823
131961
132014
132046
132054
132519
132571
132722
133070
133113
133371
133707
133755
133789
133892
133989
134116
134281
134631
134917
134977
135624
135911
137226
137356
137581
137677
137685
137810
138134
138169
138170
138296
138325
138520
138682
138794
139038
139113
140093
140183
140439
140919
141357
141636
141642
141815
141887
142055
142372
142418
142647
142659
142694
142770
142984
143182
143204
143826
144206
144418
144465
144681
144834
144961
145000
145422
145566
146078
146263
146540
146600
146720
147052
147066
147079
147287
147391
147410
147432
147886
148277
148374
148440
148601
148620
148671
148775
149020
149036
149217
149242
149337
149419
149797
149863
149886
150269
150865
150940
151252
151260
151271
151694
151702
151893
152266
152339
152370
152462
152484
152633
152647
152735
152801
152824
152897
153009
153358
153534
153850
153949
153970
154066
154300
154474
154544
154589
154741
154897
155031
155211
155265
155725
156048
156054
156268
156365
156491
156708
157310
157317
157663
157796
158032
158085
158388
158466
158554
158565
158802
158811
158939
159032
159082
159554
159567
159989
160010
160249
160513
160703
160705
160728
160952
160977
161105
161547
161674
161912
161915
162148
162167
162402
162567
162606
162689
162851
162884
163264
163266
163332
163875
163890
163920
163934
163976
164198
164382
164549
165022
165023
165061
165229
165324
165402
165785
166218
166407
166469
166799
167209
167298
167823
168560
168563
168799
168953
168956
168983
169206
169328
169402
169482
169558
169564
170158
170214
170729
170837
171002
171090
171103
171222
171396
171614
171664
171737
171799
171803
172147
172560
172679
172953
172983
172998
173045
173120
173181
173319
173791
174133
174135
174425
174525
174568
174578
174839
175427
175433
175456
175596
175777
175853
176216
176264
176750
176761
176911
177373
177419
177806
177933
178271
178499
178911
178993
179706
179868
179960
180085
180086
180230
180374
180592
180625
180652
180952
180990
181027
181548
181700
181751
181867
181935
182006
182026
182297
182361
182535
182625
182855
182928
183178
183398
183470
183500
183672
183912
184045
184070
184389
184558
184791
185265
185566
185625
185724
185798
186068
186625
186974
187011
187023
187189
187233
187833
187947
188302
188309
188537
188558
188564
188725
188804
188835
188938
188970
188997
189283
189419
189538
189637
189719
189807
189855
190168
190403
190490
190512
190795
190844
191293
191307
191426
191455
191472
191561
191714
191995
192104
192277
192627
192647
193102
193191
193223
193227
193275
193469
193548
193575
193580
193696
193796
193922
194125
194430
194469
194561
194666
194691
194842
195024
195078
195197
195211
195384
195749
195791
195808
195864
196163
196232
196293
196577
197210
197394
197591
197625
197678
197750
197752
197802
198339
198410
198623
198697
198805
199576
199656
199673
199769
199847
199937
200047
200082
200107
200173
200366
200370
200423
200559
200862
200898
200907
201130
201152
201396
201410
201575
202019
202045
202154
202227
202282
202307
202350
202428
202475
202535
202754
202996
203487
203898
204034
204037
204046
204181
204301
204383
204400
204408
204423
204431
204764
204765
204821
205162
205168
205258
205631
205683
205793
205800
206155
206316
206402
206416
206673
207033
207035
207233
207287
207309
207645
208404
208629
208744
208868
208883
209055
209514
209659
209677
209796
209920
210060
210409
210528
210628
211149
211458
211749
211854
211900
212139
212164
212349
212581
212771
213120
213205
213211
213325
213412
213511
213730
213858
213959
214039
214066
214177
214272
214399
214589
214863
214911
214946
215341
215374
215614
215782
215835
215849
216347
216732
217160
217181
217276
217476
217583
217726
217739
218143
218262
219450
219911
220023
220144
220306
220347
220554
220630
220808
220933
221739
221900
222000
222001
222244
222403
222634
222650
223033
223052
223072
223161
223641
223786
223831
224003
224069
224365
224478
224522
224646
224785
224995
225012
225166
225351
226007
226183
226358
226621
226924
227132
227267
227338
227509
227723
227960
228267
228319
228457
228704
228759
228856
229067
229146
229711
230626
231141
231331
231629
231687
231731
231829
232048
232183
232785
232805
233068
233072
233415
233592
233624
233668
233703
234017
234176
234220
234661
234800
234848
235232
235297
235467
235542
235762
235938
236115
236154
236313
236595
236758
236773
236843
237181
237476
237491
237742
238203
238415
238678
238881
239075
239186
239281
239412
239422
239503
239835
239844
240151
240321
240550
240562
240583
240683
240766
240804
240878
240889
241512
241647
241974
241986
242000
242022
242206
242232
242452
242524
242618
242802
242868
242913
243037
243592
243973
244024
244198
244544
244904
245059
245072
245076
245754
246323
246384
246424
247287
247514
247624
247730
247754
248633
249024
249382
249457
249553
249568
249668
249680
249865
250022
250116
250153
250163
250176
250204
250929
250985
251287
251477
251719
251957
251965
252017
252086
252089
252097
252210
252366
252909
253107
253171
253230
253296
253665
253730
253731
253934
253974
254030
254208
254485
254538
254661
254833
254986
255198
255262
255586
255615
255686
256060
256540
256648
256669
256735
256742
256962
257026
257154
257552
257584
257832
257910
257974
258020
258065
258366
258379
258382
258523
258581
258635
258742
258896
259381
259881
259945
260019
260244
260362
260523
260584
261063
261223
261240
261340
261360
261595
261752
262044
262231
262236
262284
262442
262444
262449
262604
262806
262963
263293
263318
263515
263713
263724
263748
263913
264004
264205
264417
264507
264526
264642
264679
264687
264917
264927
265072
265084
265108
265240
265428
265630
265647
265739
265935
266087
266150
266161
266265
267277
267391
267915
267956
268251
268441
268807
268918
268923
269015
269187
269223
269404
269455
269492
269732
269975
269991
270189
270220
270221
270341
270369
270517
270856
271035
271039
271233
271263
271346
271349
271415
271640
271779
272075
272097
272123
272220
272307
272393
272511
272583
272629
272840
273342
273864
274001
274047
274132
274199
274219
274316
274400
274440
274467
274579
274892
274894
274953
275025
275134
275353
275398
275425
275433
275588
275596
275763
275782
275835
275978
276365
276676
276720
277132
277675
277677
277744
277799
278166
278491
278699
278763
278990
279360
279941
280194
280433
280622
280802
280880
280966
281424
281486
281890
281988
282188
282311
282393
283194
283533
285059
285090
285144
285249
285607
285950
285995
286170
286844
287131
287250
287308
287374
287468
287565
287608
287800
287831
288119
288466
288530
288714
288782
288828
288913
289051
289104
289208
289643
289664
289847
289990
290045
290616
290699
290860
290889
290920
291218
291317
291363
291522
291553
291806
291944
292190
292710
292888
293120
293473
293480
293652
293771
293955
293965
294269
294323
294434
294568
294570
294576
294646
294838
294965
294969
295041
295906
296162
296170
296174
296181
296308
296427
296486
296501
296540
296905
297113
297431
297929
297988
298245
298548
298776
299417
299418
299637
300175
300238
300297
300625
300649
301250
301402
301512
301967
302471
302492
302695
303267
303389
303397
303422
303437
303450
303546
303696
303718
304012
304549
304672
304780
305006
305343
305370
305499
305507
305510
305678
305694
305835
306042
306257
306285
306731
306888
307031
307039
307437
307548
307631
307659
307874
307966
308169
308393
308612
308936
309021
309153
309563
309795
310155
310387
310411
310427
310581
311351
311524
311654
311783
312117
312256
312355
312415
312801
312834
313537
313674
313776
313887
314874
315247
315310
316297
317089
317207
317211
317292
317710
317812
317847
317905
318322
318678
318886
318895
319122
319133
319196
319299
319461
320327
320839
321135
322018
322061
322339
322537
322835
322977
322989
323051
323199
323804
323920
324062
324205
324242
324246
325280
325302
325354
325633
325856
325859
326124
326169
326404
326897
327034
327122
327246
327351
328019
328049
328086
328141
328202
328952
329014
329057
329675
329769
330083
330859
331214
331273
331551
332068
332432
332433
332635
332665
333036
333067
333181
333577
333665
333674
333899
335083
335097
335142
335156
335282
335334
335486
335510
335544
335643
336005
336088
336312
337309
337424
337531
337752
338200
338437
338507
338631
338762
338991
339445
339524
339905
340253
340446
340999
341077
341101
341164
341341
342499
342941
343202
343312
343449
343635
343754
343805
343952
344181
344415
344630
345108
345301
345500
345616
345758
345762
346106
346289
346333
346742
346950
346991
347545
347648
347715
348215
348281
348380
348387
348586
348948
348997
349015
349220
349380
349466
349714
349765
350093
350541
350842
350958
351087
351253
351612
351763
351858
351930
352432
352539
352611
352928
352960
353175
353385
354088
354659
355812
355892
356498
357034
357143
357275
357820
358199
358499
359053
359103
359175
359310
359746
359852
360222
360383
361047
361292
361398
361488
361735
362251
362260
362768
362898
363005
363270
363665
363884
363962
364137
364228
364367
364672
364676
364804
364809
364948
365101
365367
365609
365816
365989
366502
366558
366711
366721
366919
366982
366994
367086
368080
369205
369285
369302
369474
369769
370173
370216
370690
371575
371690
371716
371866
372035
372272
372638
372690
372779
372811
373616
373628
373747
373869
374383
374632
375003
375108
375519
375821
376431
376659
376847
377384
377414
377445
377790
378302
378362
378698
379022
379173
379262
379359
379576
379896
380131
380150
380236
380828
381310
381585
381774
382335
382341
382790
382891
383035
383043
383170
383172
383245
383464
383508
383585
384135
384261
384957
385144
385260
385283
385298
385319
385404
385713
385819
385858
385901
386318
387101
387478
387532
387643
387660
388222
388599
388739
388979
389385
389597
389628
389638
390199
390670
390726
390857
391197
392321
392706
392712
392833
392932
392994
393261
393374
393747
393967
394530
394813
395636
395817
396038
396089
396392
396445
396659
396674
397384
397443
397621
397953
398652
398681
398935
399136
399388
399468
399591
400208
400212
400395
400470
400662
400722
400735
400749
400840
400916
401036
401082
401190
401212
401971
402443
402831
402886
402951
403184
403492
403598
403765
403828
404019
404047
405901
406029
406250
406437
406989
407241
407872
407912
407955
407966
408197
409352
409957
410425
410824
410860
411215
411510
411601
411677
411679
411724
411901
412376
412666
413024
414069
414076
414104
415854
415969
416080
416595
416890
418074
418371
418373
419069
419307
419368
419470
419944
420269
420839
420841
421208
421796
422025
422247
422261
422871
423347
423486
423546
423653
423778
424361
424534
424671
424961
425149
425455
427086
427150
427283
427572
427961
428066
428202
428247
428270
428709
428760
428816
428892
429361
430159
430886
431192
431592
432898
433073
433205
434234
434342
434745
435733
435807
436127
436551
436687
436726
436895
437007
437259
438114
438454
439041
439141
439252
439310
439953
440546
440725
441643
441710
441738
442764
443006
443011
443377
443407
443524
444003
444161
444175
444316
444410
444490
444714
444787
444802
445430
445614
446208
446418
447455
448228
448397
449176
449186
449280
449358
449468
449488
449531
449596
450052
450519
451204
451487
451717
452907
453256
453458
454219
454366
454551
454907
455312
455625
455894
456001
456571
457107
457930
458382
458620
458692
459070
459432
459723
459847
460209
460243
460711
460815
460837
460884
461322
462037
462636
462697
462699
463108
463222
463350
463512
463959
464243
464331
464482
464605
465004
465114
465260
465308
465370
466471
466493
466946
467955
468050
468396
468467
468551
468661
469049
469387
469724
469830
470403
470636
470752
470762
471412
471524
471630
471775
472209
472440
472602
472947
473727
474027
474269
474357
475454
475848
476097
476228
476436
476566
476901
477434
477610
477677
477779
477785
478530
478931
479114
479256
479735
480046
480193
480369
480373
481094
481424
482021
482512
483100
483211
483502
483545
484448
485611
486075
486197
487123
487885
488754
489055
489274
490024
490090
490114
490381
490823
491051
491646
491878
492028
492058
493156
493340
493464
493696
493718
493876
494017
494920
495076
495304
495387
496253
496323
496456
497232
497722
497771
497772
498151
498326
498334
498400
499127
499147
499471
499734
500586
500915
501102
502067
502104
503075
503394
503538
503579
504200
504984
505144
505184
505468
505693
506206
506592
507197
507251
507335
507721
507761
508075
509001
509007
509386
509577
509778
509824
510144
510277
510303
510658
510745
511024
511129
511507
511557
512140
512400
513268
513749
514406
514478
514683
515329
515778
516389
516501
516578
516709
516884
517323
518130
518181
518210
518538
518759
518902
518957
519059
519080
519320
519327
519679
519887
519950
519997
520424
520508
520531
520693
521161
521191
521883
521885
522333
523013
523092
523517
523723
523916
524408
524542
525118
525202
525249
525646
525884
526873
526964
527231
527404
527590
527838
528422
528558
528700
528757
528917
529805
530118
530327
530433
530688
530970
530981
531164
531831
532233
532504
532518
532633
532862
533061
533525
533646
534063
534226
534619
534767
535047
535413
535563
535838
535916
535929
536074
536398
536669
536696
536911
536990
537370
537708
537723
537810
537881
538091
538133
538928
538951
538955
539260
539358
539695
540221
540247
540369
540476
540700
540956
541273
541286
541417
542068
542277
542461
542487
542971
543243
543400
543430
543699
544005
544090
544950
545138
545518
546453
547017
547386
547651
547990
548581
548624
548987
549238
549392
549580
549705
549845
550155
550227
550268
550418
550646
550799
550817
550953
551013
551221
551228
551553
552027
552046
552374
552498
552555
552703
552896
552903
553218
554567
554607
554880
555121
555644
555806
557456
557871
558132
558685
558940
559542
559549
559947
560282
560373
560845
560935
561354
561615
561850
562138
562456
562603
563195
563375
563799
563868
564220
564233
564967
565117
565124
565442
566430
567034
567637
567712
567787
568132
568331
568796
568859
569279
569623
569977
570365
570490
570702
571913
572511
572636
572850
573519
573848
574109
574821
574979
575459
575523
576233
576285
577849
577925
578038
578051
578445
578931
579124
579171
580045
580576
580987
582404
582720
583691
584167
586116
586840
588437
588699
589044
589209
589776
589811
591044
591171
591465
592214
593390
595227
595248
595707
595774
596052
596199
596217
596875
597314
598334
598886
599061
599245
599789
599808
600143
600607
601900
602583
603122
603301
604098
604413
604581
604653
604772
605319
605523
605700
606187
606283
606450
606632
606898
607939
608961
609542
609883
610054
610196
611456
613206
613209
613272
613804
613847
614909
615324
616924
618004
618337
618515
619157
619193
621246
621378
622174
622876
623151
623335
623497
624174
624179
624990
625091
625590
625648
626305
627641
628778
629677
630496
632691
634638
635534
635753
637661
638457
641614
646696
647256
647602
648052
649774
651436
657021
657257
658655
660497
661780
662972
665373
668785
670760
671210
671249
673602
674222
677551
681336
681522
684546
684798
685231
690858
690904
696497
697717
702648
705206
709185
711978
714708
715147
715221
715862
717621
719365
720385
720496
720767
721265
722141
722159
723322
723544
723560
724120
725052
725406
726371
727418
727526
729038
729514
733181
739714
740276
742918
744128
744146
746247
747609
750400
751146
752568
752912
755002
755245
758435
758887
759286
759495
761691
762454
762773
764487
767640
768034
769936
770844
771232
774498
777457
777581
777614
780709
781190
783407
783541
784887
787610
794082
794281
794978
795756
796107
796862
797618
797757
798831
798943
799344
799959
799964
801580
802670
802942
803745
803781
804072
804092
804391
804528
804991
805041
805164
805362
805972
806452
806539
807093
807828
808804
808909
810001
810074
810552
811153
811354
811620
811983
812820
812927
813375
813613
814142
814206
814744
814748
815181
816597
816699
817519
817959
818643
819522
820725
821001
822198
822265
822437
822596
823992
827144
828654
830316
832235
833153
835363
835707
836225
836564
836943
837799
838612
839456
840790
841816
842018
842240
842314
842941
843188
845666
847675
849095
852509
855528
863705
864160
864748
864992
865290
865525
866128
866133
866167
866385
867633
868375
868477
869921
870078
872014
872524
874064
874591
875193
875200
875487
875691
876118
876389
876768
877777
878163
878784
880795
880923
881500
881686
881754
883193
883748
884839
885538
886050
886368
886537
887080
887117
887120
887624
887891
888404
888696
889586
890351
892510
892554
893091
893277
896272
896485
897079
897914
898484
899049
899061
899725
900394
900910
901098
901421
901640
902458
902685
903077
903824
904652
905059
906775
907710
908504
908778
908982
909107
909799
910272
912494
913577
913899
914379
915090
915181
915340
915453
915967
916498
916702
917021
917858
917932
918260
919331
920439
920654
922543
923729
923888
923982
924161
925584
926494
929267
929505
930665
931919
932438
933693
934545
934626
935105
938214
938271
939185
939342
941075
941907
942717
945563
948716
948719
949127
950184
950715
951952
953767
955102
955120
955145
955432
956341
956465
956675
957092
957568
958444
958708
959541
960713
961422
962022
963615
964137
964257
964386
964558
964899
965246
965330
966509
969250
970438
970654
971282
971473
972091
973800
973987
975853
976256
976894
978160
978950
981373
982772
982862
983363
983577
984547
985144
990979
992130
993397
993442
997051
997163
997800
998703
999571
999728
1003264
1006244
1006506
1012953
1014033
1014944
1017191
1017859
1018051
1018638
1020268
1023529
1024367
1027134
1029030
1034014
