101170
101205
101299
101392
101532
102090
102484
102647
103218
103585
104345
104394
105649
106232
106518
106982
107030
108067
108101
108625
109302
109765
110487
110899
111288
111668
111939
112006
112019
112041
112044
112387
112455
113376
113566
114363
114495
114666
114730
115339
116441
117934
118242
118372
118750
120004
120404
120754
120927
121443
121607
123801
124507
124681
124738
124784
124946
125045
125911
126059
126231
126864
127104
127319
127960
128568
128593
128737
129289
129556
130181
130366
130464
130555
130769
131188
131235
131263
131834
131879
131963
132082
132260
132640
132683
132936
132966
133022
133383
133992
134483
134691
134880
135736
136110
136593
136996
137379
137464
137910
138008
138255
138305
138395
138555
139363
139963
139966
140062
140480
140555
140558
140578
141177
141181
141648
141778
141845
142373
143322
143668
143725
144250
144417
144626
144811
145215
145467
145614
145875
146107
146201
146298
146314
147398
147563
147772
147896
148040
148094
148590
149025
149296
149318
149373
150109
150176
150221
150273
150585
151575
152459
152715
152806
152992
153731
153963
154052
154084
154248
154289
155695
155855
155896
156096
156121
156366
156634
156680
157047
158006
158587
160181
160378
161010
161742
162055
162143
162284
163085
163124
163869
163984
164174
164738
164753
165169
165358
166530
166603
167097
168423
169208
169242
169547
169955
170010
170102
170131
170744
170884
171039
172049
172576
172938
173528
173968
174115
174604
175122
175203
175581
175868
175869
175958
176187
176262
176469
176862
177160
178222
178751
179113
179608
179724
179750
180207
180223
181085
182028
182238
182794
183051
183834
183978
184277
184838
184841
184892
184997
185610
186079
186319
186516
186860
187314
187589
187750
188032
188482
188522
188532
188597
189014
189043
189194
190280
190868
191715
191747
191909
192038
192058
192516
192562
192950
193056
193333
193677
193748
193871
195105
195200
195246
195564
195681
196292
197039
197571
197718
197957
198194
198279
198355
198503
198525
198818
199285
199966
200888
201024
201048
201253
201322
201921
202023
202124
202371
202591
203538
203541
204013
204068
204947
205003
205320
205654
206106
206111
207132
208648
208804
208815
209010
209033
209734
209786
209850
209988
210355
210526
212031
212183
212480
212932
213487
213874
214182
214446
214517
214775
216067
216564
216620
216942
217932
219236
219951
219957
219965
219967
220259
220364
220401
221747
222416
222847
223435
223493
223536
223955
224306
224581
224710
225819
226302
226871
226991
227151
227626
228096
228416
228559
229043
229076
229485
229546
230282
230440
230585
230980
231094
231745
231859
232159
232553
233174
235223
235281
235462
237015
237374
237582
237771
238173
238365
238481
238828
239224
240304
240393
240471
241017
241388
241420
241433
241604
241632
241728
242171
242190
242195
242201
242694
242928
242966
243089
243136
244659
244827
245092
245199
246550
247304
247735
247822
247851
248106
248473
248504
248530
248756
249449
249715
249738
249926
250342
250963
251365
253364
253466
253734
253749
253778
254395
254801
254830
255972
256229
256751
256993
257400
257663
257705
257771
257793
257994
257995
258165
258430
259947
260000
260993
261035
261061
261384
262086
262379
262427
263190
264688
264893
265374
266020
266453
266488
266648
266879
266917
267463
268342
269441
269603
269882
270415
270754
270927
271364
271452
271865
272542
272651
274176
274330
274377
274742
275684
275774
275864
275914
277922
278259
278593
278811
279693
280400
280693
280855
280868
280999
281158
281279
281584
281705
282068
282104
282177
282208
282261
282624
282802
283027
283278
283428
283502
284023
284050
284389
285199
285652
285803
286306
286584
286637
286841
286890
286903
287854
287867
288039
288053
288213
288366
288489
288570
288764
288795
289065
289106
289209
289220
289241
289246
289707
289747
289822
289889
290337
290405
290585
290667
290925
291165
291343
291490
291564
291752
291899
291986
291990
292347
292873
292878
292885
292921
293332
293451
293530
293602
293839
293851
293947
293992
294156
294412
295086
295630
295802
296343
296352
296432
296676
296725
296815
297139
297354
297364
297420
297442
297686
297812
298041
298138
298174
298191
298368
298450
298619
298810
299004
299907
300136
300145
300882
301157
302013
302086
302117
302715
302827
303309
303315
303403
303778
303808
304353
304391
304445
304554
304823
304860
305001
305264
305651
305723
306030
306322
306452
306607
306809
306911
307210
307458
307985
308073
308334
308467
308573
308695
308992
309025
309147
309321
309445
309703
309792
309871
309947
309991
310184
310380
310846
311282
311860
312163
312418
312509
312700
312856
312877
313387
313472
313685
313722
313731
313925
313942
314138
314234
314356
314534
314607
314644
314702
314863
314954
315386
315504
315575
315579
315774
315996
316412
316593
316599
316678
316762
317424
317456
317565
317644
317870
318265
318300
318339
318677
318920
318927
318986
319309
319317
319334
319569
319625
319824
319895
320107
320144
320277
320316
321098
321348
321672
321909
321965
322054
322207
322395
322486
322520
322776
322922
323183
323479
323778
324104
324206
324352
324362
324605
324659
325265
325322
325450
325720
325831
325972
326471
326852
327025
327138
327358
327452
327457
327554
327610
327613
327638
327681
328037
328201
328876
329149
329339
329364
329426
329819
330072
330205
330279
330312
331511
332348
332651
332850
332924
332943
333530
333787
333924
334045
334431
334634
334743
335224
335335
335737
335788
336107
336514
336730
336921
336968
337089
337165
337322
337386
337592
337743
337931
338042
338584
338660
338678
338947
339159
339606
339880
339885
340311
340361
340742
340938
341253
341270
341463
341501
341628
341648
341697
341716
341866
342524
342546
342654
342688
342837
343169
343189
343385
343441
344096
344106
344832
345131
345226
345467
345660
345887
346071
346245
346834
347076
347169
347220
347476
347516
347568
347752
347828
348100
348741
348809
349177
349256
349622
350054
350143
350390
350498
350593
350647
350888
350965
351040
351070
351455
351613
351674
351686
351897
351920
352108
352255
352402
352405
352527
352993
353088
353337
353460
353509
353663
353681
353715
353820
353824
354101
354393
354419
355203
355387
355402
355676
356160
356217
356393
357309
357611
357731
357957
358021
358249
358331
358347
358497
359002
359005
359007
359012
359909
360116
360284
360303
360514
360750
360868
361023
361384
361695
361736
361859
362310
362425
362516
362894
363046
363089
363138
363733
363996
364206
364381
364641
364729
365174
365294
365510
365690
366096
366241
366422
366567
366593
366682
366986
367391
367407
368030
368149
368456
368624
369206
369391
369476
369654
369660
369785
370127
370455
370800
371498
371519
372049
372108
372351
372468
373006
373078
374468
374511
374519
374531
374604
374977
375053
375104
375121
375544
375663
375746
376043
376300
376328
376854
377365
377372
378008
378183
378446
378650
378820
378825
379043
379133
379139
379365
379534
380202
380333
380569
380689
380881
381138
381294
381313
381377
381668
381808
381915
382117
382334
382431
383075
383294
383619
383912
383964
383984
384066
384122
384238
384671
384851
384939
385979
386301
386376
387181
387239
387325
387369
387373
387387
387630
388275
388296
388329
388392
388847
388905
388999
389035
389100
389285
389767
390756
390982
391085
391211
391425
391967
392250
392504
392551
392552
392769
393462
393745
393938
393981
394026
394085
394121
394135
394138
394699
394747
394811
395250
395635
395964
395989
396004
396036
396106
396475
396609
396683
396894
397246
397295
397508
397622
398534
398738
398960
399077
399542
399682
399944
400788
400880
401053
401213
401310
401894
402047
402221
403759
403882
404325
404331
404347
404833
405975
406192
406252
406484
406626
406750
407030
407134
407270
407276
407307
407310
407610
407628
408175
408547
408799
409254
409690
410242
410508
410726
410982
411304
411787
411823
412057
412316
412387
412949
413192
413547
413948
414112
414149
414188
414465
415088
415270
415605
416537
416623
416684
416729
416910
416959
417022
417071
417411
417954
418126
418328
419033
419058
419136
419322
419469
419594
419656
420063
420751
420842
420848
420879
420949
421137
421214
421256
421353
421408
421496
421815
421852
422151
422329
422545
422807
422933
423322
423494
423518
423574
423759
423946
424321
424597
424865
425094
425163
425263
425686
425951
425954
426430
426458
426511
426807
427062
427096
427250
427408
427450
427768
428125
428257
428544
428651
428820
428931
429225
429523
429530
429767
429959
430018
430135
430237
430391
430553
430566
430619
430802
431084
431120
431350
431359
431746
432305
432508
432995
433174
433277
433562
433638
433793
433882
434481
434711
434798
435091
435172
435534
436333
436960
437004
437193
437557
437808
439115
439119
439171
439261
439383
440532
440620
440622
441047
441156
441318
441482
441803
442103
442113
443015
443628
444513
444610
445147
445381
445522
446002
446043
446169
446308
446391
446438
446830
446878
447321
447368
447717
448117
448259
448590
449166
449703
449743
449870
449890
449925
450043
450147
450524
450623
450648
450723
451082
451363
451364
451545
451645
451669
451897
451909
452182
452286
452308
452470
452545
452774
453193
453207
453725
453834
453918
454083
454161
454197
454299
454400
454796
455085
455319
455673
456040
456209
456219
456558
456884
456892
457077
457287
457679
457865
458098
458163
458241
458348
458549
458614
458615
458651
458921
459228
459345
459405
459715
459885
460228
460314
460550
460746
460839
461249
461581
461611
461689
461991
461998
462055
462259
462819
462829
463016
463253
463488
463507
463510
463711
463903
464167
464208
464842
464909
464927
465145
465309
465591
466084
466095
466468
466475
466582
466690
466979
467032
467594
467993
468241
468259
468288
468355
468501
468597
468745
468837
468967
469360
470042
470106
470235
470254
470495
470564
470645
470805
470866
471029
471390
471529
471956
471962
472019
472138
472871
472894
473195
473227
473626
473908
474045
474394
474643
474673
475359
475467
475506
475561
475601
475789
475855
476199
476652
476721
476814
476957
477216
477413
477565
477616
477648
477692
477879
477918
478112
478556
478604
478749
479474
479629
479754
479797
480033
480136
480307
480366
480481
480524
480899
481153
481388
482242
482274
482318
482352
482458
482531
482622
482729
482969
482999
483128
483161
483533
483688
483936
484010
484042
484293
484328
484493
484939
485052
485101
485527
485666
486173
486310
486524
486690
486850
487043
487076
487176
487260
487513
488580
489886
489993
490096
490190
490207
490282
490375
490737
491022
491179
491256
491304
491721
491803
492152
492173
492345
492383
492413
492488
492770
493553
493713
493761
494923
494940
495047
495245
495409
495457
495481
495578
495617
495990
496148
496523
496685
496738
496812
496856
496929
496932
497740
497798
497799
498355
498489
498529
498555
498749
499100
499303
499712
500566
500694
500716
500949
501066
501606
501662
501913
502006
502112
502348
502397
502556
502604
502923
502974
503126
503202
503371
503701
503953
504001
504102
504184
504300
504538
504682
504714
505071
505316
505434
505510
505518
505613
505779
506019
506256
506392
506588
506739
506984
507102
507179
507216
507736
507757
507835
507911
508067
508877
509520
509785
509809
509851
509918
510062
510065
510450
510597
510669
510973
511089
511109
511185
511341
511716
511757
511792
511945
511971
512310
512355
513782
513907
513990
514668
515009
515119
515307
515368
515944
516100
516113
516184
516402
516480
516890
517175
517461
517640
517844
517916
517999
518075
518300
518488
518911
519042
519408
519736
519885
520041
520071
520267
520776
520846
521133
521306
521325
521355
521418
521461
521549
521724
521912
522646
523147
523273
523339
523346
523545
523818
523915
524115
524203
524222
524613
524978
525481
525779
525815
525889
526047
526399
526542
526642
526886
526976
527199
527677
527821
528008
528165
528271
528367
528716
528992
529296
529602
529736
530139
530317
531067
531280
531554
532369
532387
532661
532893
533301
533557
533673
534295
534467
535494
536487
536744
536787
536861
537105
537145
538559
538673
538893
539188
539301
539488
539508
539653
539813
541162
541698
541909
542084
542534
543053
543214
543323
543514
543563
544364
544783
544826
544969
545059
545314
545541
545590
545598
545605
545752
545867
545944
546140
546403
547031
547328
547403
548056
548336
548690
548698
548927
548967
549038
549209
549263
549788
549858
550144
550149
550293
550387
550622
550676
550893
551179
551442
551446
551495
551617
551846
551892
552061
552097
552356
552521
552866
552891
553662
553886
554199
554519
554521
554565
555395
555398
555714
555793
555797
555942
556179
556831
556899
557053
557306
557537
557602
557959
558015
558190
558611
558778
558877
558926
558927
558934
559042
559349
560291
560369
560736
561007
561252
561282
562031
562397
562434
562473
562494
562656
562758
562907
563386
563531
563600
563641
563837
563889
563904
564065
564106
564256
564428
564686
565223
565258
565366
565546
565900
566212
566577
566585
566773
566995
567220
567321
567395
567638
567649
568646
568765
568906
568947
568991
569912
570215
570223
570444
570723
571624
571874
572139
572329
572619
572683
572688
573223
573259
573521
573561
573766
573780
573863
573952
574409
574456
574537
574634
574649
574836
574920
575118
575196
575287
575289
575363
575533
575826
576301
576320
576380
576424
576694
576981
577134
577267
577379
577441
577476
577525
578400
578455
579122
579284
579353
579398
579539
579893
580094
580125
580198
580256
580371
580384
581328
581633
582270
582770
583207
583460
583711
583814
584082
584224
584986
585130
585291
585321
585369
585666
586233
586476
586653
587513
587709
587730
587781
588604
588666
588675
588730
589052
589066
589179
589844
589952
590036
590237
590352
590487
590872
590879
591431
591492
591687
591704
591743
592015
592322
592446
592510
592631
592824
593224
593268
593459
593911
594027
594063
594105
594239
594535
594866
595152
595341
595417
595562
595841
596160
596440
596546
597001
597071
597177
597464
597747
598073
598391
598520
598811
598989
599157
599193
599279
599824
600101
600388
600497
600652
600773
601110
601246
601378
601555
601588
601640
601745
601755
601916
601940
602122
602247
602466
602481
602861
602945
603395
604451
604495
604532
604625
604650
604947
605153
605261
605492
605886
606490
606922
607089
607267
607278
607453
607784
607850
607888
608161
608653
608822
609104
609478
610168
610249
610441
610608
610876
610931
610976
611059
611542
611926
612082
612953
614129
614231
614493
615217
615570
616105
616189
616225
616278
616594
616635
616689
616767
616794
616900
617036
617567
617647
617729
618311
618342
618374
618383
618550
618825
619195
619253
619437
619453
619574
619745
620000
620005
620014
620236
620241
620290
620502
620668
620797
621048
621358
621742
621743
621918
622013
622027
622063
622086
622269
622433
622767
622798
623418
623440
623860
624033
624070
624122
625484
625943
626070
626073
632840
636755
640764
641701
641883
653292
654813
656857
657078
657916
660318
660620
660994
663289
663848
664576
664671
667324
667778
668634
668724
671315
672513
672623
672840
674245
675569
676270
677993
678120
678854
679163
687143
687362
691554
692982
693202
694298
695103
695988
696493
697903
698321
699477
703508
704237
704970
705142
705461
706270
707701
708299
710088
712021
715296
716607
717565
717686
717866
719107
719452
719731
719763
720603
721553
723771
724205
724769
725674
729179
730004
732440
732484
733176
733250
733800
734723
735115
735561
736620
736787
737441
738639
739109
739371
739761
740142
740269
741223
741347
741466
741799
742396
742530
742980
744741
745144
745339
745567
745619
746930
747212
748149
748201
748914
748989
749584
749610
749773
750189
750685
751640
752734
752843
752960
753087
753583
753723
754685
754934
755485
755860
756073
756204
756856
756895
757332
757440
757685
758154
758197
758395
758478
758594
759114
760240
761035
761111
761471
762412
762683
763690
764051
764843
765382
765409
765800
766230
767344
769443
769479
772615
772750
773493
774320
775671
776147
777179
777287
777319
777523
777955
777984
778017
778698
778747
779524
779847
780125
781591
783085
784065
784522
784727
784931
787252
787826
788133
788247
788999
789460
789531
790704
793957
794248
794525
794611
794720
794721
795109
795192
795211
797398
797667
798317
798464
798749
798930
801775
802009
803252
803600
804996
805459
806597
806848
806888
810351
810796
812459
815334
815594
815803
816743
817581
817681
818839
819373
819684
819872
820577
820747
821073
821526
822353
823956
824022
824083
825525
826882
826897
827039
827095
827281
827344
827637
828400
828469
828612
828865
829099
829305
830569
831233
831241
832102
833102
833186
835212
836316
836721
836821
837155
837831
838190
838634
839359
839435
840115
840247
840879
841132
842057
842368
843255
843326
843468
844279
844535
846552
849063
849181
849812
850013
855754
863319
863640
863707
863878
863993
864036
864313
864345
864554
865207
866444
866495
866598
866640
866670
867149
867332
867342
867719
867960
868156
868289
868496
868506
868636
869019
869075
869865
869913
870253
870316
871596
871676
871822
872009
872365
872511
872887
873712
874128
874415
874719
874855
876067
876531
876791
877438
877676
878034
878696
879068
879452
879475
879507
879726
879779
879865
880018
880616
881049
881389
881409
882215
882841
883223
883531
883606
883667
884018
884245
884467
884582
884749
886408
886926
886974
887379
887702
887722
887818
888291
888336
888764
888784
888894
889033
889405
889531
889768
889918
890020
890216
890276
891167
891279
891829
892083
892098
892846
892868
892889
893200
894273
894972
895595
895618
895668
895765
896048
896238
896260
897154
897326
898005
898398
898488
898580
898843
898956
899176
899326
899330
899503
899638
899788
899914
900296
900576
900716
900892
901326
901658
901776
901845
901879
902470
902539
902575
902624
902649
902696
903390
903406
903623
903655
904057
904225
904261
904661
904772
904967
904975
905119
905418
905481
905873
906442
907179
907465
908076
908340
908601
908667
908694
909001
909180
909186
909191
910448
910832
911151
911227
911305
911353
911393
911475
911593
911614
911963
911967
912128
912261
912323
913872
914112
914328
914486
914668
915947
916607
916885
918128
918855
918922
919299
919394
919511
919651
919667
920121
920725
922012
922132
922589
923019
923572
923740
923784
924491
926266
926471
926647
926660
926951
926991
927002
927307
927319
927343
928931
929027
929119
929341
930235
930297
930308
930331
931146
932121
932372
933448
934209
935003
936127
936250
936690
936731
937403
937410
938188
938555
939073
941247
942083
942245
942270
942474
942830
943264
944976
946483
946836
947240
948321
948337
949144
949285
949372
949779
949782
950274
950589
951130
951497
951912
952141
952380
952528
952756
952954
953307
953668
953733
953935
953965
954307
954512
955150
955533
956307
956380
956935
957240
957469
957858
958611
958765
959390
959598
960146
960430
960875
961231
962003
962160
962607
962846
963067
963069
964762
964919
964983
965265
965400
965727
965751
965857
966062
966445
967612
968664
968722
969035
970450
971210
971440
971894
971904
971992
972595
973080
973810
974743
974855
975096
975486
975522
976041
976749
976825
977224
978073
978552
978755
980578
981013
981357
981371
982273
982607
982757
982996
983244
983608
983870
984430
984551
984803
984892
985374
985407
985871
986410
986708
986779
987358
987387
987412
987770
988675
988692
989394
989745
989826
989996
990024
990121
990161
990518
991528
992899
993336
994406
994968
995066
995513
998164
998363
998545
1000991
1001017
1001029
1001274
1002608
1003133
1003246
1003424
1004237
1006069
1006552
1006729
1006978
1007975
1008370
1008533
1009169
1011965
1012701
1014095
1014310
1015214
1015764
1017422
1019590
1019603
1020231
1021414
1021708
1023745
1026059
1026945
1027094
1027496
1029117
1029766
1030310
1030527
1030590
1031204
1032320
1032507
