144120
150201
167996
191099
225952
233891
284255
289595
298513
305085
313330
318521
324156
326027
345357
353471
364362
366254
373189
376091
377865
388509
400912
403724
407754
416480
419686
420524
420925
429671
436393
440211
443349
444738
447537
447562
447627
452551
459955
461439
469453
469710
482054
484210
485828
489428
494583
495371
495748
499484
506288
516269
521874
522400
522527
529566
529666
531486
537653
542862
553154
555048
556676
562572
562740
564547
567520
580062
580138
584282
584815
586050
587325
587888
587960
588694
589957
590899
593864
595445
596504
599293
601813
601993
602185
602687
606737
610223
614928
618413
620513
622812
624016
624419
709530
733811
743189
744426
747498
783674
795350
830520
843700
845000
870197
870571
872971
875744
875846
879348
879527
881163
884273
889796
895219
906246
909387
909751
912544
912703
914678
914959
916032
925183
925941
930557
932046
937226
938332
939722
940625
945568
947740
949269
956580
957508
969405
969544
970355
970562
970623
977837
978356
978400
980727
981733
983889
985679
994052
997744
997829
998836
1000555
1004620
1012544
1017280
1025032
