106442
109078
167996
232528
284538
298513
313330
316044
326027
354817
361353
376091
377865
378081
402629
407466
416480
420524
429671
436393
438276
440211
445219
449745
460143
480079
481450
483240
485828
488841
495371
495463
505985
522400
527626
528960
537653
542984
551871
555882
556676
557851
562572
562740
563679
564203
567149
567223
578537
580438
582695
584120
584815
589753
593864
599293
601435
601724
611006
614199
617424
618413
622856
623846
656134
698237
707420
714360
837578
845000
872909
872971
873127
873802
881163
884273
884390
894215
907509
909387
914853
930557
935849
956580
957803
969405
970595
970623
971139
974400
975696
975791
977837
978400
991985
994268
996122
998975
1012544
1017280
1022598
1031480
1032905
1039082
1043782
1043904
1046874
1064451
1065030
1065835
1067131
1071940
1075171
1084775
1089632
1096766
1099683
1107835
1111293
1111712
1113184
1114156
1121137
1165785
1168827
1169908
1174346
1174792
1179295
1180968
1181387
1187181
1188127
1190770
1191183
1192624
1195348
1198123
1210438
1216823
1221526
1225191
1234017
