100715
101583
103011
109439
109720
111800
111901
116105
121517
123892
127763
134419
138874
140050
143739
144573
146149
149358
150303
151984
152472
153339
157573
159390
164245
166996
169094
170455
171642
172457
173559
175030
178316
187606
188096
192951
193219
196252
201169
205463
205655
209038
210401
211249
220201
222546
225099
227535
230354
238139
238407
238975
248818
251775
252829
255353
257146
260630
261750
263990
268398
274391
280075
283105
284538
284704
285334
285727
289595
290854
290943
298513
301640
302133
303666
306111
308407
309534
313531
319952
322611
323165
325217
326027
329029
332928
334092
335322
335616
336239
336771
337565
338862
344568
345366
347996
348780
349175
349205
350141
351599
354817
355952
356857
357076
357905
360281
361353
361928
367316
367858
370453
371614
376752
377062
377190
377865
378081
378833
381568
384624
387599
388401
390271
392865
400827
406497
408037
408070
409730
411041
412807
412850
413942
414915
415543
415771
420524
420925
421188
421226
422146
422794
426036
430423
431711
432893
433359
436155
436180
438192
438350
439351
441335
444007
445530
447519
447692
448223
448379
449959
450559
452539
455558
456150
460592
460608
461139
461473
465179
466365
467509
469710
471727
480106
480255
481567
482054
484230
484956
487727
488325
492396
494705
495371
496594
496602
496799
508424
510025
510744
516806
527137
527874
529492
529543
529566
529710
533840
535690
536673
537392
538455
541513
541950
542549
545927
552657
555991
556676
559328
560438
567863
569602
571467
574776
574861
580438
581043
581958
583577
584297
585265
585878
587759
589028
590436
592464
599293
600837
602687
606431
613920
615790
624419
656134
686116
693534
725689
731766
735084
756427
766093
778269
781095
786590
797569
818420
821181
821963
824341
824734
825962
829744
837378
863824
866455
870977
872971
874292
875662
880747
881163
882282
882421
884273
885100
895220
898615
924203
926689
932566
933462
936719
939722
944364
947206
953914
958148
963774
963812
969405
972938
975791
979326
996122
998638
1000138
1005206
1005407
1010794
1016589
1016974
1017280
1019059
1025140
1025779
1030188
1031480
1033786
1034531
1035622
1037406
1040881
1050761
1064451
1066878
1067387
1067863
1071032
1071940
1074543
1077788
1088585
1089611
1097350
1108657
1109874
1111293
1113184
1115172
1115529
1121044
1127399
1153617
1155422
1156202
1158916
1165834
1169334
1170504
1174792
1177724
1179279
1180766
1181387
1191002
1195348
1197342
1198347
1201691
1214200
1214469
1214796
1215150
1220333
1239584
1240896
