100715
100882
104122
104311
105447
107724
107981
111320
113457
114621
117461
119781
120115
122194
122953
124558
125170
132328
133014
138455
140050
140261
141519
143258
145163
147495
148793
154330
155384
156305
156454
156480
157025
157167
157573
157880
158715
164486
168139
168884
168949
168988
171338
172457
173559
175030
177158
178854
178862
179122
179354
183036
183542
184407
186567
187606
188028
192454
193219
197888
198360
200531
200739
203896
208980
211249
218551
218904
220201
222422
222546
223769
224288
225597
227535
228721
229728
232780
236355
236652
237991
239137
240997
241262
241363
243151
246405
246570
247659
247920
249298
252176
252829
259005
261750
263990
265832
266395
268398
269795
271577
271745
272184
276060
276660
278759
279304
280075
282192
283101
283553
284718
285334
286241
290288
290387
290943
293261
293509
293878
294538
296054
296939
302336
303182
303423
306193
307920
309113
310156
310287
314195
315486
317365
319732
319751
321730
323850
324435
327099
327491
327617
327935
329954
332928
333465
334030
334046
334851
335322
336083
336239
338862
340868
341991
342294
342335
344262
344568
345926
346052
347928
348211
348456
350405
351599
355592
355952
358089
358782
358805
359239
360385
364589
366154
368471
369852
370185
371146
371163
371195
371266
371674
376207
376811
377001
378833
382160
383671
384017
386178
386287
387599
388248
390831
391838
393372
393927
397005
403586
405113
408037
408070
412751
412754
414915
415878
416265
417832
421226
422630
427662
431083
436727
436857
438292
438350
438369
439351
443448
444007
444080
447692
448223
448379
450717
451572
451772
453449
460592
462236
467509
474144
475913
477290
477469
478873
479250
480061
481113
482982
486598
489487
490639
491031
495380
495638
495784
496594
496602
497545
501079
506197
507119
508167
508424
510326
510744
512350
512746
513064
513739
521298
523122
525441
527508
527559
527976
530223
532721
535603
535690
536284
536673
537265
540322
541513
541883
542121
542549
545927
546438
551201
552657
553406
557637
561892
563875
566428
567863
571467
572092
572283
574194
574776
592916
593122
593807
597089
598465
599962
600897
607017
609685
612375
612887
613920
614747
614876
615790
615811
616311
618835
621494
623887
624442
632436
638361
641965
647380
656898
659309
673368
675152
676901
682409
684671
704548
731766
733528
734827
735748
740349
746592
761641
766167
766612
773468
778926
795020
796188
799725
813900
817083
817871
818420
820317
824222
824341
826217
827055
831250
832438
833255
834871
835247
843993
846324
863491
866623
866758
869320
870787
871210
872921
875662
881628
890626
892685
904747
911211
911537
919294
924203
925898
943905
953867
953894
956182
957065
960169
961246
963812
974838
980272
983326
987491
988786
990348
1000138
1001158
1011380
1012796
1014298
1015632
1018465
1024846
1031427
1033353
1033636
1033731
1034044
1039816
1045457
1048291
1060391
1062264
1072252
1074128
1074510
1075582
1092851
