100497
100763
100784
100984
101105
101234
101392
101749
101860
102120
103371
103438
103662
103904
104293
104345
104424
104518
104626
105047
105649
105919
106050
106150
106232
107030
107884
107936
108163
108208
108228
108526
108875
108938
109051
109302
109525
109767
109828
109910
110670
110899
111432
111665
111880
111890
111939
111958
111996
112006
112013
112041
112044
112401
112455
112717
112768
112979
113036
113376
113527
113725
113797
114666
114730
114932
114989
114995
115283
115438
115514
115560
117321
117759
118096
118109
118242
118478
118554
118750
120086
120286
120461
121147
121408
121440
121729
121730
121796
122110
122130
122384
122900
122918
122976
123434
123499
123517
123618
123642
123777
123801
123949
124172
124396
124397
124464
124681
124784
125213
125579
125615
125899
125911
126035
126217
126277
126367
126864
126875
126975
127111
127145
127790
128150
128265
128289
128568
128593
128659
128737
129105
129129
129166
129390
129525
130044
130464
130527
130532
130872
131015
131208
131263
131348
131461
131834
132014
132099
132249
132260
132622
132640
132722
132836
133022
133162
133760
134390
134473
134527
134691
134917
135063
135317
135474
135889
136699
136996
137504
137677
137806
137810
138058
138169
138312
138325
138395
138810
139002
139038
139113
139966
140093
140231
140439
140480
140578
140850
140877
141377
141778
141845
142122
142372
142418
142984
143826
144032
144811
145467
145478
145875
145980
146012
146476
146540
146600
147334
147376
147513
147896
148601
148775
149318
149356
149579
149806
150164
150337
150817
151015
151594
151873
151893
152266
152462
152484
152797
152806
152992
153850
153949
153970
154184
154647
154982
155710
155855
155896
156054
156096
156491
157310
157503
158085
158639
158678
159082
159351
159450
159567
160867
160870
160892
161010
161156
161748
162167
163293
163810
163840
163869
163878
164308
164525
164949
165402
165882
166316
166603
166799
167823
168142
168201
168332
168584
168960
168983
169564
170035
170729
170791
170884
171090
171711
171795
171799
172147
172277
172599
172679
173319
173433
173528
174617
174648
174805
175498
176262
176713
176750
176862
176911
177373
177469
177919
177933
178499
180008
180207
180493
180786
181027
181607
181639
182297
182535
183178
183500
183762
183912
184070
184277
184464
184558
184629
184841
185156
185183
185297
185610
185798
186801
186974
187048
187915
187947
188032
188229
188482
188564
188597
188629
188766
188938
188997
189014
189283
189419
189637
189807
190062
190168
190629
191307
191455
191472
191561
191835
191995
192028
192277
192455
192516
192624
192709
193056
193333
193469
193677
194411
194891
195024
195105
195197
195200
196143
196163
196232
196976
197394
197415
197421
197678
198194
198355
198410
198697
199036
199194
199519
199656
199673
200082
200107
200366
200391
200862
201024
201127
201410
201438
201575
201868
201887
202075
202124
202227
202371
202507
203325
203366
203487
203771
203898
204013
204037
204046
204400
204804
205363
205515
205668
205683
206960
207233
207287
207585
208423
208648
208708
208744
208815
208883
209010
209608
209659
209734
209799
210060
211149
211606
213730
214303
214331
215374
215791
215849
216241
216620
217160
217476
219147
219303
219353
220247
220306
220767
222000
222403
222650
222847
223318
223536
224098
224365
224478
224522
224581
225148
225819
226183
226617
226746
226924
226985
227142
227628
227677
227723
228634
228704
228918
229711
230440
231136
231331
231731
232785
232805
233415
233791
234140
235226
235462
235596
236773
237181
237536
237582
237909
238112
238498
238881
239474
239503
239687
239730
240151
240562
240630
240683
241230
241388
241558
241671
241673
242000
242027
242062
242201
242526
242569
243037
243592
243783
244024
244198
244827
245076
245412
245547
246424
247172
247209
247551
247704
247735
247754
247777
248336
248473
248530
249024
249457
249738
249855
249865
250022
250143
250176
250342
250397
250530
250963
251002
251568
252075
252901
253107
253255
253734
256229
257700
257974
258299
258382
258412
259544
259627
259766
260019
260419
261092
261185
261223
261384
261464
262086
262442
262449
262728
262771
263477
263815
263913
264642
264687
264688
264893
265391
265921
266150
266488
266878
266879
266917
266995
267247
267277
267956
268921
269187
269666
269882
269982
270220
270517
270754
270927
270998
271035
271256
271964
272097
272123
272128
272234
272307
272970
273691
273694
274400
274467
274953
275357
275398
275433
276193
276275
276298
276857
276878
278593
278702
278763
279600
279798
280693
281256
281988
282261
282659
282802
283351
283819
284023
284389
285306
285463
285626
285995
286173
286554
286637
286890
287131
287308
287468
287608
287831
288225
288466
288562
288714
288842
289241
289707
290045
290089
290268
290340
291022
291218
291297
291453
291564
291682
291752
291806
291899
292347
292422
292856
292885
292888
293020
293451
293851
293965
293992
294116
294412
294969
295003
295124
296427
296486
297364
297988
298245
298368
298450
298548
298742
299397
299523
299627
299971
300145
300175
300349
300625
300649
300688
300916
300920
301402
301967
302568
302619
302709
303403
303422
303696
303718
303808
303917
304298
304672
305006
305264
305678
305694
306042
307039
307402
307536
307631
307895
308525
308584
308936
309153
309445
309563
309792
309947
310133
310155
310170
310619
310914
311351
312801
313286
313387
313439
313839
314046
314138
314647
314813
315049
315504
316003
316008
316042
316096
316593
317424
317870
318233
318269
318322
318882
318927
319179
319461
319824
320242
320316
321135
321172
321318
321348
321672
321891
322061
322207
322520
322670
322922
323046
323051
323479
323540
323778
323804
323920
323949
324062
325066
325208
325265
325354
325622
325831
326153
326180
326311
326485
326681
327025
327138
327351
327702
328019
329057
330083
330084
330205
330279
330312
331420
332099
332121
332255
332348
332432
332610
332635
332850
332943
333183
333674
333924
334058
334431
334815
334919
335041
335224
335334
335486
336107
336163
336730
336921
337009
337309
338288
338405
338543
338547
339159
339180
339428
339505
339905
339931
340253
340311
341101
341270
342442
342699
343202
343312
343449
343805
344061
344702
344704
345369
345500
345616
345780
346406
346950
347476
347516
347715
347888
347942
348380
348387
348809
348948
348997
349256
349530
349622
349756
349811
350054
350143
350593
350732
350820
350965
351013
351612
351613
351640
351686
351855
351920
352108
352255
352405
352539
352671
352928
352993
353037
353221
353337
353644
353672
353820
354088
355203
355520
355661
355838
356360
356448
357820
357957
358199
358497
358543
358557
358958
359053
359077
359561
359766
359909
359912
360222
360750
360867
360995
361188
361384
361683
361859
362444
362768
362894
364367
364850
365174
365900
365989
366422
366567
366974
367391
367523
368030
368138
368495
368496
368624
369274
369660
369769
369956
370111
370630
370690
371498
371519
372038
372108
372779
372811
373006
373078
373279
373743
373747
374468
374604
375108
375544
375617
375618
375663
376431
376847
376934
377063
377445
378116
378362
378698
379133
379359
379576
379792
380333
380689
380881
381252
381310
381585
381668
382314
382334
382812
383035
383043
383172
383245
383464
383912
384122
384135
384261
384485
384545
385192
385264
385271
385713
386196
386610
386890
387123
387239
387325
387532
387862
388716
388739
388979
388999
389853
389860
390199
390700
390726
390756
392099
392504
392669
392932
393261
393462
393938
393967
394135
394148
394626
394811
395479
395636
396326
396674
396962
397621
397953
398225
398721
398743
399352
399356
400264
400735
400788
400880
401053
401190
402221
402443
402886
403445
403598
403759
403914
403959
404264
404654
405533
405575
406407
406430
406989
407134
407276
407307
407912
408096
408382
408811
409126
409376
409846
410425
410985
411215
411304
411452
411926
412127
412414
412666
412977
413192
413278
413937
413960
413969
413973
414036
414069
414076
414096
414188
414193
414417
415088
415262
415502
415969
416080
416163
416331
416623
416657
416684
416890
416984
417444
417862
418229
418585
418770
418780
419033
419058
419469
420842
420968
421137
421796
421949
422197
422261
422497
422901
423302
423486
423574
424511
424857
424865
425005
425472
425686
425954
426511
426673
427062
427096
427250
427936
428202
428256
428462
428547
428651
428661
428760
429092
429530
429537
429748
429924
430029
430606
430778
431431
431547
432669
432898
432995
433003
433562
433622
433793
434047
434197
434234
434897
435281
435521
435733
435841
437011
437689
437913
438114
438169
439081
439115
440514
440622
440971
440982
441377
441739
442250
442411
442987
443006
443011
443780
444175
444776
445001
445147
446043
446391
446865
446979
447321
447576
448392
448585
448590
448779
449166
449925
450524
450548
450648
450695
451036
451363
451417
451639
451669
451756
452320
452545
452878
453193
453256
453529
453725
453918
454059
454083
454097
454219
455312
455342
455425
455572
456219
456558
456892
457314
458163
458549
458921
459248
459345
459405
459432
460228
460523
460584
460754
460884
461322
461611
462037
462636
462697
462699
462891
463851
464331
464605
464842
464868
464909
464927
465110
465308
466084
466214
466937
466979
467022
467032
467594
468355
468396
468426
468445
468467
468597
468661
468745
468749
469049
469254
469387
469533
470033
470065
470636
470752
470805
470967
471775
472435
472947
473077
473212
473475
473843
474401
474431
474598
475078
475157
475808
475848
476199
476436
476509
476702
476721
477616
477677
477692
477918
477935
477997
478326
478530
478572
478604
479753
480136
480366
480373
480481
480524
480899
481067
481094
481341
481424
482021
482313
482352
482410
482562
482729
483143
483284
483533
483675
483818
483922
484493
484507
484948
485052
485071
485130
485154
485548
485611
485826
485938
486023
487221
487513
488337
488496
488823
488933
489117
489702
489886
490096
490454
491803
491884
492119
492413
492580
492635
493464
493696
493782
493984
494293
495047
495049
495076
496856
496929
497021
497223
497232
497772
498613
498824
498969
499303
499532
499840
500021
500078
500462
500586
500694
500716
501050
501066
501790
501835
502094
502556
502923
503126
503187
503254
503953
504114
504682
505071
505338
505468
505613
506129
506206
506588
507358
507835
507921
507933
508075
508330
508803
509851
510303
510627
510669
510973
511024
511129
511757
511792
512147
512483
514471
514476
514478
514660
514931
515371
515788
516100
516197
516224
516389
516496
516797
517175
517443
517749
518075
518337
518655
518800
518902
519059
519068
519261
519718
519722
520267
521220
521237
521974
522628
523099
523147
523303
523346
523356
523374
523515
523586
523732
523818
523822
524222
524408
524485
524542
524910
525118
525166
525365
525438
525481
526488
526976
527200
527393
527748
527838
527840
528271
528558
528757
529629
529805
530327
531053
531398
531416
532233
532387
532781
533074
533301
533706
533789
534156
534267
534548
535047
535159
535413
535916
536074
536487
536911
536971
537131
537134
537145
537503
537708
537810
537872
538286
538619
538928
539324
539741
539813
540247
540369
540798
540942
541417
542075
542277
542288
542397
542513
542971
543214
543323
543354
543558
543563
545177
545590
545605
545869
545944
546314
546453
546634
546750
547017
548543
549038
549091
549238
549247
549263
549498
549754
550268
550578
550893
551013
551179
551228
551420
551617
551987
552027
552282
553662
553886
554132
554567
554667
555398
555633
555644
555753
555806
555962
556050
556927
557270
557428
557472
557620
557871
557959
558004
558322
558424
558639
558778
558940
559024
559052
559452
559504
559535
559713
560011
560231
560282
560324
560724
561252
562006
562015
562494
562656
562698
562852
563386
563483
563600
563641
563868
564071
565138
565175
566035
566090
566577
567220
567455
567637
567787
568132
568774
568859
569279
569472
569912
570069
570365
570723
570894
571020
571874
571913
572636
573223
573259
573477
574409
574438
574634
574649
574821
574836
575229
575459
575826
576166
576233
576380
576981
577029
577104
577134
577441
577476
578038
578150
578253
578301
578902
579124
579353
579539
580094
580384
580773
583156
583879
583989
584082
584174
585369
585456
586233
586677
586678
587575
587703
588551
588666
588699
588965
589033
589044
589121
589702
589952
590204
590514
590913
591465
591620
591704
592123
592214
592446
592510
593091
593447
593596
593782
594063
594142
594239
595037
595152
595305
595341
595417
596052
596083
596217
596413
597001
597071
597180
597332
597464
598156
598391
598811
598886
599480
599670
600064
600388
600607
600624
601555
601900
602122
602293
602538
602580
602583
602649
602709
602814
602830
602861
603391
603395
604098
604451
604530
604591
604650
604772
604947
605261
605319
606446
606450
606483
606490
606632
607089
607223
607393
607833
608228
608651
609205
609257
609478
610118
610511
611043
611629
612528
612790
612824
613452
613804
614670
614909
615217
615324
615774
616225
616278
616689
616827
616924
617538
617558
618458
618550
618929
619106
619437
620005
621200
621627
621707
621843
621858
622143
622174
622269
622456
623440
624190
624990
625131
625643
625753
626162
626176
626274
626343
626395
627641
628453
628778
630496
631244
632049
633077
633114
633165
634000
634282
640694
642745
643227
643684
645122
647185
648052
649774
650921
651048
655983
656209
657916
658355
661747
662972
664262
666723
667459
668724
673242
674222
677551
679482
681466
682624
684785
685231
685988
688197
695149
697228
697825
699477
703673
704043
704752
706270
711978
712986
715423
716095
717341
717621
719194
721582
723421
723771
724205
726412
727418
729476
729883
730072
730202
732056
733250
733800
734723
735292
735627
736206
736875
738639
739109
739860
740142
741223
741297
741466
741648
743888
744128
745144
745567
746930
748021
749414
749724
749773
750189
751146
751640
751706
751822
752568
752734
752912
752960
753150
753583
755674
756204
756633
756856
756866
757332
757850
758197
758478
758594
759265
759495
759507
759557
762412
764009
764102
765800
766225
766771
768034
769479
770475
770844
772616
773026
773826
777046
777457
777614
778698
779242
779524
779784
783085
783906
784957
787610
788680
793957
794248
794611
794675
794721
794978
795086
795191
795345
796552
796862
797258
797398
797757
798831
798943
799581
802143
804528
805293
806141
806452
806597
806888
808622
808909
810351
811620
812820
813958
814206
815181
815755
816747
817245
817581
817595
817773
818259
818643
818839
819320
819522
819859
820012
820248
821001
821526
822198
822265
824022
824247
824262
824942
825755
826083
826897
827072
827281
828469
829768
829769
830201
831241
831439
832102
832721
834134
834629
835149
835606
835609
836564
836721
836821
838190
838600
838612
839184
839453
840088
840115
840183
843255
844279
845238
845419
845601
846545
847010
849063
849398
849812
849882
852354
852509
853036
855754
863202
863494
863990
864036
864160
864313
864345
864534
864992
865525
865871
866059
866133
866385
867553
867567
867719
867960
868830
869439
869865
869913
870237
870976
871654
872009
872139
872511
873625
873712
875212
875691
875771
876067
876118
876237
876768
878743
878784
878894
879166
879388
879726
880605
880608
880923
881754
882861
882864
883193
883208
883861
884245
884542
884565
884582
885231
885747
886368
887474
887504
887561
887818
887828
888684
888861
889255
889307
889627
890020
890216
890276
891537
891862
892554
893091
893132
894130
894641
895405
895668
896260
896293
896406
897079
897112
897154
897914
898484
898489
898790
899167
899601
899725
899788
899914
899949
900753
900950
901480
901836
901879
902458
902624
902696
903386
903406
904073
904204
904210
904661
904975
905016
905482
905773
908076
908504
908561
908659
908792
910765
911208
911227
911352
911475
911887
912129
912610
913373
913577
913872
913899
915090
915275
915429
915453
915947
916428
916885
917858
917953
918078
918133
918439
918553
919299
919514
919667
920439
920725
922213
922589
923299
923982
924231
924262
925187
926200
926491
927249
927492
929267
929431
930235
930308
930679
931963
932389
932438
932591
933077
933342
934392
935159
936731
937394
939095
939850
942090
942898
943036
945434
948013
948855
949136
949334
949637
949779
950091
950184
950274
950715
950781
950817
951130
951317
951497
951607
952756
952954
953314
953681
953727
953991
954473
954512
955102
955120
955150
955263
955625
955690
956307
956341
956465
957469
957813
958064
958096
958301
958337
959246
961444
962422
963214
963615
963627
964386
964485
964774
964806
964915
965246
965265
965283
965473
965503
965857
966333
966509
967160
967296
968455
968996
969035
970021
970438
971149
971440
971686
972260
972627
972883
973330
974145
975522
975853
976041
976717
977226
978906
979670
979705
980672
981740
982037
982772
984812
985441
986771
987415
987750
988673
988692
989353
989360
989745
990024
990145
991052
991528
992094
992906
993835
994004
994820
995076
995860
996223
998545
999866
1000007
1000572
1001133
1001980
1002296
1002608
1002898
1004253
1005776
1006130
1006344
1006464
1006519
1006572
1007054
1007975
1008533
1008752
1008762
1008949
1009075
1009078
1011113
1011189
1012178
1013483
1014033
1014078
1014685
1014944
1015043
1015214
1015669
1017422
1017859
1018008
1018051
1018183
1019250
1019590
1019603
1019686
1019889
1020503
1022154
1022568
1022691
1023819
1027704
1027715
1028886
1029030
1029275
1029970
1030087
1030310
1030458
1031992
1032002
1032320
1034094
1034111
1034783
1035023
1036038
1036452
1037072
1037190
1037482
1037693
1038005
1038016
1038520
1039714
1039954
1040011
1041400
1041469
1042234
1042707
1042827
1043104
1043402
1043708
1043765
1043824
1044188
1044582
1045002
1045705
1045799
1045906
1046145
1046200
1046665
1046906
1050419
1051240
1051523
1051878
1052503
1053110
1053396
1053405
1054006
1054116
1054237
1054312
1054643
1054887
1055041
1055196
1055363
1055988
1056080
1056892
1057307
1058519
