100715
101583
103556
106845
107724
111320
111911
112824
122042
122194
124370
129532
129865
133014
134419
138455
139665
140050
142784
143739
144120
147495
147839
148673
149266
149358
149662
150303
157556
159390
159875
162269
167694
169094
172457
173068
174204
175030
177989
178316
178862
179210
180580
181447
182205
183542
186567
190081
193219
200165
201947
205440
211152
215571
220201
221606
222422
223124
223769
226570
227391
228989
230354
232158
232475
233220
235302
240869
241262
249103
253259
260835
261750
263990
269349
272418
274391
275145
276616
280075
282961
283553
284704
284718
284937
285334
285933
286999
288540
289744
295722
296054
296939
298513
299262
302133
302336
304895
308103
312106
312412
313574
314494
315486
316085
316971
317176
320493
322611
324153
325508
326027
331822
332928
333465
334595
335616
339517
339771
340494
342554
344262
344568
345366
346858
347042
348780
349038
349205
349445
351599
352441
353917
354817
355592
355952
357905
358261
358459
358782
359239
361328
365751
366154
366496
367989
368055
368346
371266
373276
374181
375211
375355
376207
376752
377865
379116
380388
381380
383055
384017
386055
388367
396903
398830
400827
404674
407466
408037
408070
409229
411041
414485
414915
415543
419573
420381
422630
424917
429282
429671
430340
431711
434281
435267
436180
438276
438350
445611
446067
446165
446462
447519
450717
453449
455558
456150
460608
468528
477100
477469
481080
481450
484511
485828
487105
488731
488875
491581
492736
493989
495371
496602
497545
499204
505897
506662
508424
511908
512762
513037
517714
518888
519498
519834
523772
525070
525441
527626
529492
529566
532324
532366
535690
536854
537066
537265
537392
537653
542652
545295
545570
548299
551626
555991
560803
563152
563875
564534
564954
567840
572608
574389
575595
579194
579243
579772
580438
581043
585615
588525
592102
592464
592916
593171
598574
599293
599353
601724
603598
606690
608203
608795
615241
615562
615790
618413
618835
619611
623517
630096
635247
647380
650011
650059
658691
699965
700038
703490
733528
734827
741019
747498
749279
753505
758819
761744
771666
772088
773468
773804
781095
800950
817236
818420
821181
821505
824284
825190
830520
831250
832733
865294
866455
869622
872216
872302
872909
872921
872971
880786
881163
882992
889372
897633
910954
917073
920759
924203
933793
935817
939722
943536
943905
944856
949140
949836
952814
953385
956686
956992
957143
958288
961337
963439
963774
963812
964541
968286
969405
973557
974768
975212
976796
980469
980856
986985
998432
1005206
1007307
1010656
1011380
1015386
1015814
1018648
1021980
1026459
1031480
1033353
1033424
1034550
1035622
1036584
1037406
1039853
1040251
1042448
1043782
1043904
1044348
1045275
1047094
1047328
1048120
1050325
1051919
1052581
1060604
1062264
1062346
1062681
1065479
1067131
1069698
1071032
1071940
1074481
1075020
1075171
1076700
1089611
1093158
1097404
1097933
1098635
1098705
1099716
1104306
1105422
1106348
1106512
1107835
1109256
1111577
1111712
1156421
