106845
107981
110527
111299
111320
111911
115016
115350
122194
123952
125170
125628
129865
133014
134419
134664
136196
140050
141002
141519
144223
145232
149358
149662
151984
157573
167694
168797
170455
171931
172457
173068
173559
174204
175030
177158
177989
178316
179210
179452
180580
180587
193219
207265
207999
209038
210342
210834
213832
215571
221812
227535
230354
231223
231767
232528
235302
238407
240869
241262
245375
253595
257800
258785
263990
264998
269944
283553
284068
284538
284704
284718
285067
285334
286241
288540
290288
291606
296144
296978
309534
310284
313330
313574
314494
316044
319251
320828
323880
324387
327617
330960
332928
333727
335616
340494
344568
346697
348780
349205
349914
352286
354817
355952
356107
357076
359613
361328
361353
362698
366154
368753
369132
371095
373276
374935
376091
376207
377865
378081
378833
384017
384624
389097
391840
397005
397222
397717
398830
404229
404419
404674
405080
407466
407672
408037
408070
411041
411179
414356
414487
414915
415543
418357
420524
421479
422794
423894
427662
429282
429671
429948
430600
431711
431713
433359
436393
438276
438292
438350
439351
440651
442907
444007
444381
446067
446165
446458
448223
450717
455558
456648
460143
460608
462236
463601
468528
473273
475260
477105
477469
479054
480061
480106
480332
483240
486113
488841
489876
490639
495498
495577
496421
497048
498485
500027
505985
511293
512350
512746
512762
513037
518763
518888
522400
523421
525441
527137
527874
528388
529492
535690
536854
537265
537653
537965
542984
545927
548152
549386
555991
556676
557623
557637
557851
561360
562572
562740
563679
567223
571013
575595
578537
579243
584297
585265
585878
586140
588824
596702
602261
603359
613217
615241
615790
616156
618708
622609
622856
638941
656134
657804
673228
699965
706051
707420
716050
733528
734827
739733
763902
765773
766612
772088
778926
792437
796188
801380
804295
805211
809838
818420
821181
824213
824734
825190
830896
832733
835247
837578
849340
862520
866455
871644
872909
872971
873127
873802
880747
881163
884179
884390
890718
894215
899392
905875
907509
914853
930557
933793
935849
940447
945698
946912
947757
949140
953867
953914
961337
963990
975791
977837
978400
980231
980970
987379
990425
991495
991767
991985
1011380
1019006
1019059
1022598
1024398
1025184
1031427
1031480
1035736
1039082
1039853
1043782
1043904
1046874
1048291
1060391
1063103
1064451
1065835
1066878
1067131
1067863
1070399
1071032
1071940
1074407
1077513
1078605
1085992
1089611
1089632
1099683
1106348
1114156
1121044
1121137
1127399
1153203
1155422
1157303
1158650
1159230
1168023
1169908
1170991
1173035
1174792
1180476
1181279
1181387
1183237
1188127
1190770
1191183
1192624
1194046
1195348
1197342
1198123
