100128
100351
101234
101816
102086
102509
106904
108543
109665
109667
109828
109978
110961
111383
112498
112768
112956
113032
117387
117755
118234
119454
120461
120734
121729
122503
122824
122976
124913
128359
128561
128645
130752
131325
135030
136097
138510
141312
142018
145209
153779
157745
158369
159143
160992
162964
164110
165058
165647
169218
170515
171711
173977
175616
175621
178786
180493
181281
181387
183212
184077
184731
186748
187465
187554
189632
189720
190629
193943
195866
198299
198548
201893
203225
204208
204886
205515
205866
206123
207166
208598
216241
216501
216584
216705
219146
219147
220278
224869
225009
225015
226026
227452
232016
233133
233553
235952
236326
236452
236533
236748
237038
237313
238326
238896
239598
240504
241230
241897
242569
243283
244350
249823
250397
250400
250481
251002
251425
251568
252324
253172
253255
254903
255765
256174
256395
258797
259756
260950
261715
261850
262106
262270
263652
265419
265551
267007
268921
269558
270378
273537
274405
275829
276275
279313
279676
288704
291261
303160
303635
305572
305717
314652
320242
320560
321145
321568
323729
324385
333472
334544
336533
341023
341166
346406
347161
350887
351726
353299
355942
361281
362743
363690
367948
368495
371928
375618
377028
381159
390808
405700
408044
409443
410330
414077
414692
418335
419473
426731
433622
434667
436016
439081
443356
445612
447576
448909
459248
459451
460099
460649
466057
467695
480218
483369
484879
485421
486268
487104
489057
497169
499532
499840
505859
518800
519469
522852
527600
528718
533921
539572
541799
553957
555704
557270
557428
561525
567264
569472
576712
578978
592027
594753
597738
601992
602830
612288
618391
626274
628458
640694
651029
657281
658489
693691
721605
725796
727099
738892
747446
755136
765299
782003
783679
794841
799107
808422
808622
809954
811954
815881
816092
816386
820251
824367
827712
842170
863464
870706
890978
894132
897826
899152
926371
949712
954249
978453
985441
995860
1001439
1009734
1013730
1022949
1024987
1027704
1031629
1038805
1052919
1055360
