105256
106845
108559
114078
115133
123927
127367
128299
129652
129865
132873
134419
134811
135206
136458
139931
144223
145921
146680
149358
149424
150303
152024
153629
154165
156003
159875
162269
164245
165303
165583
170455
173576
176584
178316
179210
185520
185940
187625
188096
190264
191656
192657
201704
201774
207265
207999
213894
215571
222543
227713
229543
232475
232716
233562
235302
237090
238099
240070
240732
249736
252539
253259
274391
274448
275145
282341
282961
284704
285933
286712
288540
289512
292349
296978
301949
302783
303113
306975
309554
310142
310194
311535
312682
313574
314494
317110
320398
320493
320951
321563
323487
325191
325217
325508
328075
329253
335124
336347
339016
339517
339726
340892
346992
347996
349175
356107
357905
358113
358193
359135
360617
364492
367518
369132
369359
370360
373276
375751
376752
377190
377348
380705
381568
383197
383544
384413
384624
384798
387117
388367
389359
391927
394153
395357
397173
397222
398295
399114
400520
402039
404419
404674
405080
406497
407077
411041
411179
411622
411990
413942
414485
414487
415771
415846
417703
418232
418954
419573
420381
422146
423513
426042
426099
427708
430600
430985
431759
432460
432571
433359
435635
436180
446067
447352
449661
450466
456150
458452
459236
460069
460443
460608
461473
463601
464235
464446
465179
466365
468488
471279
472574
473425
473484
473825
474680
480106
480255
480332
481206
481567
482034
484511
484956
486586
486607
488325
489718
489876
490250
491988
492884
494540
495718
496318
496885
498041
498485
498581
499344
499395
499990
500773
502005
503411
508602
508684
508777
509781
513037
513229
517691
523187
523421
526184
529492
529543
532366
536854
536998
537965
541311
544080
546132
548152
551256
551714
552096
555241
555991
556245
557958
559206
561292
561360
562693
563152
563848
564534
566906
568169
572243
573524
573616
576281
577207
577372
577640
577867
579194
579243
579646
580605
581043
581289
581768
581927
583577
584297
585265
585855
585878
588339
588861
589005
589028
589169
590436
592368
592804
594943
595004
595074
595606
598314
601806
602068
603359
604033
604843
608795
610037
613217
615241
618576
623517
632424
633611
638941
659198
670266
674348
678188
681971
687794
691495
699965
700038
705311
713513
716465
739512
748933
751399
752551
755144
756427
758732
758819
763902
768277
772088
773647
773804
774914
777174
777976
779227
779518
792139
798602
810644
823716
824284
825838
825962
827856
830896
832272
832733
834995
838361
849340
864972
866455
867344
872216
872580
875530
880747
881068
881324
882245
882421
882992
883810
885851
886811
889372
893721
894187
897614
898275
899017
901725
902131
905114
905875
914488
915497
917073
918713
921280
922108
930567
933462
935817
937734
938814
939946
942179
943536
944457
945372
946912
949836
952170
956686
956992
957846
958011
958904
961337
962765
963774
963894
964541
964542
968904
972285
976826
977704
978226
978245
979173
979326
982450
984594
996587
999735
1001111
1005407
1009063
1010168
1010656
1012523
1013011
1014134
1015386
1016026
1016246
1017612
1019609
1022103
1022699
1026339
1027059
1034465
1034610
1035736
1036163
1039622
1039853
1040881
1041558
1042448
1042675
1044348
1044697
1048120
1049504
1050325
1058727
1063103
1064739
1066872
1066878
1067387
1067863
1070771
1071032
1073687
1074042
1077513
1077788
1081026
1083446
1085992
1096439
1097805
1099716
