100034
116485
118109
131015
132253
149806
150817
156715
163810
163968
168332
178315
206960
235596
241671
245547
251654
275156
280156
281256
284519
286321
288842
289284
297408
298742
299386
302502
302709
307536
312601
313520
314647
314666
315049
316008
317843
318269
319231
319870
325622
326485
328275
328376
329577
331165
331420
333183
333815
334919
339428
344220
349530
350768
352623
353744
355838
356360
357053
357330
358543
359912
360867
363826
365900
366033
366561
366974
368544
373230
373268
373279
373743
374115
374337
378542
378922
379152
379272
379721
379890
380551
381624
382947
384033
385264
386890
387443
387459
391131
391139
392734
393343
394148
398225
399356
399615
403445
403914
404236
404654
404827
406110
408382
408811
409846
412311
412833
413960
414096
414390
415262
416163
416331
416984
417277
417862
418229
418537
421558
422053
422197
422418
422497
423302
424345
426341
428062
428547
429160
429748
430029
430778
433003
434047
434197
435519
435688
436373
437016
440971
442250
442699
442821
446979
448585
448664
448779
451129
451639
451756
452320
452878
454007
454134
454838
456059
458700
460754
460889
460915
460955
462891
464086
464558
464835
465110
466214
467022
468181
468749
469533
470958
472468
473266
474302
474401
474431
474850
475078
476509
476702
477480
477520
478470
478572
478625
481067
482313
482410
482562
482649
482817
483143
483402
483550
484505
484507
484948
485025
485289
485401
485938
488635
488638
488933
489117
489345
489485
489702
491261
492002
492221
492364
493414
493927
494293
496931
497021
498613
498969
499808
499919
499952
500078
500462
500809
500910
502470
504317
505984
506129
507358
507869
508101
508397
508618
508660
510627
510718
510875
514476
514931
515602
516224
516496
516505
516784
517302
517749
518680
519068
519261
519383
520978
521837
521974
523242
523374
523515
523586
523602
523822
523891
524117
525166
525365
525660
525897
527748
528601
529629
531250
532159
532669
533303
533789
535249
537503
537872
539130
539446
539741
540218
540798
541611
542513
545730
546634
546750
546857
547021
548543
548547
548830
549049
549498
551074
551420
551789
552282
554667
555013
555962
556852
556927
556972
557034
557620
557636
558004
558322
558424
558639
558641
558958
559504
560139
560173
560724
561064
561082
561111
561468
562595
562698
562852
563483
564071
564430
564995
565012
565138
566035
566081
566090
567455
568158
568591
568670
568774
569032
569585
569915
570069
570299
571316
572842
572901
573126
574438
575402
576166
576237
577029
577096
578150
578253
579239
580533
580983
581288
581752
581812
582622
582842
583156
583879
584174
586678
586977
587575
587703
587965
588849
588965
589033
589121
589702
590255
590514
590913
591620
591897
592647
593782
596413
596414
597179
597332
597417
599670
599919
600064
600263
600365
600624
601975
602293
602538
602580
602649
602814
606446
606879
607223
607393
607833
608228
609205
609319
610511
611043
611629
612824
613452
614173
615774
616827
617538
617558
618458
618929
619116
619463
619694
621681
621991
622081
622143
622456
624470
624879
625131
625494
625577
625643
626122
626162
626176
626343
626395
647185
654955
655781
659095
663580
665787
677388
679482
679739
681466
688328
689996
690403
692467
696101
697115
697228
702469
703218
703617
704043
704816
705874
708114
712986
713404
714548
714679
715423
715453
716095
716547
717341
719194
733680
734173
734639
735292
735627
738717
739860
739929
741648
741709
742338
743017
743423
743888
746656
748021
751620
754498
754789
755143
755674
756167
756582
756866
757740
757850
758123
758619
759265
759507
759557
761107
762665
764899
765948
766225
767252
770475
772616
773026
776007
776531
778982
779242
783906
784957
785392
785849
794535
794690
795345
795799
815145
819859
827072
828186
828509
830062
833452
834283
834357
834629
839184
839453
839912
841590
841639
844055
845601
846545
847822
849882
863109
863494
864534
865871
866059
866574
866805
866981
867509
867567
867927
868830
869079
869439
870598
870976
871042
871654
872139
873625
873863
873976
875986
876515
876777
877291
878894
880102
880292
880608
880612
883861
884565
885231
885525
885747
886521
887266
887504
887561
889070
889264
889307
889564
890387
890399
891055
891537
891862
892436
892652
893132
894130
894641
895218
895405
895444
895859
896406
896824
897112
898768
898790
899733
899949
901836
902691
902784
903506
903640
904204
904633
905016
905482
905659
905888
906700
907866
908295
908659
908792
910401
911665
912374
912482
913521
915429
915729
916148
917482
918078
918099
918133
918439
918825
922164
922209
923682
924214
924215
925187
926125
926200
927249
930679
931963
932591
933342
937357
937394
937402
939095
939850
943432
944851
948956
949112
949136
949466
949955
950091
950781
950817
951317
951325
951607
951823
953200
953511
953681
954028
955263
955310
957313
957813
958064
958337
959246
959410
961444
962012
962096
963585
963627
963945
964485
964774
964915
965283
965503
967160
967977
968455
968496
969002
970021
970303
970796
971686
972514
972627
972883
974631
975306
977640
977943
979497
979644
979705
981067
981740
982037
982344
983635
984812
985590
986385
987750
989353
989360
990145
990538
991215
991497
992292
992574
992699
993844
994004
994009
994504
995076
995229
995436
995709
996223
996278
996393
996421
998905
998999
999259
999970
1000007
1002898
1004253
1004918
1005325
1005776
1005903
1006496
1006572
1006960
1007377
1008376
1008483
1008752
1009010
1009075
1009439
1013483
1014078
1014565
1014685
1014867
1015043
1015669
1018008
1018183
1018350
1019099
1019686
1019889
1019942
1020360
1021380
1022154
1023027
1023271
1023819
1024009
1026687
1027646
1027715
1028864
1029275
1029318
1029879
1029886
1030458
1031560
1032078
1032232
1033542
1034683
1034684
1034769
1035014
1035023
1035607
1036038
1036067
1037190
1037482
1037646
1038005
1038235
1038417
1038520
1039138
1039954
1040323
1040375
1041400
1041469
1041547
1043104
1043824
1044188
1045002
1045799
1046200
1046422
1046906
1047826
1047955
1048460
1048846
1048849
1050419
1051523
1051878
1052503
1053405
1053853
1054006
1054116
1054188
1054525
1054704
1054887
1055041
1055196
1055954
1056080
1058254
1061508
1061637
1061935
1062047
1062852
1063672
1063767
1065195
1066110
1067295
