101205
101318
101392
101796
102647
103914
104345
104790
105047
105649
106186
106730
107030
107493
107874
108396
108773
109302
109730
110590
110899
111906
111939
112006
112041
112044
113297
113376
113566
113699
114658
114666
114730
114771
114817
115068
115511
117912
120262
120921
120954
123499
123642
123801
124101
124132
124396
124500
124681
124784
125348
125576
126006
126231
126619
126662
126718
127536
128568
128593
128737
129151
129461
130015
130181
130464
130555
130769
131188
131572
131834
132062
132260
132262
132346
132640
133022
133035
133162
134527
134691
135063
135477
135514
136072
136271
136996
137090
137251
137379
137504
137806
137871
137955
138190
138395
139598
140555
140578
140965
141126
141181
141778
142870
143116
143598
143668
143988
144221
144250
144811
145147
145215
145395
145467
145592
146201
146585
146934
147303
147589
147599
147772
147896
149579
149838
150448
152715
152833
152992
153185
153200
153656
153963
153994
154052
154184
154248
154647
155231
155371
155710
155748
156096
156121
156366
156514
156634
157047
157267
158671
159219
159506
160378
160892
161742
162055
162585
163869
163950
164174
164225
164525
165344
165377
165690
166603
166992
168423
168584
169955
170586
170884
171039
171151
171206
171795
172974
173169
173656
173876
174115
174604
174731
175203
175498
176162
176549
176862
177160
179113
179724
179750
179988
180223
180601
181554
182377
182809
184502
184841
188482
188933
189043
190280
190868
191517
191747
192038
192513
192516
192624
192901
193056
193677
193871
194749
195200
195246
195378
195757
195998
196160
196174
196667
197219
197421
197957
198194
198355
198525
198566
198674
199285
199616
199655
201118
201127
201253
201941
202124
202371
203590
204827
205003
205024
205320
206111
206991
208332
208648
208904
209794
209988
210939
211109
211111
212097
212450
212871
214015
214303
214517
214721
215998
219957
219965
222847
223220
223458
223493
223966
224306
225819
227142
227626
229076
229099
229546
229768
230822
230896
230980
231859
232439
233042
234495
235209
235462
237374
237597
238005
238161
238322
238481
238557
238828
241388
241420
241558
241673
243447
244550
244827
246255
246299
247209
247304
247377
247735
247851
248336
248530
249320
249715
249738
249740
250620
250963
252915
253466
253734
253749
253778
253781
253842
254475
254490
254830
255972
256993
257663
257705
257995
258038
259947
260419
261061
261384
262086
262379
262427
263882
263940
264151
264688
265438
266488
266648
266879
267463
269603
269882
269982
271497
271865
272234
272301
272966
273854
274371
274796
274971
275298
275377
275684
275774
275864
277766
277935
278259
278593
278702
279218
280320
280575
280693
280999
281882
282068
282112
282500
282570
282726
282802
283502
283554
283908
284023
284033
284050
284995
285611
285652
286215
286306
286554
286584
286753
286890
286932
287447
287490
287867
288010
288502
288562
288685
289220
289241
289246
289747
289788
289916
290337
290355
290405
290578
291165
291174
291512
291564
291758
291899
292246
292347
292909
293607
293839
293851
293943
293947
293992
294115
294156
294335
295084
295601
296219
296343
296795
296915
297354
297874
298174
298450
299397
299896
299907
300145
300380
301157
301431
301591
302056
302117
302223
302619
302871
303091
303309
303315
303396
303602
303934
304298
304487
304712
304901
305003
305242
305651
306030
306607
306788
306942
307210
307559
307573
308273
308334
308695
308900
308992
309321
309348
309429
309445
309792
310170
310184
310220
310380
311282
311494
311714
312314
312509
312825
312856
313472
313925
313976
314138
314253
314356
314607
314644
314938
315504
315575
315579
315774
315996
316042
316368
316412
316678
317027
317108
317424
317641
317884
318245
318265
318300
318339
319309
319484
319839
319895
320135
320316
320988
321172
321182
321593
322156
322520
322851
322922
323034
323453
323762
323871
324206
324352
324362
324441
324679
325031
325309
325357
325450
325720
325831
325922
326190
326483
326598
326961
327015
327129
327138
327358
327452
327554
327610
327681
328721
328787
328876
329339
329683
329711
329819
330069
330072
330084
330205
330312
330866
330939
331247
331412
331448
331511
332078
332348
332719
332850
332943
333120
333147
333643
333793
333924
334058
334136
334330
334438
334806
335224
335469
335716
336514
336730
336921
336968
337592
337743
338009
338042
338405
338409
338947
339159
339822
340260
340456
341253
341270
341501
341582
341648
341716
342587
343189
344696
344704
344832
346245
346427
347169
347187
347476
347516
347568
347752
348100
348542
349121
349164
349360
349622
350054
350143
350390
350647
350965
351028
351040
351503
351542
352108
352405
352429
352527
352980
353117
353144
353361
353715
353820
353824
353991
354101
354730
355203
355676
356737
358021
358331
358380
358497
358760
358932
359007
359077
359219
359592
359909
360011
360284
360566
360750
361188
361384
361607
361695
361791
362310
362516
362611
363046
363093
363138
363405
363412
363733
364284
365043
365174
365294
365510
365690
366008
366241
366567
366573
366803
367391
367609
368001
368030
368772
369391
369654
370568
370988
371498
371519
372108
372351
372468
372731
372863
373006
374085
374604
374866
375104
375121
375230
375949
376043
376147
376513
376532
376854
377365
377366
377599
377785
378116
378158
378436
378563
379043
379139
380333
380569
380689
380881
380944
381294
381313
381377
381808
381915
382117
382334
382431
382961
382985
383294
383617
383912
383964
384073
384122
384267
384803
384851
385149
385979
386257
386680
386750
387239
387247
387325
387373
388097
388275
388392
388634
388728
388801
388905
388999
389285
389821
389853
390756
390781
390982
391040
391108
391191
391816
392099
392200
392301
392366
392504
392599
392937
393462
394345
394541
394811
395023
395351
395989
396088
396106
396774
396894
397187
397272
397295
397506
397622
398534
399427
400253
400788
401087
401213
401272
401508
401699
401848
402066
403154
403759
404347
404367
405267
405310
405439
406484
406626
406987
407030
407134
407141
407270
407307
407310
408799
409260
409376
409613
409935
410392
410397
410581
410741
410806
410970
411438
411571
411787
412740
412949
413192
413540
413867
414193
415008
415088
415447
415742
415967
416537
416684
416795
416959
417071
417111
417954
418129
418965
419033
419058
419594
420597
420751
420848
420953
421137
422151
422933
423518
423574
424321
424597
424865
425686
425951
425954
426406
426964
427096
427250
427408
427921
428462
428651
428820
428931
429530
429767
429826
429959
430160
430438
430695
430812
431350
431547
431743
432122
432305
432995
433174
433654
433827
433889
434135
434481
434499
434730
435091
435338
435404
436333
436536
436583
437665
437884
438421
438932
439087
439171
439383
440622
441047
441144
441660
442178
442248
442570
442885
443015
443070
443117
443262
443618
443775
443780
443923
444081
444342
444540
444555
444678
444803
444898
445147
445261
445663
446043
446169
446830
447140
447321
447717
448259
448392
448590
449166
449654
449671
449743
449925
450524
450548
450623
450658
450776
451082
451363
451669
451897
452308
453193
453207
453529
453834
454161
454299
454416
455319
455334
455342
455360
455458
456219
456435
456538
456683
456775
456884
456892
457077
457287
457399
457679
457865
458081
458098
458101
458323
458443
458549
458615
458921
459204
459305
459345
459950
460089
460228
460550
460805
460839
461163
461324
461515
461624
461875
461991
462055
462736
462819
463253
463491
463507
463510
463711
464208
464781
464842
465158
465591
465645
466084
466468
466690
467169
467398
467636
468241
468493
468745
468837
470042
470564
470774
470805
471011
471039
471267
471529
471841
471956
471962
472182
472370
472493
472871
473077
473585
473768
474048
474566
475157
475296
475601
475803
476137
476443
476658
476721
476819
477692
477918
478556
478604
479064
479253
479474
479753
479797
480033
480366
480829
480899
481388
482352
482531
482699
482729
482761
482999
483161
483490
483533
483688
484328
484493
484939
485052
485101
485739
485876
486023
486791
487076
487513
488496
488992
489631
489665
489886
489993
490096
490190
490282
490858
490898
491168
491395
491767
491803
491884
492313
492488
493372
493535
493713
493782
493984
494444
494923
495481
495617
496094
496238
496860
497223
497620
497798
498298
498355
498489
498495
498529
499303
499712
499748
500021
500158
500206
500694
500716
501269
501606
501835
501913
502006
502397
502556
502604
502923
503081
503187
503202
503254
503765
503825
503953
504168
504723
504949
504975
505613
505787
505960
506588
506611
506980
506984
507214
507489
507605
507875
507933
508067
509182
509785
509809
509879
510208
510450
510669
510973
511109
511527
511747
511792
512147
513469
513907
514668
515307
515368
516115
516402
516711
516797
516890
517175
517461
518003
518075
518398
518843
518911
519045
519290
519306
519593
519627
519863
520041
520071
520267
520599
520930
521306
521418
521461
521982
521986
522628
522862
522905
523099
523132
523147
523156
523403
523545
523818
524613
524775
525481
525672
525748
526047
526399
526727
526976
527677
528008
528271
528346
528367
528415
528716
528869
529466
529602
529783
530055
530944
531554
531605
532337
532364
532369
532387
532781
533162
533301
533693
534467
536214
536487
536861
536866
536870
536971
537145
537170
538243
538286
539054
539333
539410
539509
539653
539737
539813
540071
541162
542084
542281
542448
542534
543053
543323
543325
545368
545406
545598
545605
545865
545914
545944
545984
546043
546140
547328
547635
548345
548557
548678
548999
549038
549754
549948
550156
550260
550293
550387
550602
550874
550893
551179
551446
551617
551846
551892
552904
553151
553662
554519
554521
554580
554586
555398
555468
555540
555714
555753
555797
555942
556204
556719
556822
557170
557390
557408
557537
557579
557602
558309
558611
558934
559052
559713
560237
560369
560736
561750
561920
561989
562198
562434
562758
563386
563600
563837
563904
564749
565546
565802
565842
566034
567220
567321
567638
567649
567823
567923
567971
568128
568646
569912
570444
570723
570894
571327
571874
572013
572139
572285
572651
572859
573223
573259
573393
573488
573561
573766
574048
574168
574409
574634
574649
574836
575042
575287
576301
576380
576831
576981
577134
577476
578455
579353
579539
579893
580123
580198
580256
580277
580384
581633
582527
582665
583460
583711
583791
583889
584082
584126
584801
584986
585247
585291
586110
586233
586476
588002
588423
588730
588795
589066
589104
589265
589325
589425
589952
590237
590713
590747
591704
592015
592446
592510
592824
593085
593459
594027
594239
594535
594866
595139
595305
595857
596440
597071
597247
597442
597464
597681
598391
598520
598989
599279
599725
600101
600388
600393
600449
600467
600773
601110
601405
601588
601640
601732
601940
602997
604159
604625
604947
605098
605153
605261
605853
606741
607089
607267
607278
607453
607784
608651
612784
613855
614573
614670
615119
615217
615358
615570
615712
616105
616225
616594
616635
616689
616767
616858
617099
618387
618550
618779
619106
619369
619437
619453
619745
620014
620420
621048
621358
621627
621738
622371
622396
622465
622579
622767
622970
623406
623440
623841
624033
624122
624701
626070
630663
632926
638210
643227
654290
654968
655399
655970
657916
660191
662312
664576
665377
665575
670260
671315
674245
675528
675569
683192
684785
685619
686005
686290
690546
692658
694298
696493
698889
699477
703448
703679
703692
704970
707341
707394
709143
709764
712041
713391
714390
714926
714981
715274
715934
716605
716607
717234
717552
717686
717935
718818
719763
719939
721055
723771
724769
725594
725733
728228
729626
729839
729883
730007
732484
733250
733800
733876
734723
736264
736787
737878
738639
739258
740142
740249
740786
741170
741223
741466
741468
742006
742398
742751
742752
742861
742890
743110
744741
745144
746930
747540
747719
748250
748989
749773
750367
750685
751056
751640
752577
752960
753443
754357
754715
755525
755860
756073
756204
756564
756895
757597
757634
758197
758395
758478
758968
760240
762412
763214
763217
763690
764843
765409
765772
765780
766254
767197
769443
769631
771071
771250
772615
773493
775002
777179
777319
777707
777713
778466
778494
778698
779891
780125
780196
782706
783600
784065
784359
785654
786504
788247
788356
789110
790583
790704
791569
791820
793919
794611
797398
798317
798749
798930
799315
802709
803292
803600
805459
807386
810351
810769
812459
815803
816482
818839
819872
821047
822353
823956
824083
824254
826897
827281
827410
827637
827893
828203
828612
828865
829305
829768
829769
829955
830201
832102
833102
833186
835212
836316
836821
837001
838190
838634
841132
841409
842177
842600
843326
844279
844499
845238
845834
845965
847038
847558
849063
849398
849812
857103
862846
863647
863773
863786
863993
864313
864345
865313
866495
866601
866670
866982
867149
867193
867332
867960
868148
869075
869078
869208
869696
869865
869879
869882
870253
870316
871355
871822
872392
873535
873712
873779
874128
874415
874736
875141
875750
876060
876406
876791
877676
878034
878173
878626
879125
879166
879507
879726
879794
880018
880408
880760
880837
880905
881058
881192
881409
881662
882016
882215
882304
882335
882436
882474
882757
882841
883222
884018
884245
884366
884749
884807
885674
885724
885828
886119
886899
887042
887214
888764
889768
890100
890216
890276
890518
890643
890908
891917
892083
893080
894409
894584
894695
895064
895185
895314
895682
895765
895820
896048
896583
897154
897280
897326
898005
898398
898831
898843
899176
899326
899330
899601
899788
900152
900951
901075
901480
901658
901879
902696
903174
903197
903406
903623
903655
904661
904772
904975
905119
905418
905873
906482
907465
907567
907579
907616
907965
908076
908340
908561
910027
910386
910448
910897
910909
911227
911256
911400
911475
911614
911887
911963
911967
915555
916237
916245
917165
917205
918021
918264
919299
919825
922413
922746
923019
923299
923644
925473
927148
927343
928997
929119
929431
930235
930239
930308
930331
931376
931873
932063
932324
932372
932389
932650
933077
934189
934209
934392
935003
936946
937332
937410
938063
938188
939073
939097
941598
942083
942245
942270
942376
942629
942775
942830
943369
943482
944957
945455
946440
946483
948710
949029
949334
949779
949782
950274
952141
952528
952954
953343
953668
953733
954307
955150
955991
956000
956307
956586
956698
956935
957469
957913
958171
958178
958314
958611
958863
959196
959459
960904
961599
962975
963523
964983
965015
965135
965326
965663
965726
966445
967199
967612
967784
968563
968664
969084
970436
970916
971894
971925
971992
972779
973330
977090
978466
979056
980613
981107
981357
981371
982083
982757
983244
983313
984204
984430
984556
984775
986779
987269
988004
988923
988971
989996
990729
992526
993892
995311
995513
996211
996363
996628
996797
997283
998226
998545
999056
999488
999796
1000212
1000572
1001170
1001471
1001489
1001617
1001919
1002608
1003298
1003424
1003675
1006069
1007975
1008413
1009030
1009163
1009417
1010123
1011028
1011547
1012481
1012882
1015214
1015526
1016473
1016700
1016894
1017324
1017573
1017619
1017855
1019039
1019250
1019603
1020856
1022785
1023349
1023800
1024692
1024715
1025269
1025324
1025474
1025942
1026214
1026225
1027170
1027791
1029114
1030310
1030590
1030971
1031553
1031992
1032002
1032314
1032507
1032954
1034094
1034783
1034893
1035449
1036212
1036266
1036452
1037188
1037198
1037937
1038036
1038506
1038540
1039399
1039589
1039640
1040595
1040936
1041551
1042088
1042234
1042524
1042827
1043069
1043161
1043253
1043574
1043581
1043765
1044582
1044821
1045188
1045593
1045791
1046545
1046830
1047505
1047905
1048011
1048125
1048305
1049064
1049657
1050479
1051587
1052000
1052838
1053110
1053657
1054237
1054902
1055722
1056218
1056508
1056600
1056892
1056909
1057085
1057197
1057343
1057679
1058393
1058415
1058519
1058725
1059122
1059674
1060124
1060917
1061471
1063946
1064097
1064200
1064491
1064563
1064793
1065001
1065428
1065591
1065879
1065901
1066844
1066952
1068315
1070333
1070388
1070970
1071020
1071331
1072004
1072434
1072489
1072676
1073185
1073895
1073928
1073949
1075356
1076431
1076514
1076586
1076612
1078330
1079124
1079464
1081768
1082060
1082527
1082641
1082751
1083396
1083441
1084000
1085057
1085088
1085622
1085849
1086227
1086230
1086750
1086983
1087871
1088833
1089689
1089709
1090537
1090818
1091079
1091502
1091864
1091976
1092210
1093208
1095891
1096332
1096379
1097119
1097861
1098492
1098509
1098547
1098836
1099079
1099347
1099359
1100266
1101032
1101837
1102748
1102967
1103163
1103368
1103976
1105782
1106191
1106546
1107189
1107636
1107772
1108254
1109186
1109853
1110029
1111303
1111553
1112088
1112122
1113196
1114085
1115415
1115724
1116005
1116016
1122775
1123126
1123496
1124305
1133586
1138487
1139056
1149491
1149848
1150208
1150585
1150694
1150728
1152090
1152434
1153745
1155254
1156090
1157432
1159069
1159102
1159705
1159818
1160093
1160717
1161198
1161524
1162081
1162167
1162191
1162920
1163691
1163724
1163966
1164112
1164184
1165536
1165807
1166687
1167088
1167207
1167436
1168173
1168767
1169281
1169319
1169506
1169924
1169974
1170148
1171265
1172049
1172388
1172616
1172744
1173611
1173867
1174484
1174591
1174695
1175527
1175608
1175910
1176241
1176487
1176947
1177137
1177312
1177599
1178295
1178872
1179611
1180356
1180366
1180587
1180756
1181464
1182118
1182430
1182559
1183011
1184076
1184199
1186173
1186514
1187758
1189232
1189589
1190088
1190233
1191389
1192303
1192664
1192820
1193469
1193729
1193778
1194012
1194486
1194623
1195165
1198352
1198815
1200703
1201406
1201864
1202458
1202481
1203306
1204127
1204361
1204437
1205093
1206265
1207037
1209219
1209542
1209987
1211373
1215206
1216429
1217691
1218881
1220228
1220258
1225976
1227221
1237802
1239591
