100186
101205
101392
101532
101742
102917
103540
104345
104749
105047
105377
105649
106225
106351
107030
108067
108101
109302
109634
109730
109765
110552
110899
111668
111670
111906
111939
111958
112006
112041
112044
112387
112455
113297
113566
113699
113875
114363
114495
114658
114666
114730
114760
114771
115068
115437
115438
115787
117850
120331
121607
122926
123499
123801
124085
124132
124414
124471
124500
124681
124784
124985
125348
125886
126059
126217
126231
126864
126930
127104
127536
127960
128593
128737
128843
129602
129958
130053
130181
130366
130464
130555
130571
130769
131071
131188
131256
131263
131862
132082
132260
132417
132622
132640
132690
132936
132966
133022
134035
134440
134483
134527
134691
135063
135083
135414
135429
135553
135716
135736
136045
136254
136375
136688
137060
137090
137251
137260
137310
137379
137806
138017
138255
138395
139124
139363
139446
140231
140480
140555
140578
140850
140911
140965
141181
141592
141648
141664
141778
142122
142373
142520
142862
143116
143668
144164
144626
144811
144896
145017
145147
145215
145230
145467
145592
145804
145875
145974
146201
146208
146314
146554
146569
146573
146574
146803
147071
147589
147599
147772
147896
147898
148341
148360
148445
148603
148813
149249
149299
149350
149579
150065
150221
150337
152033
152186
152459
152590
152715
152992
152995
153003
153656
153900
153963
154052
154084
154214
154248
154289
154524
154647
154862
155231
155710
155855
155896
156096
156121
156366
156370
156514
156634
156974
157047
157267
157314
158184
158304
158671
159183
159219
159562
159662
160378
160892
161058
161355
161742
162055
162465
163124
163315
163869
164225
164453
164525
164590
165105
165690
166079
166603
167097
167356
168364
168584
169208
169242
170102
170426
170782
170884
171039
172086
172631
173410
173968
174115
174537
174604
175111
175868
176003
176862
177400
177627
178119
178334
178751
179608
179724
179750
180207
180223
180415
181085
181607
181726
181758
182028
182238
182794
183140
183182
183834
183978
184838
184841
185017
185156
187255
187589
188040
188482
189014
189016
189043
189194
189535
189929
190119
190867
190868
191463
191747
191909
191954
191975
192028
192058
192516
192624
192639
192950
193056
193333
193677
193871
194407
194722
195105
195200
195228
195564
195621
196389
196465
196822
197421
197718
197957
198355
198525
198674
199034
199278
199285
199911
201021
201127
201253
201322
201921
201984
202023
202124
202157
202222
202371
202591
203067
203538
204013
204068
204849
204947
205047
205182
205541
205654
205668
205757
206093
206106
206111
207585
207998
208232
208804
208815
209010
209145
209219
209453
209598
209734
209794
209850
209988
210355
211111
211388
211647
212031
212301
212834
212891
213268
213545
213563
213759
213803
214303
214516
214517
214721
214775
215998
216127
216606
216828
216882
217932
218237
219356
219957
219965
220247
220364
220401
220407
221232
221236
221580
221843
222416
222847
223293
223493
223802
224306
224471
225819
227142
227626
228092
229076
229452
229546
229735
230341
230440
230980
231620
231859
232155
232159
232553
232786
233824
235223
235462
237374
237582
237632
238828
238925
241388
241558
241604
241632
241673
242171
242201
242281
242480
242694
243248
244550
244827
245092
245199
245814
246299
246550
246564
247304
247735
247822
247851
248336
248530
248676
249715
249926
250963
251307
252641
252915
253466
253598
253749
253766
254153
254490
254830
256229
256751
256993
257643
257663
257995
258038
258405
259947
260419
261264
261384
261464
261761
262086
262871
262919
263361
264151
264688
264727
264832
265487
265595
265921
266020
266488
266648
266879
266917
267463
268342
269330
269417
269603
270174
270370
270415
270435
270927
271265
271452
272234
272301
272378
272651
272683
273644
273829
274204
274212
274377
274721
274742
275158
275298
275684
276878
277313
277766
277922
278239
278593
278602
278811
279499
280320
280400
280487
280693
280792
280855
280868
280994
281142
281279
281584
281646
281956
282068
282208
282261
282533
282802
283027
283278
283428
283502
283918
284033
284816
284918
284980
285609
285611
285803
286035
286104
286173
286215
286554
286637
286799
286890
287682
287730
287867
288039
288098
288213
288517
288795
289065
289106
289241
289246
289307
289822
289839
290249
290337
290415
290503
290588
291022
291165
291293
291344
291564
291605
291752
291899
292035
292347
292482
292856
292873
292885
292909
293099
293305
293451
293839
293851
293943
293992
294115
294156
294412
294495
294762
294862
294993
295084
295086
295189
295397
295787
295941
296219
296286
296294
296604
296686
296815
296907
297139
297341
297354
297420
297436
297467
297718
298041
298174
298426
298450
298451
298594
299083
299397
299505
299523
299866
299907
300136
300145
300349
300380
300614
300882
301123
301157
301286
301985
302086
302520
302715
302991
303083
303309
303315
303602
303801
303808
303934
304026
304052
304298
304344
304391
304445
304487
304554
304712
305003
305264
305270
305549
305861
306030
306100
306474
306607
306638
306849
306911
307210
307573
308273
308573
308815
308900
308992
309250
309445
309792
309947
309991
310030
310088
310170
310380
310847
311282
311714
312163
312170
312418
312468
312509
312825
312856
312870
312877
313387
313472
313650
313685
313731
313942
314138
314184
314234
314356
314607
314644
314863
315305
315504
315575
315579
315762
315774
315897
316042
316209
316368
316391
316412
316587
316591
316593
316852
316884
317027
317644
317870
318233
318265
318300
318339
318547
318619
318677
318920
318927
319824
319839
320144
320316
320498
320791
320834
320910
321098
321172
321348
321672
321965
322085
322207
322395
322486
322520
322552
322776
322922
323029
323034
323046
323155
323257
323912
324104
324352
324403
324605
325239
325265
325309
325322
325357
325446
325831
326112
326190
326276
326483
326520
326750
326832
326961
327189
327358
327452
327457
327554
327610
327681
327861
327874
327975
327997
328183
328326
328468
328640
328876
328990
329075
329339
329426
329685
329819
329867
330279
330312
330944
330991
331511
331859
332078
332083
332418
332850
332924
332943
333147
333423
333530
333924
334398
334431
334634
334775
335224
335363
335469
335481
335550
335918
336107
336275
336381
336514
336564
336730
336921
337386
337406
337592
337630
338042
338085
338491
338619
339119
339159
339606
339880
339885
340147
340260
340311
340329
340373
341006
341270
341501
341582
341648
341697
341866
341989
342292
342524
342546
342688
342834
343385
343441
343816
343979
344106
344329
344704
345337
345369
345467
345660
345887
345921
346164
346343
346690
346745
347169
347187
347246
347476
347516
347947
348094
348100
348261
348361
348809
348810
348833
349121
349164
349360
349478
349622
349756
349811
350054
350143
350390
350767
350800
350965
351040
351455
351613
351686
351712
351752
351920
352108
352255
352527
352980
352993
353509
353681
353820
354392
354393
355203
355387
355676
356160
356178
356320
356886
357244
357620
357957
358021
358331
358497
358869
359007
359077
359121
359158
359492
359909
360284
360303
360562
360750
361019
361022
361024
361791
361859
362058
362310
362806
363045
363093
363138
363564
363733
363786
363996
364206
364644
364658
365006
365028
365174
365203
365690
365792
366096
366241
366422
366567
366803
366986
367153
367391
367710
368138
368456
368624
369391
369484
369654
369932
370127
370278
370392
370417
370455
371498
371519
371751
372049
372217
373078
374158
374454
374468
374511
374519
374604
374677
374847
375104
375121
375230
375338
375986
376043
376109
376147
376300
376328
376532
376596
376613
377365
377479
377599
377750
378008
378158
378412
378563
378650
379021
379133
379139
379221
379306
379365
379534
380333
380515
380689
380881
381033
381252
381294
381313
381377
381668
381808
381830
381915
382117
382334
382944
382985
382996
383437
383619
383912
383930
384940
385979
386376
386748
387239
387325
387373
387539
387830
387862
388275
388392
388634
388716
388799
388999
389285
389860
390051
390217
390234
390756
390982
391557
391816
392366
392424
392504
392566
392937
393334
393462
394135
394811
395023
395989
396004
396036
396088
396106
396326
396508
396554
397289
397508
397622
397932
398224
398410
398960
399352
399542
399682
399755
399983
400253
400788
400880
401053
401087
401482
402047
402221
403019
403729
403759
404122
404347
404628
405439
405997
406221
406378
406447
406478
406479
406484
407030
407134
407141
407270
407276
407307
407310
407369
407498
407610
407638
408175
408196
408547
408605
408799
409547
410428
410433
410726
410806
410985
411438
411787
412247
412414
412436
412468
412932
412949
413192
413278
413791
413796
413867
413973
414193
415088
415331
415502
415765
415887
416537
416555
416581
416684
416795
416910
416959
417954
418126
418129
418551
419033
419136
419594
419711
419983
420415
420842
420953
420968
421214
421466
421800
422151
422933
423518
423574
423633
423673
424321
424333
424597
424638
424865
425241
425395
425522
425686
425783
425883
425951
425954
426406
426430
426563
426964
427012
427062
427096
427108
427250
427382
427408
427464
427779
427892
427921
428148
428418
428462
428651
429225
429534
429680
429826
429858
430096
430319
430438
430802
431120
431359
431547
431746
432034
432122
432305
432750
432995
433174
433838
433959
433987
434481
434517
434701
434759
434798
434944
435091
435229
435281
435834
436587
436693
436778
437421
437625
437689
437840
438169
438686
438718
438754
439106
439171
440604
440622
440924
441047
441117
441482
441576
441803
442103
442178
442392
442439
443070
443105
443258
443262
443929
444403
444640
444678
444776
444803
444898
444954
445147
445522
446002
446308
446391
446438
446501
446535
446694
446830
446878
447321
447717
448108
448392
448590
448833
448886
449584
449703
449890
449925
450524
450548
450623
450648
450685
450950
451082
451363
451545
451658
451669
451685
451909
452286
452650
452774
453193
453207
453529
453702
453725
453834
453918
454059
454083
454161
454197
454354
454416
454453
454468
454692
454796
454824
455319
455334
456040
456219
456391
456538
456892
457077
457251
457287
457818
458081
458098
458101
458163
458280
458291
458323
458549
458615
458651
458798
458921
459345
459950
460228
460304
460550
460697
460746
460756
460839
461078
461611
461624
461875
462055
462214
462890
463016
463253
463476
463488
463491
463629
463851
463903
464167
464208
464662
464753
464842
464909
465127
465145
465203
465591
465596
466095
466145
466690
466898
466979
467169
467594
467667
467993
468259
468297
468355
468493
468745
468837
468865
468912
468996
469167
469896
469945
470023
470042
470564
470595
470754
470774
470805
470967
471810
471841
472019
472370
472493
472871
473077
473698
473831
473942
474414
474442
474566
474673
475157
475296
475420
475545
475561
475601
475637
475773
476132
476443
476814
477413
477565
477616
477648
477692
477918
477997
478065
478112
478326
478484
478604
478639
478780
479248
479253
479458
479474
479553
479753
479754
479797
480033
480136
480307
480366
480481
480802
480899
481036
481171
481388
481537
482352
482542
482729
482895
483128
483490
483533
483857
484351
484604
484914
484934
485052
485101
485312
485384
485876
486023
486163
486173
486201
486427
486524
486727
486982
487513
488496
488580
489665
489993
490190
490207
490282
490375
490454
490737
490858
490898
491154
491256
491304
491803
491884
491895
492313
492345
492488
492536
492580
492720
493029
493372
493502
493535
493553
493937
493984
494444
494554
495047
495082
495325
495409
495481
495931
496148
496563
496856
496894
496929
497116
497223
497326
497651
497764
497798
498489
498529
498644
498661
498824
499303
499382
499712
499855
499991
500190
500619
500694
500716
501115
501191
501883
501913
502397
502484
502556
502923
502974
503081
503126
503187
503202
503254
503548
503769
503953
503966
504100
504538
504540
504549
504949
505071
505338
505510
505613
505787
505941
505960
506013
506588
506611
506632
506984
507102
507563
507835
507911
508045
508067
509060
509420
509465
509574
509785
509835
510060
510065
510208
510479
510587
510622
510669
510710
510886
510973
511109
511179
511360
511732
511757
511792
511860
512147
512355
512903
513098
513469
513907
514471
514660
515009
515368
515788
516100
516115
516184
516203
516223
516407
516711
516797
517157
517175
517196
517397
517461
517640
517820
517916
518075
518439
518488
518714
518808
518843
518911
519232
519304
519306
519454
519593
519604
519861
519885
520008
520059
520071
520394
520491
520840
521075
521291
521461
521549
521598
521724
521912
523099
523192
523346
523545
523818
524203
524207
524220
524222
524494
524648
524910
525438
525481
525672
525748
525806
525815
526027
526047
526376
526399
526441
526457
526488
526840
526886
526976
527199
527200
527664
527677
527821
527840
528008
528165
528271
528716
528821
529296
529466
529602
529677
529783
529795
529874
529904
530055
530944
531392
531398
531416
531554
532369
532387
533162
534156
534299
534548
535159
535518
535736
535891
536971
537105
537145
537159
537170
538020
538286
538559
539054
539188
539488
539508
539611
539653
539813
539857
539879
539966
540071
540146
540428
540773
540788
542084
542281
542397
542534
543196
543214
543323
543354
543375
543514
543563
544206
544281
544364
544963
545590
545671
545865
545944
546031
546256
546403
546904
546986
547031
547082
547214
547328
547482
548063
548118
548135
548336
548515
548690
548967
549038
549209
550113
550149
550293
550387
550676
550689
550780
550874
550893
551179
551457
551617
551627
551846
551892
552483
552485
552778
552870
552904
553151
553520
553662
553745
553817
553832
554199
554521
554565
554586
554633
554642
555398
555673
555714
555753
555793
555797
555942
556610
556628
556859
557170
557537
557668
557708
557820
558934
558972
559009
559042
559391
559547
560237
560291
560324
560369
560901
561007
561282
561860
561989
562031
562198
562199
562434
562758
563064
563386
563531
563600
563837
563889
563904
564419
564753
564777
564966
565366
565480
565546
565802
566129
566212
566225
566639
567220
567280
567321
567581
567638
567649
568128
568646
569912
570223
570723
570894
570925
571180
571191
571753
571874
572139
572285
572557
572651
573259
573413
573521
573561
573766
574048
574409
574537
574604
574634
574649
575229
575287
575732
575800
575826
576380
576867
576981
577134
577399
577476
577870
578455
578577
578639
579353
579398
579539
579893
580006
580094
580125
580256
580277
580384
581622
581633
582160
582655
582735
582906
582952
583146
583814
584126
584185
584249
584463
584495
584660
584986
585130
585153
585369
586019
586233
586653
586906
587488
587715
587925
588165
588268
588320
588423
588604
588620
589066
589179
589322
589325
589425
589952
590237
590358
590872
591704
591743
592296
592510
593459
594022
594027
594063
594535
594866
596291
596356
596510
597001
597071
597247
597442
597464
598520
598957
598989
599279
599365
599466
599639
599725
600388
600449
600652
600710
600773
600873
601110
601588
601940
602018
602481
602861
603130
604451
604551
604625
604947
605006
605008
605098
605153
605261
605811
605844
606469
606490
606922
607039
607089
607168
607267
607278
607433
607453
607590
607678
607784
608210
608527
608653
608854
608982
609085
609104
609151
609414
609450
609478
609538
610081
610249
610441
610798
610976
611397
612082
612851
613393
613585
614129
614493
614578
614745
615114
615217
615570
615661
616225
616278
616565
616635
616689
616753
616767
616790
617036
617111
617567
618374
618409
619437
619562
619574
620000
620005
620095
620290
620797
621048
621200
621358
621444
621583
621707
622027
622092
622269
622433
622481
622586
622684
622767
623127
623364
623440
623860
624033
624106
624367
624698
624728
625136
625377
625753
625943
625944
626070
626106
626335
626393
628679
628695
631932
632926
633476
634606
638210
639744
642860
644899
647988
651715
653292
654968
655399
656739
656857
657611
657916
659160
660318
661750
663499
663848
667459
667663
667825
668634
668724
669746
674245
675569
679163
684296
684538
684785
684948
685619
686558
687719
690846
691936
693851
695988
697825
697903
698889
699157
699477
703493
703679
704909
704970
705461
706270
707716
709021
709409
710898
713391
714312
715193
715296
715919
716605
716607
717552
717565
717686
718597
719452
719763
721084
721553
723234
723407
723771
724769
725594
725674
726988
728050
728228
729727
730419
731036
731930
732484
732666
732714
733800
734117
734723
734808
735115
735179
735561
736264
738639
738929
739109
739371
739761
741223
741466
741468
742006
742518
743893
744093
744232
744741
744836
745144
745339
745709
746498
746930
748294
748770
748914
748989
749414
749724
749773
750189
750685
751181
751640
752203
752577
752586
752960
753150
753456
753583
753723
754685
755363
756073
756204
756399
756621
756856
756895
757044
757332
757924
758197
758478
758594
759248
759850
760240
761035
761111
761471
762010
762412
762646
763217
763690
764009
764518
764703
764838
765382
765409
765800
766037
766639
767344
767723
768575
769123
769479
769631
770117
770127
770747
771204
772615
773493
775671
777046
777319
778466
778698
779204
779524
779533
779784
780125
780196
782321
782913
783085
783477
784522
784734
785926
785985
786534
788080
788133
789110
789362
790625
790704
791569
793038
793957
794248
794611
794675
794720
794721
794818
795820
797258
797398
797667
797943
798317
798464
798749
798930
799315
799798
801007
803600
803876
805459
806597
807386
810351
810796
812459
815756
815803
816978
817476
817529
817595
817773
817778
818839
819570
820747
821047
821793
822036
822353
822868
823514
824931
824942
825755
826897
827095
827281
827344
827637
827754
828469
828612
828865
829955
830201
830622
830708
831241
832102
832234
832853
833102
833216
833945
834134
834438
835212
835254
835606
835609
835819
836316
836821
837001
837831
838190
839359
840115
841132
842057
842962
843317
843326
844122
844279
844535
845238
845834
845965
846937
847002
849063
849181
849812
858634
863319
863640
863647
863786
864313
864345
864515
864948
865051
865207
865852
866495
866605
866670
867061
867303
867332
867719
867846
867960
868266
868289
868873
869019
869075
869139
869865
870253
870316
870318
870486
871596
871822
871984
872009
873049
873712
874128
874415
874722
875212
875352
875501
875955
875980
876406
876531
876788
877173
877438
877574
877676
878168
878172
878192
879068
879125
879166
879388
879452
879507
879602
879726
880018
880558
880605
880687
880754
880760
880835
880905
880954
881061
881244
881389
881662
882338
882841
883223
883326
883531
883606
883667
884176
884245
884401
884486
884508
884542
884582
884749
885828
886924
887722
887803
887818
888336
888784
888976
889111
889405
889768
889816
890216
890276
890457
890518
890643
891167
891560
892083
892098
892846
893080
894239
894273
894409
894695
895064
895314
895618
895668
895975
896048
896260
896583
896923
897154
897326
898005
898398
899330
899503
899574
899601
899788
899914
900152
900554
900716
901075
901254
901326
901480
901588
901879
901984
902011
902470
902519
902624
903197
903352
903390
903406
903423
903493
903623
904661
904664
904772
904975
905072
905119
907256
907465
907965
908076
908191
908239
908561
909180
909896
910386
910665
910897
911353
911400
911475
911614
911731
911887
911963
912180
912284
912323
912610
913042
913872
913998
914112
914974
915116
915686
915947
916245
917830
918198
918537
918855
918922
919345
919394
920487
920725
920765
922012
922085
922214
922589
922746
923019
923572
923740
924231
924491
924671
925817
926266
926660
927319
927492
927592
928507
928931
928997
929119
929431
930235
930297
930308
931146
932279
932372
932389
933901
934154
934189
934354
934392
934931
936731
937549
938188
938584
939835
939954
941247
942083
942579
942775
943369
943482
943612
943633
944216
946201
946254
946440
946483
946836
947390
948321
948337
948522
948710
948847
949144
949285
949782
950274
950659
951912
951964
952141
952756
952954
952959
953473
953668
953725
953817
953991
954244
954307
954996
955150
955533
955703
955991
956000
956307
956320
956518
956935
957469
958096
959028
959196
959369
960264
962029
962422
963209
963422
963523
964786
964806
964818
964919
964983
965015
965265
965400
965663
965693
965780
965857
966062
966445
967612
968664
969236
969958
969993
971007
971894
971992
972011
972595
972710
973080
973439
973850
974145
974191
974536
975247
975486
976041
976097
976717
977224
977610
978237
978530
978552
979056
979729
979830
979928
980109
980513
980613
981210
981371
981616
982179
982757
982947
983100
983244
983287
983313
983608
984204
984274
984430
984511
984551
985443
985710
986410
986779
987308
987415
987788
988004
988587
988673
988675
988692
988914
988923
988971
989029
989289
989394
989745
990570
990650
991528
992477
992541
993213
993325
993417
994406
994612
994968
995311
995548
996264
996363
997283
997675
997980
998545
998627
999021
999588
999796
1000212
1000572
1000991
1001029
1001170
1001471
1001494
1001774
1002608
1002652
1003133
1005938
1006344
1006464
1006729
1007010
1007535
1007975
1008413
1008562
1009078
1009380
1009849
1010123
1011201
1011493
1011965
1013457
1014295
1014856
1015057
1015214
1015959
1016172
1016700
1016887
1017324
1017395
1017422
1017461
1017619
1018140
1018363
1019250
1019257
1019603
1020231
1020711
1020856
1021653
1023310
1023800
1025269
1025324
1025866
1026059
1026225
1026945
1027170
1027723
1028096
1028293
1028636
1029970
1030038
1030195
1030310
1030527
1030590
1030695
1030739
1030836
1030863
1030971
1031280
1031553
1031701
1031992
1032002
1032314
1034093
1034783
1034893
1035563
1036212
1036452
1036736
1036935
1037533
1037716
1038088
1038493
1039249
1039354
1039536
1040391
1040530
1041073
1041551
1042707
1042827
1043027
1043765
1044291
1044582
1044608
1045493
1045593
1045996
1046103
1046145
1048011
1048123
1048305
1048536
1048927
1049197
1049627
1050603
1051341
1051441
1051452
1051587
1052000
1052302
1052801
1052838
1052874
1053110
1053473
1053562
1054186
1054205
1054244
1054312
1055221
1055711
1055722
1055889
1056892
1057085
1057299
1057307
1057343
1057456
1057461
1057563
1057759
1058185
1058415
1058449
1058519
1058725
1059002
1059122
1059177
1059225
1059343
1059661
1059674
1060124
1061785
1062447
1062941
1063160
1063950
1064110
1064793
1065616
1065948
1066565
1066625
1066642
1067437
1068315
1068613
1070333
1070388
1070528
1071331
1072004
1072434
1072489
1073037
1073185
1073228
1074221
1074840
1074900
1075356
1076058
1076330
1077570
1077855
1078868
1079464
1079554
1080244
1080761
1081425
1081723
1081768
1081850
1082015
1082060
1082751
1082943
1083259
1083396
1083441
1083534
1085057
1085088
1086180
1086295
1086500
1086518
1086750
1087232
1087572
1087583
1087890
1088554
1088642
1089040
1090818
1091069
1091502
1091761
1091958
1091976
1091993
1092210
1092264
1092488
1092704
1095891
1096242
1096289
1096332
1096904
1097119
1098732
1098937
1099079
1099359
1100158
1101837
1104776
1105854
1106643
1106792
1107201
1107926
1109853
1112122
1115415
