100194
100497
100577
101105
101392
101749
101937
102120
102136
102156
102233
103046
103218
103904
105349
105649
105769
105892
106214
106232
106748
107030
107493
108228
108938
109054
109572
109730
109828
110691
110899
111432
111737
112041
112044
112387
113036
113725
114601
114666
114730
114995
115022
115303
115334
115588
115880
116049
116566
116610
116737
116748
117249
118164
118478
118658
120086
121029
121128
121147
121222
121499
121672
121796
122808
122976
123236
123708
123801
124464
124523
124755
124784
124913
124990
125494
125509
125615
127285
127376
127760
127790
128150
128265
128568
128775
128859
129040
129105
129318
129401
129525
130181
130366
130464
130532
130838
131014
131514
131572
131823
132122
132253
132260
132739
133113
133831
133892
134473
134545
134578
134631
135348
135414
135514
135553
135889
136072
136688
137060
137252
137464
137504
137677
137910
137982
138296
138395
138510
138794
139035
139113
140167
140232
140578
140911
141184
141311
141332
141636
141642
141648
141664
141887
143116
143204
143665
144465
144552
144811
145017
145215
145395
145478
145592
145875
146201
146208
147071
147391
147410
147772
147896
147984
148360
149020
149149
149579
149886
149963
150031
151252
151260
152621
152797
152801
152992
153829
153949
154004
154193
154715
154737
155063
155710
156491
156634
157047
158123
158639
159564
160378
160705
160952
160992
161206
161394
162076
162167
162326
162884
163088
163332
163674
163810
163869
163934
164038
165609
165647
165659
165785
166252
166465
166603
166939
167349
167976
168379
168956
169242
169412
170586
170729
171090
171222
171287
171614
171711
171799
171803
172305
172406
172605
173120
173319
173528
173746
174458
174525
174585
174648
174942
175168
175853
176216
176404
176713
176750
176862
177796
177933
178797
179113
179724
179727
179988
180230
180415
180808
181027
181085
181312
181421
181588
182406
182535
182855
183834
183931
183942
184841
184920
186240
186515
186738
186748
186835
186974
187833
187947
188482
188588
189043
189579
189637
190629
191307
191346
191358
191397
191472
191561
191747
191909
191954
192516
192627
193056
193083
193191
193278
193333
193470
193575
193677
193871
193943
195105
195205
195211
195246
195864
195998
196232
196234
196990
197265
197678
197892
198355
198410
199673
199746
199984
200082
200111
200223
200370
200564
201127
201396
202040
202124
202591
202754
203067
203373
203487
203590
203999
204029
204037
204181
204383
204431
204947
205109
205654
205793
205866
206024
206111
206599
206659
207305
207309
207998
208325
208883
209010
209458
209656
209988
210261
210355
210939
211606
213412
213461
213730
214828
215168
215849
216979
217829
217833
218465
219147
219957
220306
220378
220829
221102
221346
221739
221882
221900
222204
222650
222847
223493
223641
224471
224478
224522
224604
225686
225706
226007
226302
226774
226924
227142
227626
227628
228458
228477
228538
228918
229513
229546
229711
230440
230856
231418
231629
231687
231859
233135
233415
233524
234140
234220
235232
235297
235462
235527
235596
236154
236566
237582
238857
238881
239412
239503
239730
239835
239971
240151
240504
240630
240683
241897
241974
242148
242201
242268
242913
242928
243983
244198
244795
244827
245072
245076
245092
247708
247732
247851
248336
248530
249440
249535
249680
249955
249979
250176
250397
250440
250929
250963
251002
251374
251477
251568
252444
252606
252620
253171
253296
253466
253535
253734
254276
254292
254623
254903
255586
255620
255796
255972
256060
256229
256735
257373
257910
258405
258533
258555
258896
259132
259630
259705
259856
259947
261092
261223
261304
261384
262086
262270
262442
262728
262806
263293
263913
263940
264183
264687
264688
265244
265419
265611
265739
266150
266458
266488
266917
267391
267648
267956
268342
268921
269187
269404
269732
270220
270378
270517
270927
272234
272301
272880
273277
273537
273864
274199
274467
274836
274953
275025
275134
275462
275782
275978
276275
277922
278593
278677
279401
279540
279787
280693
280880
280966
281256
282393
283278
284016
284017
284023
284292
284355
285626
286228
286637
286890
286963
287131
287308
287447
288098
288213
288466
288642
288685
288842
289020
289051
289241
289307
289392
289822
290337
290616
291744
292246
292347
292374
292654
292885
292888
293559
293908
293965
293992
294412
294838
295003
295084
295124
295265
295906
296033
296181
296343
296504
296604
296815
297431
298245
298450
298591
298742
298776
299397
299418
299446
299637
300145
300175
300380
300916
301967
302471
302709
302871
303169
303450
303696
304012
304298
304589
305264
305419
305507
306030
306257
306607
307173
307210
307437
307966
308334
308525
308612
308815
308966
308992
309153
309381
309563
309648
309886
310155
310581
310668
310847
310920
311254
311351
312856
313387
313520
313674
313887
314138
314188
314356
314636
314647
314813
315504
315762
316042
316209
316343
316368
317586
317710
318322
318678
319309
319718
319870
319895
320170
321137
321182
321351
321657
322387
322520
322597
322922
323046
323333
323479
323804
324062
324352
324385
324441
324605
325245
325309
325450
326208
326598
326629
326781
327015
327025
327133
327452
327802
327874
327975
327984
327997
328183
328351
328376
328952
329014
329426
330084
330406
331498
332610
332795
333036
333415
333423
333674
334438
334544
334919
335097
335334
335544
335688
335716
335918
336097
336312
336514
336730
336873
337309
337592
337607
337743
337814
337921
338762
339011
339051
339428
339445
339675
339713
339885
340149
340311
341253
341501
341628
342442
342654
342688
343015
343202
343312
343754
344106
344483
344751
344791
344970
345108
345337
345780
346406
346427
346475
346950
347220
347476
347496
347715
348094
348100
348948
349622
349732
350143
350390
350725
350768
350923
350965
351455
351763
351920
352108
352539
352623
353047
353107
353744
353824
353937
355203
355387
355812
355825
355838
356178
356448
357500
357731
358021
358181
359007
359121
361090
362274
362412
362673
362768
363045
363093
363412
363690
363733
364206
364367
364676
364804
365367
365989
366177
366241
366803
366910
366974
367212
368080
368456
368496
368517
369567
369654
369924
370988
371397
371498
372351
372572
372638
373006
373230
373699
373929
375021
375387
375542
375618
375936
376043
376219
376431
376468
376597
376658
377242
377365
377445
377599
377790
378542
378563
378893
379890
380054
380569
380689
380828
381310
381774
381797
381808
382117
382427
382947
383172
383964
385298
385538
385630
386199
386890
387181
387325
387373
387459
387532
387680
387862
388097
388222
388275
388392
388999
389207
389285
389725
389821
389823
390199
390756
392476
392706
393261
393334
393462
393981
394148
394541
394646
394741
395023
395532
395817
396933
397187
397289
397621
397673
398274
398839
399356
399468
399682
400662
400722
400788
400880
401512
401848
402484
402886
403177
403181
403184
403388
403445
404019
404347
404358
405072
405919
406484
406534
406750
407134
407141
407955
408071
408382
409096
409352
409690
410397
410856
410982
411452
412127
412503
412572
413547
413554
414017
414076
414327
414692
415088
415447
416537
416657
416684
416890
416959
418335
418808
418986
419033
419058
419307
419439
419473
419979
419983
420016
420269
420800
420953
420958
421033
421137
422349
422405
422778
422871
423302
423518
423574
424345
424857
424865
425149
425686
426341
426511
426807
427096
427250
427809
428651
428978
429530
429537
429595
429748
430159
430391
430438
430802
431120
431142
431547
432122
432305
432995
433003
433119
433562
433622
435521
436333
436954
437351
437949
437974
438131
438169
438454
439087
439312
439714
440514
441047
441177
441225
441344
441660
442885
444143
444540
445207
445481
446043
446118
446172
446535
446878
447204
447317
447321
447981
448585
448590
449233
449358
449529
449596
449925
450524
450548
450623
450648
450658
450950
451082
451364
451669
451717
451794
451897
452726
453036
453193
453207
453834
454013
454059
454083
454219
454530
454794
455312
455458
456775
457077
457399
457865
458098
458268
458746
458921
459305
459432
459515
459736
460228
460550
460955
461324
461571
461611
462039
462048
462132
462697
462819
463253
463350
463550
464167
464208
464321
464331
464787
464835
465110
465127
465145
465147
465370
465771
465877
466184
466723
467594
467695
467975
468426
468467
468493
468837
469049
469360
469619
470004
470144
470564
470752
471543
471775
471799
471841
471923
473077
473831
473942
474302
474401
475157
475440
475467
476097
476652
478112
478530
478853
479753
480373
480708
480899
481388
481954
482352
482512
482699
482740
482827
483143
483161
483502
483545
483767
484073
484135
484351
484505
484507
484792
484935
484939
485052
485938
486102
486127
486268
486524
487104
487123
487704
488635
489543
489768
489854
489993
490114
490737
490755
491256
491395
491744
492488
492768
493373
493937
493984
494444
495076
495325
496573
496665
496856
497131
497579
497622
497651
497674
497696
497711
497772
498022
498326
498489
498495
498529
500109
500566
500652
500915
501111
501187
501191
501835
502397
502556
502604
502622
502923
502999
503496
503579
503898
504317
505468
505602
506019
506588
507197
507317
507622
509007
510208
510303
510597
510973
511013
511024
511653
511792
512147
512340
512483
513029
513202
514044
514476
514478
514562
515129
515329
515602
515710
516464
516505
517157
517415
517784
518130
518556
518800
518843
518911
519059
519887
520331
520491
520752
521746
521837
521885
521912
521982
522140
522726
522876
522905
523273
523517
523586
523672
523818
523822
524084
524222
524542
524777
525249
525481
526886
526900
526941
526964
526976
527088
527437
527590
528008
528700
528716
528757
528869
529783
529795
530055
530805
530862
531053
533000
533584
533789
533921
534447
535159
535838
535929
536074
536870
537145
537170
537872
538133
538235
538955
539054
539294
539301
539410
539446
539488
539533
539595
539813
540071
540226
540247
540268
540788
540810
541417
541689
541815
542281
542461
542929
543323
543558
543683
543877
544149
544203
544281
544950
545604
545865
545869
545914
545944
545984
546453
546750
547151
547162
547482
548345
548581
548729
550155
550293
550387
550799
550893
551446
551617
551846
552282
552555
552846
552972
553151
554234
554519
554667
555714
555753
556062
556301
556481
557170
557390
557408
557428
557579
557636
557871
558182
558641
558934
559082
560047
560180
561007
561159
561468
561615
561860
562198
562434
563386
563483
563734
563799
563868
564060
564220
564686
565124
565260
565366
565526
566034
566090
566403
566531
566577
567224
567441
567649
568454
568859
569912
570060
570069
570458
570691
571211
571753
571913
572139
572651
572690
572850
573259
573355
573477
573521
574109
574409
574456
574634
574696
574979
575287
575459
575782
575826
576301
576380
576981
577134
578365
579132
579353
579539
580132
580256
580829
580987
581042
581812
582047
582735
583156
583460
584447
585130
585247
585939
586206
586288
586840
587069
587093
587662
588320
589124
589209
589322
589776
590487
591465
591864
592510
592647
593085
594027
594142
594278
594286
594535
594866
595081
595139
595305
595399
596052
596217
597071
597149
597247
598262
598520
599061
599725
600064
600173
600365
600388
600407
600607
600652
600659
601578
601588
601640
601654
601900
602111
602580
602814
602997
603066
603301
603391
604772
605207
605261
605319
605492
605763
606450
606739
606915
606922
607089
607784
607833
609104
609205
609224
609257
609861
611740
612528
612824
612915
613452
615217
615243
615725
615774
616557
616689
616767
616924
617436
617993
618391
618438
618788
619880
620532
621175
621358
622174
622371
622767
623313
623370
623440
623495
624828
625131
625483
625753
626395
634043
634638
636458
640694
645215
648052
654290
655970
655983
656513
657706
657916
657959
659362
660059
662120
662295
662370
665395
665787
668724
669327
673209
674700
675569
681522
681537
682525
684785
686041
686919
687119
691644
695135
696047
696493
697152
703679
704970
705196
705461
707701
711253
711308
711515
711980
712477
713479
716095
716317
716325
717565
717621
723615
723771
724438
725052
726943
728485
729279
731835
731934
733909
734639
734723
734911
736264
737702
738639
738694
738892
739860
740709
741466
741484
741709
742006
742796
743412
743419
744741
747446
747908
748021
748250
749246
749307
751640
752568
752577
752912
754934
755143
756204
756311
756582
756895
757740
757924
759265
761559
763217
764005
764017
765780
768034
768326
769130
769354
770357
771204
771232
772456
773124
773331
773826
776007
776250
777319
777555
778462
779533
779732
780125
787610
787826
788170
789070
789110
789545
790704
794248
794594
794611
794818
798706
798943
801580
803252
803745
804528
807828
807970
808422
808622
808787
808804
808909
810351
814129
814206
814744
815181
815942
817898
818839
819320
819522
819603
819859
820248
821662
822198
822437
823513
824083
825168
825378
826897
827410
828400
828612
830062
830308
830534
830708
832102
832718
833102
834357
835363
836316
836821
836943
837740
838612
839184
839435
839577
839870
840115
841816
842057
842941
844279
845601
845965
846301
847660
847693
848540
849076
850287
854407
860385
863448
863705
864160
864534
864748
865871
866385
867699
868830
869078
869865
870293
871314
871822
872953
873063
873712
874128
874734
875023
875200
875601
875750
875771
876038
876389
876615
876768
877179
877676
878173
878592
879166
879388
879452
880018
880102
880445
880558
881192
881238
881500
881579
881735
881754
881978
884245
884807
885531
885538
885634
885674
886368
886899
886924
887975
888449
888764
889070
889462
889954
889959
890216
890399
891560
893132
894249
895023
895812
896272
896367
896485
897079
897112
897154
897326
897914
898005
898398
898484
898488
898639
898933
899574
899788
899914
899949
901011
901480
901879
902546
903230
903429
904034
904661
904772
904975
905482
905873
906775
907465
907616
907996
908076
908504
908982
909658
909799
910897
911241
911475
911887
911967
912315
912470
912949
914109
914699
915181
915686
916865
917561
917858
918260
921598
922589
922746
922899
923782
923784
923982
924447
925187
929267
930665
931146
931432
932374
932650
932988
933050
933161
934189
935878
937696
938182
938188
938243
938584
941075
941598
942254
942270
943036
943482
944957
945174
945563
947310
948870
949250
949334
949568
949782
950274
950589
950781
951012
951420
951994
953133
953681
953696
953733
954028
954109
954307
954984
955102
955120
956341
957354
957393
957469
957813
958171
958408
958765
958821
958863
959350
959573
959654
961140
961949
962202
963067
963615
964075
964806
964899
964919
965172
965178
965330
965417
965637
965780
965907
966233
967128
968700
970748
970916
971686
971894
972539
972627
973272
973633
973987
974216
975449
975853
976383
978617
979705
981076
981322
981371
983577
984247
984661
984812
985407
985441
985590
986410
986779
987792
988331
988472
988614
988692
989525
989745
990490
991720
992699
995076
995860
996211
998545
998627
998827
999728
999970
1000180
1000230
1001274
1003499
1003668
1004644
1005793
1005938
1006301
1006775
1007022
1007975
1008413
1008562
1008663
1008762
1009849
1011466
1012296
1014685
1014944
1015214
1015669
1015768
1016985
1017324
1017395
1018623
1018724
1019603
1020488
1020524
1020856
1021023
1021208
1021628
1022090
1022740
1023310
1023942
1024511
1025362
1025791
1026225
1026838
1027646
1027704
1028259
1028864
1029264
1029987
1030310
1030880
1030971
1031090
1031126
1031992
1032078
1032311
1034094
1034684
1034783
1035023
1035563
1036212
1036452
1036553
1037370
1037482
1037646
1037693
1037716
1039029
1039138
1039249
1039288
1039589
1039954
1040391
1042285
1042524
1042827
1043027
1044423
1044582
1044893
1045120
1045493
1045581
1045791
1046018
1046200
1046322
1047905
1047955
1047997
1048011
1048196
1049071
1049074
1049835
1049900
1050259
1050864
1051361
1052000
1052089
1052726
1052919
1053227
1053469
1053489
1054006
1054312
1054435
1054709
1055920
1055988
1056258
1056600
1056892
1057511
1058036
1058591
1059504
1059661
1059665
1059920
1060608
1061637
1062112
1062852
1063037
1063543
1063883
1064726
1064854
1065001
1065332
1065591
1066253
1066625
1066981
1067478
1068315
1068484
1069144
1072489
1072676
1074210
1075258
1076336
1076634
1078868
1080102
1080244
1080578
1082751
1082933
1084492
1084815
1086014
1088150
1088671
1088894
1089409
1090258
1090818
1090866
1090991
1091502
1092210
1092742
1092861
1093004
1093043
1093208
1095220
1095268
1095891
1097340
1097861
1098455
1098547
1098836
1099020
1099079
1099219
1099347
1099507
1099947
1101017
1101226
1102967
1103089
1103163
1103450
1104563
1105448
1105926
1106191
1106966
1107926
1108055
1109186
1109301
1110175
1110941
1112194
1112722
1113856
1115729
1115939
1120037
1121094
1121384
1121824
1122030
1122125
1124305
1135670
1149491
1149848
1150294
1151059
1151882
1152667
1152822
1153136
1153149
1153214
1158085
1158336
1159078
1159100
1159102
1159705
1160216
1160568
1160879
1161081
1161766
1161938
1162193
1162320
1163180
1163442
1163690
1163691
1163724
1163901
1164112
1164116
1164320
1165600
1166148
1166433
1166534
1166865
1166868
1167164
1167988
1168051
1168652
1168767
1169281
1169666
1171370
1171591
1172049
1172598
1172616
1173294
1173969
1176487
1176580
1177060
1177312
1177872
1178332
1178435
1178525
1179263
1180356
1180366
1180636
1180756
1182202
1184199
1185433
1186493
1190088
1191737
1192664
1192820
1193320
1193606
1193925
1195165
1195266
1196227
1196398
1196697
1197639
1197850
1197856
1197957
1198308
1198352
1198602
1198647
1199522
1199558
1201065
1201085
1202494
1202555
1203711
1204040
1204127
1204131
1204318
1205093
1205586
1206265
1206301
1207721
1207885
1208199
1208292
1208935
1210145
1211373
1212318
1215448
1215832
1215974
1216276
1216935
1217183
1217916
1218364
1218394
1218747
1218881
1221464
1221607
1221907
1223164
1225265
1225948
1226798
1228206
1229202
1229524
1231887
1232057
1232187
1232470
1233160
1234287
1234306
1234341
1234764
1235236
1235670
1235780
1235897
1235962
1236406
1236516
1236675
1236845
1237545
1237605
1237802
1238217
1238732
1239050
1239428
1239872
1240314
1241233
1241399
1241798
1241833
1244541
1245019
1246442
1246576
1246579
