100128
100351
100977
101105
101205
101234
101392
102086
102543
102917
103286
103904
104293
104518
104626
104713
105351
105498
105649
105919
106129
106591
107030
108063
108101
108168
108526
108805
108938
109363
109498
109665
109978
110899
111665
111670
111906
111939
111958
112006
112041
112044
112511
112956
112979
113032
113036
113566
113725
113794
113797
113875
114658
114666
114730
114989
115022
115438
115526
115588
115787
117249
118234
118414
118478
118554
119307
119510
120286
120461
120992
121128
121192
121576
121660
122130
122243
122824
122918
123499
123777
123801
123948
123949
124069
124397
124464
124681
124784
124913
125348
125579
126059
126426
126566
126930
127376
127790
127960
128265
129525
129954
130019
130030
130181
130532
130555
130764
131014
131148
131348
131494
131823
132045
132082
132571
132622
132640
132739
133892
134585
134631
135083
135414
136254
137163
137581
137806
137982
138255
138395
139038
139113
139363
140183
140555
140566
140919
141181
141207
141234
141377
141443
141642
141778
141887
142372
142418
142659
142694
143668
143826
144811
145017
145073
145147
145215
145467
145823
146208
146481
146540
146720
146803
147391
147410
147431
148122
148360
148461
148601
148813
149020
149249
149350
149806
149886
150043
150065
150817
151353
151645
151702
152715
152735
152797
152801
152824
152992
152995
153041
153779
153850
153900
153963
154248
154289
154300
154544
155075
155710
156096
156121
156268
156366
156370
156634
156705
156715
157047
157267
157287
157310
157737
158032
158671
159082
159183
159880
160010
160378
160952
161058
161415
161742
161861
162055
162144
162567
162964
163264
163315
163332
164225
164330
164508
164525
164590
165229
165402
165785
166603
166799
167870
168201
168364
168584
168983
169242
169564
170884
171002
172086
172560
172679
172821
172869
174115
174525
175866
175868
176003
176750
176862
176911
177045
177318
177373
177469
177933
178451
178797
179576
179604
179608
179724
180171
180223
180230
180493
180826
180952
180990
181027
181312
181392
181548
181935
181964
182463
182535
183182
183912
184045
184070
184389
184838
184841
185126
185156
185215
185265
185798
186748
187121
187465
187833
187947
188040
188309
188551
188558
188588
188629
189016
189043
189194
189328
189419
189535
189637
189769
190174
191307
191747
191909
192028
192516
192647
192763
192950
193056
193360
193469
193677
193871
193943
194411
194430
194691
195024
195200
195749
195808
195866
196232
197415
197625
197718
197808
198270
198355
198674
198862
199285
199647
199673
199769
199911
199933
200047
200082
200366
200564
200658
200887
201130
201608
201921
202124
202157
202386
202475
202754
203487
203898
204013
204017
204208
204400
204431
204764
204849
205109
205654
205683
206106
206111
206426
206960
207233
207287
208423
208473
208744
208804
209276
209564
209608
209988
210060
210484
211111
211149
211388
211458
213412
213563
214775
215374
215614
215791
215849
215998
216064
216127
216347
216530
216808
216828
217160
217182
218865
219778
220023
220278
220306
220364
220829
220933
222403
223052
223109
223493
223993
224306
224471
224478
224522
224869
225160
225349
225811
225855
227142
227159
227452
227626
227723
228267
228538
228704
228856
229546
229711
229735
230980
231331
231687
231859
231879
231893
232029
232159
233592
234116
234547
235462
235596
235708
235783
236154
236758
237181
237374
237491
238112
238857
238881
239081
239186
239503
239835
240151
240616
240646
240833
241191
241533
241558
241891
242000
242694
242718
242913
242971
243047
243279
244000
244024
244101
244198
244550
245144
245814
245980
246299
246384
246590
247218
247304
247624
247735
247754
247851
247976
249024
249382
249715
249823
249865
250022
250163
250204
251036
251477
251568
251654
251965
252664
252901
252909
253062
253171
253466
253749
253766
253934
253974
254469
254538
254661
254830
254903
255586
255686
256174
256229
256735
256962
258366
258523
258581
258658
258896
259756
259766
259881
260419
260525
261090
261304
261360
261384
261850
262086
262270
262806
263245
263361
263652
263913
264688
264832
265084
265487
265630
265981
266020
266150
266488
266768
266917
267463
267798
268342
268782
269187
269413
269417
269558
269603
269732
270174
270220
270370
270415
270446
270517
270927
270966
271035
271256
272068
272097
272123
272234
272307
273644
273864
274199
274204
274212
274467
274721
274742
274953
275401
275425
275596
275684
276275
276600
276667
276878
276989
277313
277744
278166
278323
278593
278677
278763
278869
279499
280693
280792
280868
280880
280890
280994
281256
281360
281646
281890
281956
281988
282396
282533
282641
282802
283502
283918
284549
284560
284980
285626
285803
286173
286215
286321
286372
286476
286554
287042
287131
287136
287308
287663
287682
288051
288213
288466
288517
288704
289065
289104
289106
289241
289307
290337
290616
291165
291218
291261
291317
291344
291553
291564
291752
291899
292885
293834
293839
293943
293965
293992
294156
294412
294841
294969
295084
295086
295397
296501
296604
296815
297113
297436
297467
297988
298245
298450
298594
298742
299386
299397
299417
299418
299505
299971
300136
300145
300175
300297
300380
300614
302471
302709
303309
303479
303546
303602
303696
303801
303808
304012
304052
304344
304391
305006
305516
305678
306030
306042
306100
306257
306474
306638
307210
307536
307631
308900
308992
309153
309563
309792
310155
310170
310313
310380
310581
310668
310847
311282
311731
312170
312601
312821
312877
313393
313439
313472
313509
313674
313685
313731
313887
314138
314184
314188
314356
314647
315049
315186
315504
315575
316368
317586
317644
317870
318236
318265
318322
318678
318920
319006
320242
320316
320498
320560
320791
320839
320841
320910
321180
321672
322207
322520
322552
322977
323031
323034
323540
323690
324104
324352
324385
324403
324605
324726
324901
325239
325265
325354
325357
325831
325984
326190
326276
326483
326664
326767
326961
327351
327358
327452
327610
327861
328102
328202
328326
328640
328876
328990
329014
329057
329075
329950
330279
331214
331273
331420
331859
332078
332083
332432
332635
332665
332788
332850
333067
333147
333183
333577
333674
333899
333924
334185
334775
335334
335544
335550
335685
336107
336247
336381
336730
336921
337424
337630
337840
338042
338085
338491
338762
339159
339428
339445
339524
340253
341006
341166
341270
341341
341866
341894
342546
343015
343312
343449
343805
343869
344329
344630
344884
345616
345624
345660
345803
346106
346333
346343
346406
347067
347476
347516
347715
347947
348094
348100
348948
349164
349220
349360
349380
349478
349622
350143
350390
350965
350969
351253
351455
351686
351712
351726
351763
352108
352539
352928
352980
352993
353385
353509
353681
353744
353820
354393
355203
355831
355838
355848
355942
356945
357620
357629
357957
358338
358497
359007
359042
359121
359909
361281
361488
361791
361859
362058
362310
362743
362768
363045
363093
363564
363873
363996
364206
364367
364804
364850
364948
365174
365265
365792
365900
366096
366567
366803
366919
366974
366986
367153
367405
367710
367948
368080
368496
369391
369654
369769
369932
370111
370216
370278
371498
371928
372212
372811
372970
373743
373931
374468
374847
375021
375104
375108
375197
375338
376043
376300
376596
376847
377028
377365
377414
377445
377479
377599
377750
378008
378412
378893
379133
379306
379359
379448
379466
379576
380236
380515
380539
380689
380828
380881
381013
381252
381310
381668
381698
381774
381808
381832
381915
382117
382526
382985
383437
383464
383912
384261
385264
385319
385713
386149
386376
386748
387239
387532
387643
387862
388392
388799
389285
390051
390199
390234
390756
390982
391437
391557
392424
392795
392833
392932
392937
393261
393334
393462
393980
394148
394811
395023
396036
396508
397131
397874
398935
399352
399468
399542
399611
399983
400208
400722
400788
400880
401087
401190
401287
401551
401971
402148
402886
403177
403181
403445
403598
403759
404019
404122
404236
404757
405439
405901
405997
406037
406056
406155
406221
406478
406484
407030
407118
407134
407141
407182
407237
407307
407638
407955
408044
408547
408799
408811
409352
409443
409846
409986
410428
410433
410856
411679
411787
411901
412311
412414
412932
413192
413278
413867
414036
414104
414151
414193
415088
415331
416080
416959
418126
418229
418251
418381
418451
418585
418747
419033
419062
419136
419307
419470
419594
419983
420839
420841
420842
420953
421586
421796
422118
422497
422871
422901
422933
423302
423459
423518
423574
423653
423842
424321
424597
424638
424857
424865
425686
425883
425954
426563
426731
427086
427096
427250
427382
427408
427464
427936
428148
428202
428418
428462
428651
428661
429092
429537
430159
430438
431811
432305
432312
433174
433838
434197
434234
434667
435229
435521
435684
435869
436778
437421
437689
438718
438754
439041
439081
440604
440924
440971
441047
441739
442103
442238
442439
443258
443262
443377
444175
444403
444678
444776
444954
445147
445207
445481
445614
446002
446438
446694
446979
447220
447321
447717
448359
448585
448590
449105
449176
449488
449703
449890
450205
450524
451082
451363
451545
451669
451685
451717
452320
453529
453797
453918
454059
454161
454219
454416
454796
455039
455312
455505
456059
456219
456332
456538
456892
457077
457251
457287
457818
458098
458163
458291
458549
458615
458692
458746
458798
459248
459345
459432
459451
459950
460099
460228
460304
460746
460884
460889
460915
461611
462101
462214
462697
462727
463016
463253
463488
463550
464167
464217
464331
464605
464835
464868
465308
465370
466095
466145
466451
466493
466898
467695
468022
468192
468259
468355
468426
468467
468493
468661
468745
468749
468837
468996
469254
469724
470042
470065
470752
470757
471524
471628
471775
471841
472019
472209
472493
472871
472947
472951
473077
473698
473831
473942
474006
474027
474401
474414
475157
475440
475454
475545
475601
475637
476132
476443
476702
476951
477413
477520
477692
477785
477997
478456
478484
478604
479474
479910
480136
480366
480373
480899
481171
482313
482895
482965
483490
483533
483545
483791
483857
484135
484351
484505
484507
484914
485025
485312
485384
485495
485938
486163
486197
486237
486268
486524
488496
488823
489055
489263
489665
490112
490190
490492
490551
491256
491744
492488
492536
493029
493366
493372
493464
493937
493984
494554
495325
495376
495929
495931
496148
496456
496856
496894
497651
497764
497772
497798
498334
498529
498969
499532
499734
500190
500694
500716
501883
502104
502397
502556
502974
503081
503126
503953
504317
504538
504769
505184
505338
505602
505613
505693
505801
505917
505941
505960
506972
507197
507317
507622
507639
507835
508067
508075
509218
509420
509574
509835
510144
510225
510622
510627
510669
511024
511757
511792
512147
513774
514478
514660
515047
515368
515602
515638
516407
516505
517083
517397
517461
517640
517682
517916
518759
518800
518808
518902
519261
519306
519327
519452
519469
519482
519718
519885
520014
520394
520491
521075
521291
521549
521598
521724
521837
522574
522769
523346
523545
523818
523822
524220
524222
525748
526088
526488
526693
526976
527600
527677
527838
527840
528601
528700
528716
528718
528757
528821
528917
529296
529602
529805
529874
529904
530008
530944
531634
533162
533646
533921
534548
534904
535413
535518
535736
535916
535929
536074
536334
536398
536722
537145
537159
537170
537742
537872
538098
538133
538955
539508
539611
539813
540146
540157
540247
540559
540798
541286
541390
541417
541470
541799
542084
542397
542513
543214
543354
543430
543514
543563
543699
544090
544222
544445
544927
545209
545590
545865
545910
545944
546256
546403
546453
546628
546634
546706
546750
546904
546986
547031
547214
547651
547712
548063
548128
548581
548624
548690
549038
549049
549209
549238
549634
549728
550799
550874
550893
551457
551540
551617
551846
551892
551934
552027
552824
552972
553151
554234
555398
555714
555793
555806
555942
556859
557011
557270
557428
557636
557871
558182
558424
558639
558641
558887
558934
558972
559042
559391
559419
559547
559604
559661
560291
560324
560369
560373
560901
561064
561282
561525
561615
561989
562434
563386
563531
563834
563837
563868
563889
563904
564430
564535
565124
565480
565546
565802
566639
567280
567311
567321
567455
567637
568132
568735
568859
568886
569093
569977
570060
570223
570446
570894
570925
571191
571913
572139
572285
573259
573766
573781
573956
574409
574537
574821
574941
575229
575459
575523
575732
575890
576233
576237
576285
576372
576712
576867
576975
576981
577870
578038
578253
579132
579239
579539
579893
580006
580094
580256
580277
580773
580829
581464
581812
582375
582906
584185
584986
585369
586193
586977
587069
587488
587703
587715
587925
588268
588423
588498
588604
589066
589776
589952
591423
591465
591704
592001
592296
592510
592545
593447
593782
594022
594027
594063
594114
594237
594866
595081
595248
595863
596052
596199
596217
596228
596356
596414
596510
596619
597180
597464
597497
598156
598439
598679
598989
599466
599670
600143
600263
600388
600449
600539
600652
601588
602174
602293
602580
602649
602814
602830
603130
603214
603301
603391
603738
604098
604350
604451
604625
604653
605153
605261
605286
605319
605811
605844
606267
606283
606446
606450
606898
607168
607312
607501
607678
607784
607833
608854
609085
609151
609205
609478
609582
609958
610196
610441
610472
610511
610798
610976
612288
612824
613711
613804
614745
615217
615263
615570
616142
616551
616565
616635
616689
616767
616924
617111
617567
618012
618391
619193
619437
619463
619562
619649
620000
620005
620095
620532
621006
621048
621200
621246
621444
622027
622143
622174
622269
622439
622586
623127
623364
623440
623497
623860
624033
624174
624728
625131
625376
625377
625483
625643
625648
626070
626162
626163
626305
626547
628679
628695
628778
634000
634282
635753
639570
640694
642745
644899
648052
655399
655781
657959
658355
659176
663499
665373
665897
667663
668032
668785
671210
674222
674245
674326
675569
683240
684546
684785
685231
685619
686919
687176
687512
689996
691936
695231
696047
696497
698499
698889
699324
703493
703617
704043
704970
705461
706270
709021
712583
714312
714679
714708
714833
715193
716325
717186
717268
717621
718379
720705
721374
721421
721553
723771
724230
725674
727526
729550
730728
731874
732484
733680
734723
734911
735292
737667
738639
739109
739719
739860
739929
740042
741223
742006
742338
742518
743412
744146
744741
746930
747446
747709
748989
749038
749414
749645
750189
750718
751640
752568
752577
752912
752960
753456
753583
755363
756073
756856
757332
757860
758197
759265
759495
759628
759850
760359
761018
761035
762010
763212
764487
764636
764703
765564
766639
767344
767578
767723
768034
771204
771232
771728
773026
773493
776007
776247
777457
778466
778698
779533
779630
779784
779989
780196
780709
781190
783477
783679
786084
787610
787614
788170
789110
789733
790557
790704
793038
793957
794248
794675
795799
797258
797398
797943
798943
799798
803600
804222
804528
805158
805164
806597
807093
807386
808622
808909
810351
812820
815145
815181
817595
818643
819320
819522
819859
821001
821047
822198
822596
823514
824367
825168
825311
825755
826525
828021
828469
828509
828865
829955
830308
830708
831241
832102
832853
833102
835363
835606
836316
836821
837799
838066
838190
838612
839662
840115
842057
842941
843326
843549
844535
845834
845932
846545
847660
849063
849812
862656
862785
863640
864313
864345
864748
864992
865256
865658
865852
865871
866133
866385
866805
867553
867699
867960
868266
868337
868830
869631
869865
870316
870976
871331
871596
871701
871822
873343
874051
874415
874722
875501
875947
876615
876659
876768
877064
877574
877676
878168
878192
879125
879726
880547
880558
880605
880760
880835
880905
881244
881500
881686
881754
881847
882170
882864
883193
883223
883326
883531
883606
883667
884542
884582
884749
885448
885828
885940
886050
886368
886501
886524
887474
887504
887803
888404
888784
888861
889405
890216
890457
891055
891167
891216
891971
892502
892554
892846
893080
893091
894132
894239
894409
894695
895064
895668
895812
896260
896292
896583
896923
897071
897112
897141
897154
898005
898398
898790
899080
899167
899725
899788
899949
900152
901399
901421
901879
903352
903406
903423
903493
903640
904119
904661
904707
904975
905072
905119
905482
905968
906156
906281
907256
907465
908191
908239
908561
909425
909896
910272
910386
910575
910665
911353
911475
911614
911731
911734
912147
912284
913042
913872
913899
913998
915090
915181
915686
916116
916519
918198
918439
919394
920487
922012
922200
922209
922418
922618
923888
923982
924231
926266
926311
926666
927411
927592
929267
930308
931831
931963
932057
932372
934189
934392
937357
937394
937549
937696
937934
938188
938245
939095
942090
942746
943036
943612
943633
946107
946201
946483
946836
947705
948321
948847
949144
950022
950274
950659
950781
951096
951317
952756
953213
953473
953681
953817
955102
955120
955150
955703
956307
956341
956675
956935
957166
957231
957354
957469
957568
957813
958096
958810
959246
959536
960264
961949
962998
963209
963523
963585
963615
964075
964137
964257
964485
964774
964786
965015
965265
965372
965400
965780
965857
966062
966233
966509
967612
968551
970438
970473
971007
971686
971894
971992
972011
972201
972710
972883
972942
974536
975187
975247
976584
976831
977130
977226
978237
978530
978552
978853
979705
979729
980703
980736
981371
981835
983313
983363
983608
984274
984430
984551
984812
985441
985443
985590
985685
985710
986779
987750
987792
988004
988587
988675
988692
988914
989353
989561
990118
990538
991528
991783
992532
992699
993213
994439
994453
994612
994968
995276
995709
995860
996278
996421
997649
998202
998545
998703
999728
1000349
1000572
1000991
1001029
1001170
1001550
1001992
1002608
1005767
1006729
1007022
1007236
1007535
1007975
1008376
1008468
1008663
1009380
1009400
1009439
1011163
1011965
1013030
1013535
1014033
1014295
1014685
1014856
1014944
1014979
1015043
1015057
1015214
1015669
1016172
1016343
1016887
1017324
1018185
1018394
1019250
1019603
1019604
1019942
1020524
1020711
1020856
1021208
1021894
1022740
1023310
1024511
1025017
1026945
1027646
1027715
1028470
1029275
1029318
1029458
1029970
1030458
1030836
1030880
1031992
1032002
1033497
1034093
1034683
1034783
1035023
1035563
1036038
1036067
1036212
1036452
1037533
1037809
1038088
1038805
1039714
1040011
1040323
1040391
1040530
1041551
1041708
1042707
1042827
1043027
1043642
1043742
1044608
1045120
1045705
1045996
1046001
1046103
1046200
1046422
1048123
1048305
1049074
1049197
1050419
1051621
1052503
1053469
1054006
1054186
1054205
1054312
1054525
1054887
1055722
1055889
1056014
1057299
1057307
1057511
1057563
1057759
1057845
1057947
1058254
1058449
1058519
1058591
1058725
1059002
1059661
1059674
1059854
1060916
1062047
1062852
1063143
1063160
1063200
1063950
1064709
1064793
1065028
1065948
1066512
1066548
1066554
1067295
1067487
1068315
1068593
1068613
1070069
1070303
1070528
1071331
1071450
1072489
1073037
1073185
1073239
1073495
1073918
1074312
1074445
1076058
1076330
1078690
1079464
