100715
100882
101652
103316
104311
106442
106845
107536
107724
109078
110569
111800
114078
117461
117978
120178
122953
130260
137637
138455
143739
146149
148673
149358
154529
156003
156305
161827
168949
172457
172822
173576
178316
179122
179210
180580
193058
200628
200739
209038
211152
217456
220201
221606
234535
235302
241262
242637
249736
253914
261867
262502
268238
269795
275145
282961
283553
285334
286184
287925
293261
302588
303182
303666
304895
306568
309149
309554
310821
313330
314494
318114
318998
319952
320828
324435
327491
331746
332928
334092
335616
339697
340857
347996
348456
349385
350405
351599
355592
355952
356107
359683
361328
361353
366154
367316
373317
382160
388248
391490
392865
393298
405080
405113
406490
407077
408037
408070
408695
418232
418716
419573
427662
429671
429896
430985
431374
433359
436727
438369
439351
440211
441471
444381
445219
445789
446165
450717
451572
456150
461473
462236
467772
470524
477469
480079
481113
481450
484956
485828
486113
494628
495380
496594
496602
497481
507119
507552
510326
512350
512805
513037
515936
523421
525242
525441
526524
527626
528960
529492
529710
536854
537265
541950
545785
547295
548681
553907
555882
555991
556676
558271
563152
564238
564353
565670
567863
574776
577041
578619
578813
580438
581043
581927
584815
588525
589169
592368
592916
593864
598769
599293
599353
606704
606928
609387
610554
611006
612375
612644
615790
618413
623846
626955
650011
652084
678188
684803
693193
696577
698237
705311
706051
716465
731766
733453
733528
734827
756427
758819
760633
765420
765773
767398
772088
774114
792719
796188
813707
818420
820317
827055
829307
832733
845000
849340
863491
866455
872971
881860
884273
893725
899017
904638
909387
912110
912919
936719
937404
947757
953867
956580
956686
956992
962765
968286
969405
970623
971139
974768
975696
979326
988747
998975
1009063
1012523
1012796
1017280
1019325
1022103
1022598
1022699
1029623
1030083
1039622
1044697
1058826
1064451
1066878
1071032
1072656
1075171
1085992
1089611
1106348
1107835
1109874
1111386
1113184
1121044
1155422
1165785
1168827
1174346
1174792
1179295
1181387
1188868
1204460
1205694
1210284
1214796
1216823
1220333
1221526
1225140
1225191
1233480
1234017
