104122
104311
105256
106442
106845
107724
110569
111299
111320
111901
114078
115133
117305
117461
122953
124558
128299
129652
129865
132873
133014
134419
135206
136458
138455
140261
143739
144223
145163
145921
147495
148793
149358
150201
152024
153629
154165
155384
156003
156454
157573
157880
158715
159875
165303
168884
170455
171338
172457
175030
177158
178316
178862
179122
179210
179354
183036
183542
185520
187606
187625
188028
188096
190081
190264
192454
193058
193219
193480
195818
201169
201704
205543
207265
207999
211152
213894
215571
218551
219557
222422
223769
224288
225597
228721
229543
231767
232528
232716
235302
236355
236652
238099
240070
240732
241262
243151
249298
252176
252539
259005
261750
263990
266754
268398
271745
272184
274448
275145
276060
276660
282192
282341
284718
285334
285933
286712
286999
288540
290288
290943
293261
293509
293878
296054
296939
296978
302336
303113
303182
303423
305943
307920
309113
310142
310156
310287
313330
314195
314494
315486
315521
316085
317176
317365
319732
320398
320493
321563
321730
323487
323850
324156
325217
325508
326027
327617
327935
329253
329954
333465
338862
339016
339726
340868
340892
341991
342335
342554
344262
345926
346052
348211
348456
348780
349175
349205
350405
351599
355952
356107
357905
358089
358113
358193
359239
360385
361928
366154
367518
369359
370185
370360
371146
371163
371195
371266
371614
373276
375751
376091
376752
376811
377190
378081
378833
381568
382160
383197
383544
384413
386178
386287
387117
388248
388367
391838
393372
395357
397005
397173
397222
399114
400520
402039
402629
403586
404419
405113
405252
406180
406497
407077
408037
411476
411990
414915
415846
416265
417832
419573
421226
422630
423513
427662
430985
431759
431767
433359
436180
436727
436857
438292
438350
438369
439351
442282
443448
444007
444080
448379
449661
450466
450717
451572
453449
456150
458452
459236
460608
461473
462236
463380
463601
464446
465179
466365
467226
467509
469453
473425
473825
474144
474680
475913
477469
479250
480061
480106
480255
481113
481450
481567
482037
482054
484511
484956
485828
486586
486598
486607
489718
489876
490250
490639
491031
495380
495463
495638
495718
495748
495784
496318
496594
496602
496799
496885
498041
498485
499990
500027
500773
501079
504536
506197
508095
508167
510326
512350
512934
513037
513064
513739
516269
517691
522400
523122
523421
525441
526184
527508
527559
527976
529492
529543
530223
532366
534349
535690
536284
536673
536854
537653
538304
540322
541311
541513
542121
542549
546132
548152
548976
551201
553406
555048
555241
555913
555991
556676
557637
559206
560803
562740
563152
564203
564534
566428
566906
567223
567863
568169
571467
572092
572283
573524
573616
574194
576281
577867
579243
580138
581043
581768
581927
583577
584815
585265
585855
586050
587888
588339
588861
592368
592916
593122
595004
595074
595606
595959
597089
598314
598465
600135
600897
601806
602068
607017
608795
610037
612887
613217
613920
614747
614876
615811
616043
616311
618576
618835
621494
622812
623517
627456
632436
638941
659198
659309
675152
684671
691495
699965
700038
701944
705311
713513
716465
717302
731766
733528
734827
735748
739512
740349
741582
743895
748683
751399
756427
758732
761641
764000
766612
773468
774914
777174
778926
779518
792139
796188
799725
810644
813900
817083
818420
820317
823716
825838
825962
827055
831250
832733
833255
835857
838361
849340
863491
866455
866623
868054
869320
870787
871210
872216
872580
872909
872921
872971
873394
875744
880747
881068
881324
882245
882421
883810
884390
886811
889372
892685
893721
896790
897614
898275
899017
901725
906246
911537
914488
914678
919294
921280
925898
930567
930991
935849
938814
939722
939837
942179
943905
944457
945568
949836
953867
953894
956580
956992
957065
961337
963774
963812
963894
964541
964542
968904
970562
971790
975212
975791
978356
978400
979326
980272
984594
998432
1000138
1002380
1008808
1009063
1011380
1012523
1012796
1013011
1013485
1013919
1014134
1014298
1014576
1015386
1015632
1016026
1016068
1016246
1017280
1018465
1019609
1022103
1024846
1034465
1034610
1035736
1036163
1039622
1039853
1042675
1043904
1044348
1044697
1045457
1048120
1048291
1049330
1049504
1050325
1058727
1060604
1062264
1063103
1064451
1064739
1066872
1066878
1067387
1070771
1071032
1071960
1073687
1074128
1074416
1075171
1075582
1077513
1077788
1077913
1081922
1085992
1092851
1094910
1096439
1099716
1101551
1102129
1102739
1107835
