103316
106845
110527
114078
125628
129865
130260
132873
134419
134811
135206
136196
137637
142784
144223
147670
149358
156003
157480
162269
168797
170455
173068
173576
174204
177989
178316
179210
180587
191656
198946
201774
207265
207999
210342
210834
215571
230354
232475
235302
238099
238407
242637
249736
261867
271519
275145
282961
284068
284704
285933
287925
288519
288540
290854
291606
296978
297198
300450
302133
303113
304419
309149
309554
310821
312106
313574
314494
318998
319861
319952
320828
323049
323880
324387
330960
331746
333727
335616
339517
339697
347996
349385
349914
350268
351983
353762
356107
359613
361328
363069
367316
369132
369359
373276
373317
376752
377348
380495
384624
386672
389097
392865
396597
397222
397717
400827
404419
404674
405080
406490
407077
407672
408695
411041
411179
414356
414487
417697
418232
418716
419573
420381
423894
429379
429948
430340
430600
430985
431374
431711
431713
432893
433359
440651
442907
445789
446067
446458
456150
460069
460608
461473
463601
465179
468528
470524
473484
475260
478591
479054
480106
480255
480332
484956
486113
487727
489876
494628
495498
496318
496885
497048
497481
498485
499344
512805
513037
515936
518763
522578
523421
526524
529492
529543
529696
529710
530101
531887
535960
536854
537965
539350
545785
547295
547497
548152
548681
549386
555991
558271
561360
563152
564238
564353
565670
572243
575015
575595
577041
577372
578619
578813
579243
579646
580947
581043
581927
583577
584297
585265
585878
586140
588824
589005
589169
590110
592368
595074
595455
599353
601806
602261
603359
606928
609387
613217
615241
616156
622609
625134
630882
633102
638941
678188
684803
696577
699965
700038
705311
706051
716465
733453
739733
756427
758819
760633
763902
765420
767398
772088
774114
779222
792437
822200
824213
824734
829307
830896
832733
849340
862520
866455
871644
880747
881860
882992
884179
892944
893725
898275
899017
899392
905875
912919
925116
931934
932709
933793
937404
940447
945698
946912
949140
956642
956686
956992
961337
962765
963990
979326
980231
987379
990425
991495
991767
1000882
1009063
1012523
1018026
1018599
1019006
1019059
1022103
1022699
1024398
1025184
1030083
1035736
1039622
1039853
1041558
1042448
1044697
1050325
1058826
1063103
1066878
1067863
1070399
1071032
1072656
1077513
1078605
1085992
1089611
1090463
1106348
1106512
1111386
1121044
1127399
1153203
1155422
1157303
1158650
1170319
1170991
1173035
1180032
1180476
1182305
1183237
1188868
1194046
1197342
1198151
1201555
1204460
1205694
1210284
1214796
1216889
1220333
1233480
