111737
130941
147715
150817
154953
156490
168332
174458
178315
197939
222020
235596
241671
251654
275401
280156
281256
282269
284052
286321
286384
286476
288842
292474
294109
296818
297408
298742
298935
302709
305516
307536
310668
310920
312376
313130
313291
313443
314647
314666
315631
319870
328376
331165
331420
332286
336696
339293
339428
350783
353724
353744
355809
356791
356945
357053
358032
358701
359042
360794
362814
365679
366005
366033
366535
366974
368170
373230
373743
375633
375772
375851
376177
378893
379272
381069
381628
381832
382180
382915
385630
386618
386890
387459
391139
393559
393980
394148
395384
398225
398236
399356
401255
403445
403914
404358
404827
404882
408382
408811
409846
410111
410921
412503
413908
417961
417976
418209
418229
421160
421558
422497
422530
423161
423302
423459
424345
428547
429748
430932
432312
432888
433003
437142
440578
442147
442250
443152
443552
444143
445207
446533
447050
447084
447143
447204
448585
451129
451639
452878
456059
456287
459260
459932
460684
460754
460808
460915
462727
463550
463969
464558
464835
465110
467022
468192
468749
471628
472468
474006
474401
475335
476646
477520
478470
482628
482649
482740
482817
483402
484505
484507
484669
485289
485938
486050
488635
488638
489485
490581
491709
491744
492137
492650
492810
493930
495382
495507
495544
497021
497131
498613
498969
499286
499919
504317
506129
507317
508618
510243
510627
511013
511112
511653
512824
514260
515047
515602
516505
517784
517918
518661
519137
519383
519581
521837
523586
525897
526900
527144
528848
529688
529761
530814
531565
531729
532306
535243
535249
535306
537182
537573
537872
539399
539741
540226
540736
540798
541177
541985
542513
542576
542908
543642
543993
544498
545049
546750
546999
547660
548830
548866
549049
549137
549634
551098
551420
552282
552846
554234
554300
554667
555013
555062
555653
556062
556689
557034
557636
557931
558004
558255
558424
558639
558641
559399
559419
559504
559661
560139
560380
560724
560820
561280
561468
561724
562698
563483
563916
564071
564110
564995
568039
570060
573126
573753
574941
574988
575050
575557
575827
576241
576608
576975
577768
578147
578150
578192
578715
580533
580665
581051
582201
582381
582545
582842
583156
583933
584174
584471
585524
586117
586193
587093
587703
588412
591620
591832
592647
592984
593782
594310
594551
594957
595043
595172
596154
596222
597370
597710
598394
598679
599919
600064
600365
600407
601148
601965
602293
602580
602649
603093
603156
606290
606762
606879
607223
607312
607593
607833
608233
609205
609319
609712
609743
611957
611967
612518
612824
613452
613642
614173
614220
614286
614557
615076
615164
615774
616170
616355
618634
619463
620486
620744
622143
624519
624828
624871
625131
625376
625577
625637
625643
626162
626163
626343
626395
626543
667914
674374
676950
679482
684877
686919
687176
688328
688849
691435
691791
693519
697228
698429
698499
700437
702148
702529
704043
704816
708824
714679
715453
716095
716317
716646
717833
719359
731874
734173
734911
737724
739860
739929
740042
740735
741769
742338
743388
744951
745446
745909
746495
747029
748021
749217
750245
751571
753107
754789
755092
756804
756866
758771
759265
759742
761107
761236
761442
762727
767578
772616
776007
776030
776250
777643
778493
778982
779569
779663
783994
794535
795345
815145
826694
827072
828173
828730
830062
830180
832718
832912
835256
838066
839184
841590
841657
845601
845932
848970
860385
863192
863452
864534
865871
866079
866785
866805
867654
868830
869888
870293
870803
870976
871314
872222
872454
873625
875601
876659
877227
878063
878894
879522
879598
880070
880102
881614
881911
881978
883978
886366
887504
888449
888898
889070
889564
890028
890147
890387
890399
891055
892959
893116
893132
894344
895405
895588
895812
896797
897112
897762
898790
899711
899949
901342
901399
901900
902337
902830
902966
903640
904633
905016
905482
906151
906287
907374
907522
907866
907894
910334
911665
916148
916300
917482
917561
917773
920128
920333
922200
926125
926153
929495
932374
933342
933681
935624
936466
937394
939408
939545
945414
948892
949466
949568
950091
950519
950781
950786
950817
950885
953681
954984
955263
956184
957354
957813
957917
958036
959383
959903
961140
961444
961949
963737
964485
964536
964915
965637
965907
966582
967786
968493
968700
969099
970021
970153
970375
970580
970798
970914
971686
972165
972627
972656
972937
973649
973691
974417
977640
978488
979705
980703
981322
982129
982164
982344
983432
983635
984672
984812
985590
987750
988859
990538
991720
991765
992218
992699
993844
995709
996186
996278
996790
997085
997149
998999
999010
999326
1000503
1001996
1003407
1003498
1003499
1003518
1004718
1004943
1005523
1005776
1005793
1006214
1006960
1007022
1007158
1008376
1008663
1009010
1009123
1014685
1014979
1015022
1015043
1015145
1015669
1017581
1018245
1018851
1020428
1020488
1020976
1021380
1022283
1022346
1025285
1027646
1027696
1027783
1028470
1028864
1029318
1029634
1029676
1029767
1029886
1030391
1031060
1032078
1034599
1034683
1035023
1035268
1035774
1037190
1037482
1037646
1037809
1039101
1039138
1040323
1041531
1042614
1043083
1043104
1044363
1044423
1044793
1046200
1046279
1046906
1047955
1049835
1050031
1050419
1050999
1051070
1051361
1051734
1052074
1052397
1052503
1053328
1053405
1053853
1054295
1054525
1054887
1055069
1055101
1055143
1055196
1056070
1057667
1058036
1059954
1060821
1061200
1061637
1061879
1062047
1062852
1062858
1063728
1064192
1066192
1066649
1066859
1067295
1067480
1067573
1067713
1068195
1068268
1068889
1068923
1069295
1070303
1070408
1070412
1070572
1071008
1071450
1071491
1072631
1073032
1073539
1073818
1075836
1077089
1077588
1080510
1080578
1082539
1084345
1084524
1084846
1085236
1085887
1086698
1087105
1088306
1089775
1089901
1090057
1092742
1093847
1097740
1097825
1097881
1099947
1100051
1100632
1101317
1102873
1103098
1104105
1104744
1105168
1105632
1106081
1106200
1106273
1106461
1106790
1108055
1108114
1108193
1108350
1108477
1109096
1109301
1109533
1109653
1110423
1110811
1110941
1111362
1111436
1111778
1112194
1112777
1113680
1115988
1116587
1117132
1117552
1120037
1121072
1121094
1122125
1123580
1124706
1134150
1138473
1139357
1140364
1146647
1149164
1149581
1150209
1150453
1151413
1151977
1152207
1152864
1153387
1153425
1157017
1157557
1157926
1158085
1158305
1158336
1158450
1158947
1159082
1159127
1160568
1160772
1161081
1161290
1162156
1163180
1163442
1164182
1164196
1164265
1164323
1164724
1166138
1166148
1166395
1166672
1166747
1166865
1168259
1168320
1168334
1168900
1169210
1169349
1170419
1170526
1170775
1171871
1172598
1172790
1172837
1172843
1173099
1173669
1173969
1174350
1174871
1176997
1177002
1177042
1177347
1177442
1178029
1178332
1179263
1179385
1179845
1180497
1180978
1183358
1184015
1184678
1185896
1187402
1187723
1188579
1189171
1189420
1190921
1191106
1191161
1191417
1193377
1193718
1193879
1194832
1196629
1196697
1198445
1198475
1199905
1201683
1201800
1202496
1202706
1202909
1202965
1203263
1203510
1204480
1205188
1205586
1208292
1209189
1212353
1214239
1214331
1214496
1215038
1215448
1215924
1216762
1218083
1218364
1218664
1221274
1224008
1227762
1228130
1228206
1232187
1232568
1232832
1235638
1236516
