100202
100784
101105
101185
101234
101532
101656
101682
101749
101763
102136
102796
103019
103371
103814
103922
104293
104345
104626
105047
105149
105649
106214
106225
106319
106748
107030
107250
107704
107884
107936
108067
108228
108297
108543
108765
108938
109051
109667
109828
110297
110899
111094
111383
111668
111828
111890
111906
111939
112041
112044
112161
112387
112455
112570
113014
113036
113297
113595
113725
113875
114666
114730
114760
114995
115022
115068
115437
116517
116969
117321
117755
118071
118229
118478
119454
120331
120734
120981
120992
121128
121147
121222
121470
121590
121729
121730
122130
122221
122926
123499
123948
123949
124073
124085
124397
124464
124471
124500
124681
124784
124913
124985
125348
125579
125886
126059
126566
126864
126875
127303
127376
127640
127790
127810
128083
128265
128561
128737
128782
128896
129001
129318
129342
129390
129544
129575
129602
129748
130366
130640
130700
130769
131208
131325
131494
131514
131516
131554
132095
132260
132417
132721
132739
132966
133070
133456
133892
133917
134035
134483
134527
134631
134691
134693
135030
135063
135309
135414
135429
135553
135736
136097
136254
137310
137806
138169
138170
138395
138758
139038
139113
140183
140566
140578
140591
140784
140850
140911
140919
140965
141181
141887
142122
142373
142862
143054
143116
144121
144164
144465
144834
145209
145215
145230
145566
145592
145804
145875
146201
146554
146569
146574
146600
146720
147071
147382
147391
147599
147772
147863
147896
148341
148440
148461
148671
149020
149249
149299
149886
151412
151645
151702
152033
152186
152459
152801
152992
152995
153358
153656
153963
154052
154084
154248
154300
154524
154897
154982
155826
155907
156096
156268
156644
156705
156708
156715
157047
157287
157314
159143
159205
159219
159450
159554
159562
159567
159662
160378
160892
160952
161206
161742
161861
161912
161915
162193
162465
162567
162606
163332
163869
164050
164264
164308
164330
164352
164453
164508
164593
166603
166799
167097
167298
167356
167823
168210
168983
169218
169564
170426
170515
170782
170884
171396
171706
171711
171799
171803
172277
172570
172679
172756
173018
173319
173416
173791
173918
174525
174537
174604
175111
175450
175616
175673
175777
175866
176216
176750
176862
176911
177126
177400
177693
177796
177933
178119
178271
178786
178797
178813
179724
180086
180172
180273
180493
180808
180990
181027
181281
182006
182028
182238
183834
184045
184077
184251
184731
184841
185017
185183
185798
185934
186738
186748
186835
187255
187554
187833
187930
187947
188214
188482
188537
188835
189419
189637
190040
190629
190868
191307
191561
191835
191954
192516
192624
192639
193056
193223
193227
193275
193469
193677
193696
194407
194722
195024
195197
195200
195342
195564
195621
195791
195864
196232
196234
197201
197380
197421
197591
197957
198299
198355
198410
198525
199034
199054
199278
199285
199476
199673
199769
199990
200047
200564
200726
201127
201315
201322
201448
201887
201893
201984
202371
202507
203067
203366
203487
203538
203556
204046
204068
204431
204764
205047
205109
205182
205515
205541
205757
205800
205866
205898
206111
206960
207001
207002
207033
207585
207749
207998
208010
208410
208744
208883
209219
209336
209453
209598
209659
209677
209734
209850
209988
210060
211149
211606
211736
212301
212581
213511
213759
213803
213959
214303
214517
214589
214946
215374
215849
216241
216492
216501
216828
217323
218865
219353
219384
219965
220023
220098
220247
220274
220407
221232
221430
221580
221843
221900
222001
222204
222403
222650
222847
223161
223293
223641
223802
223831
224522
224585
225009
225015
225183
225649
225686
225688
225819
226056
226146
227234
227452
227723
228092
228264
228704
229197
229316
229452
229711
229770
230124
230341
230410
230440
230856
230980
231351
231687
231859
231865
232029
232155
232553
232696
232786
233135
233553
233592
233824
234017
234220
234547
234661
235223
235232
235783
236326
236452
236748
237181
237313
237582
237632
238281
238828
238857
238896
238925
239186
239412
239503
239598
239730
239835
240151
240562
241230
241388
241558
241824
241974
242171
242201
242569
242802
242971
243228
243248
243592
244024
244198
244350
244827
245059
245076
245199
246299
246306
246550
246558
246564
247304
247624
247730
247735
247754
248072
248141
248295
248410
248676
249085
249382
249572
249865
249926
250204
250397
250481
250929
251002
251287
251568
252366
252444
252641
252901
252915
253171
253172
253255
253296
253466
254153
254276
254490
254833
254986
255427
256395
256540
256751
257026
257552
257663
257910
257974
257982
258038
258405
258523
258797
259627
259766
259856
259866
259945
259947
260019
260419
260808
261185
261264
261384
261761
262086
262806
263293
263913
264832
265084
265551
265739
266150
266157
266265
266488
266648
266716
266879
267007
267277
267391
267607
268251
268342
268359
268466
268807
268921
269223
269567
269643
269732
269759
270189
270220
270276
270341
270378
270435
270517
271256
271265
272068
272123
272301
272307
272454
272511
272583
272651
273694
273829
274467
274894
275025
275053
275158
275298
275425
275619
275978
276275
276824
277710
277744
277985
278763
278811
278908
279313
280320
280400
280693
280766
280792
280855
280880
281205
281256
281555
281988
282068
282188
282261
282393
282597
282775
283278
283351
284341
284549
284658
284816
284918
284980
285090
285365
285607
285611
285995
286035
286054
286104
286321
286637
287136
287308
287366
287468
288098
288213
288466
288714
288842
289065
289160
289246
289392
289668
290045
290249
290337
290415
290616
290889
291022
291218
291752
292035
292190
292347
292888
292909
293099
293851
293965
294156
294568
294762
294862
294969
295124
295941
296219
296686
296815
297298
297354
297420
297431
297718
298174
298245
298426
298450
298548
298742
299397
299523
299627
299866
299907
299971
300136
300145
300297
300882
301123
301286
301985
302492
302502
302709
302715
302991
303083
303160
303450
303635
303696
303934
304012
304298
305006
305107
305264
305370
305549
305572
305678
305717
306042
306257
306731
306849
307039
307536
307874
307966
308573
308900
308936
308992
309153
309250
309445
309563
309792
309947
309991
310155
310170
310380
310581
310847
310920
310944
311654
311714
311783
312256
312418
312468
312825
312856
313130
313439
313472
313650
313887
314138
314234
314356
314644
314647
314666
314863
314978
315187
315331
315397
315504
315579
315762
315774
315897
316368
316412
316591
316593
317089
317586
317966
318233
318300
318322
318339
318547
318619
318678
318927
319006
319461
319824
319839
319870
320316
320834
321098
321180
321198
321348
321568
321965
322061
322207
322466
322520
322537
322776
322977
323031
323051
323804
324014
324062
324104
324352
324403
325265
325309
325354
326485
326520
326832
326897
327351
327457
327554
327874
327975
328019
328952
329014
329461
329506
329769
329819
330312
330944
331420
332432
332635
332788
333183
333423
333472
333530
333899
334185
334398
334431
334634
335097
335481
335544
336107
336275
336312
336533
336564
336730
336921
337132
337353
337386
337592
337921
338619
338631
339428
339505
339511
339524
339606
339664
339905
340149
340188
340253
340311
341101
341173
341194
341270
341341
341648
341866
341894
341989
342292
342442
342834
343202
343312
343441
343673
343816
343979
344106
344469
344475
344702
345108
345337
345369
345660
345958
346289
346406
346745
346950
347161
347246
347353
347476
347516
347715
347888
348255
348261
348833
348948
348997
349121
349380
349401
349622
349811
350143
350390
350719
350767
350887
350965
351013
351040
351686
351920
352089
352527
352539
352928
352980
353681
353744
353820
354392
354401
354659
355050
355387
355520
355661
355812
355838
355892
355942
356178
356320
356721
356791
356945
357244
358497
358869
359007
359077
359175
360284
361024
361047
361090
361281
361677
361735
361859
362310
362444
362482
362768
363045
363093
363138
363733
363786
364367
364672
365006
365174
365431
365690
365792
366033
366241
366422
366567
366974
367391
367405
368080
368495
368624
369391
369484
369769
370127
370455
370690
371498
371575
371690
371751
371866
372049
372212
372217
372225
372272
372524
372811
373743
374337
374383
374468
374511
374604
374677
374847
375108
375121
375519
375618
375986
376177
376328
376468
376658
376847
377365
377445
377599
377607
377790
378650
379139
379359
379534
380236
380689
381310
381313
381585
381774
381808
381830
381915
382117
382180
382314
382334
382985
382996
383172
383464
383585
383805
384135
384261
384906
385169
385298
385901
386149
386709
387267
387325
387373
387532
387539
388634
388716
388979
389258
389628
390039
390051
390199
390217
390726
390808
390982
391675
391758
392504
392706
392932
393314
393334
393980
394135
394221
394503
395023
395989
397058
397289
397508
397932
398225
398526
398935
399356
400662
400788
401053
401082
401482
402047
402743
402886
403184
403445
403759
403828
404157
404347
404535
404827
405072
406110
406378
406479
406484
406989
407030
407276
407310
407369
407498
407802
407912
408175
408382
408605
408934
409352
409547
410726
411438
411926
412247
412666
413003
413192
413209
413791
414077
414692
415088
415502
415765
415780
416219
416537
416581
416657
416684
416795
417277
417564
417862
418129
418229
418280
418519
418551
419062
419307
419368
419470
419473
419594
419983
420415
420839
420842
420985
421796
422151
422497
422871
422933
423300
423302
423347
423574
423633
423878
424321
424857
424865
425241
425395
425783
425951
425954
427096
427250
427408
427464
427779
427921
428148
428202
428270
428462
428547
428651
429092
429225
429680
429748
429826
429858
430159
430182
430521
430802
431265
431547
432034
432312
432750
432995
433003
433174
433622
434088
434197
434517
434667
434701
434759
435091
435733
436016
436624
436693
438169
439081
440578
440725
441047
441576
441803
442178
443070
443377
443524
444003
444316
444764
445031
445147
445207
445522
445612
446209
446308
446391
446501
446535
446651
446830
446878
446979
447011
447050
447321
447576
447857
447981
448108
448392
448585
448590
448779
448813
449163
449488
449531
449584
449803
450205
450524
450548
450623
450950
451363
451669
451685
452025
452286
452774
452878
453193
453207
453384
453671
453702
453725
453797
453834
453918
454007
454453
454824
454907
455008
455551
456040
456219
456470
456892
457287
457930
458098
458101
458280
458339
458615
458651
458921
459005
459345
459432
460228
460649
460697
460884
460889
460915
461571
461624
461997
462037
462055
462697
462727
463253
463476
463550
463629
463872
463903
463969
464243
464331
464519
464605
464835
464842
464909
465127
465145
465203
465211
465370
465596
466075
466214
466946
467225
467594
468259
468396
468426
468551
468745
468749
468791
468837
468865
468912
469049
469254
469365
469746
469896
469945
470065
470595
470752
470754
470774
470805
471775
471810
471841
472370
472871
472951
473196
474269
474401
474566
474673
475078
475252
475296
475419
475420
475440
475561
475773
476100
476702
476814
476828
477056
477279
477413
477692
477785
477935
478112
478326
478530
478639
478858
479114
479248
479253
479256
479307
479458
479753
479754
479797
480033
480193
480481
480802
480899
481036
481388
481424
482352
482512
482649
482817
483369
483402
483533
483545
483550
483791
484505
484507
484879
484934
485052
485101
485289
485415
485938
486023
486075
486201
486278
486982
487374
487513
488139
488496
488635
488638
489057
489993
490114
490282
490507
490737
490823
490858
491004
491803
492345
492488
492580
493372
493553
493696
493937
495304
495387
495481
495544
496456
496929
497116
497223
497772
498199
498326
498824
498969
499303
499382
499712
499755
499919
500694
500716
501023
501115
501661
501883
501913
502104
502397
502470
502484
502556
502923
502974
503126
503187
503202
503254
503548
503953
503966
504100
504317
504949
504984
505071
505482
505787
505859
506013
506129
506461
506588
506611
506632
506972
506984
507102
507197
507563
507835
507976
508058
508075
508467
509007
509060
509465
510060
510144
510479
510627
510669
510973
511024
511129
511732
511792
512170
512355
512483
512903
513469
513907
514067
514478
514669
514683
514931
515329
515602
515788
516100
516203
516224
516505
516797
516827
516905
517640
517784
517916
518075
518130
518439
518759
518892
518902
518911
519059
519137
519320
519452
519499
519861
519885
520059
520508
520521
520531
520939
521191
521461
521837
521885
522344
522636
522651
522815
523242
523687
523818
523822
524203
524494
524648
524910
525438
525481
525660
525672
525815
526027
526088
526399
526400
526457
526488
526750
526887
526976
527144
527199
527200
527677
527821
528008
528165
528271
528700
528757
528821
528848
528917
529063
529466
529602
529795
529805
529923
530055
530408
530688
531250
531554
531681
531875
533162
533587
534063
534156
534619
535159
535413
535891
535895
535916
535929
536549
536615
536669
536971
537976
538020
538559
538955
539054
539446
539653
539741
539813
540000
540226
540773
540798
541417
542084
542397
542513
542723
542908
542971
543214
543323
543430
543563
544077
544281
544950
545671
545944
546031
546628
546986
547328
547482
547651
548063
548118
548135
548180
548336
548515
548690
549038
549049
549238
549247
549339
549392
549403
549924
550113
550155
550387
550546
550689
550780
550799
550893
551179
551892
552027
552483
552703
552870
552904
553151
553520
553745
553817
553957
554199
554565
554567
554586
554607
554633
554642
554667
555013
555121
555224
555398
555644
555673
555704
555714
557170
557270
557428
557537
557620
557636
557708
557820
558112
558424
558639
558934
559009
559504
559547
560237
560369
561082
561989
562031
562198
562434
562758
563064
563600
563868
564110
564777
564995
565366
565546
565630
565672
565955
566212
566225
566430
566502
567220
567264
567321
567649
568070
568132
568158
568454
568740
568796
569912
570060
570112
570365
570723
571874
572165
572285
572651
572850
573413
574409
574634
574649
574757
574988
575287
575459
575800
575826
576380
576981
577134
577399
577925
578038
578365
578577
578639
579239
579539
579893
580094
580256
581042
581812
582655
583156
583814
584126
584174
584447
584463
584660
584986
585153
585369
585524
585565
586019
586193
586309
586326
586508
586906
587093
587277
587703
587965
588268
588423
588437
589124
589209
589322
589325
589425
589952
590872
591465
591620
591743
591832
592027
592510
592882
593459
594027
594063
594142
594535
595081
595332
596052
596199
596209
596217
596228
596291
596414
596619
597001
597247
597332
597442
597545
597738
597749
598989
599245
599725
599808
599919
600064
600143
600263
600407
600449
600607
600710
601588
601900
601940
601992
602079
602293
602481
602580
603134
603391
604098
604333
604551
604562
604625
604772
605098
605153
605261
605319
605523
606446
606450
606490
606632
606879
606922
607039
607089
607267
607453
607784
608363
608653
609205
609450
609478
610054
610249
610798
610976
611397
611456
612824
613393
613585
614047
614129
615217
615324
615570
615661
616081
616225
616278
616565
616635
616689
616753
616790
616924
617036
618180
618347
618866
619437
619463
619574
620005
620290
620532
620797
621048
621645
621681
621707
621843
622027
622174
622433
622516
622586
622684
622767
622775
622782
623440
623497
623860
624033
624367
624519
624698
624871
625006
625131
625136
625166
626162
626274
626293
626335
626393
626409
626426
628778
629549
631244
634000
634282
634606
634638
638210
639744
642745
644632
645122
646121
647988
649714
651029
653292
654968
656645
656739
657257
657281
657916
659160
661807
662972
663763
663848
664517
667459
667825
668724
668785
669746
671210
671396
674222
674245
675048
675318
675569
679163
681522
682321
684538
684785
686558
686919
687512
687719
691544
691998
693851
695988
696830
697825
697903
698889
698959
699477
700166
700863
701793
703617
706270
708114
708709
709087
709409
710898
711341
713391
714886
715919
716095
716869
717186
717262
717312
717341
717552
717621
718597
719340
719359
721084
721265
721553
721605
722402
723771
724230
724769
725052
725406
725594
726412
727099
729727
731930
733146
733175
733514
734111
734117
734639
734723
734808
735115
735179
735561
736264
737348
738077
738639
738929
739012
739109
739761
739929
740276
741223
741466
741648
741709
741764
742006
742829
743028
743893
744232
744459
744836
745144
745257
745339
745446
745709
746498
746930
747609
747709
748914
749038
749466
749773
751424
751640
752203
752568
752795
752912
753150
753456
753649
753723
755674
756073
756204
756621
756804
756895
757924
758123
758197
758478
759476
759542
760146
760240
761277
761697
762412
763217
764009
764487
764838
765382
765564
765800
768034
768575
769023
770117
770475
772616
773493
774498
775182
775671
776007
776247
777046
777319
778466
778698
779533
779784
780007
780125
782330
783085
783864
784522
785926
787610
789167
790625
790704
791569
794248
794642
794675
794720
794721
794982
795345
795820
796552
796862
797398
797667
798317
798464
798749
798831
801074
802585
803600
804391
804528
804991
805158
805362
806299
807708
808622
808909
809954
810351
811954
813375
813694
815145
815881
816386
817038
817476
817529
817773
818839
819522
821047
821662
821793
822036
822265
824942
826897
827072
827095
827344
828865
830974
832102
833102
833216
833945
834080
834134
834438
835606
835707
836821
836943
837208
837831
837941
838190
838612
839184
840115
840790
841816
842170
842240
842941
843317
844047
844279
845238
845601
845961
845965
847002
847660
847693
852509
858740
860385
862741
863202
863319
863647
864345
864494
864515
864992
865051
865207
865852
865871
866133
866670
866723
866785
866805
867061
867303
867332
867553
867960
868554
868830
869019
869075
869139
869888
870078
870293
870486
871596
871984
872009
873625
873712
874128
874415
875980
876531
876768
877438
877676
878894
879040
879125
879166
879507
879726
880070
880102
880558
880687
880836
880954
881238
881389
881754
881847
882052
882396
883531
884245
884401
884486
884542
884582
884749
885452
885538
885571
885828
885835
886050
886501
886876
887624
887646
887722
887818
889264
890216
890276
890351
890643
891216
891686
892083
892098
892436
892554
892846
892959
893132
893758
894695
895314
895618
895668
896048
896272
897112
897154
897326
897826
897914
898005
898413
899080
899152
899503
899601
899645
899725
899788
899949
900716
900910
901075
901326
901399
901480
902011
902225
903051
903197
903390
903640
903824
904119
904633
904661
904712
904772
904975
905059
905222
905482
906252
906631
906775
907465
907710
907866
907965
908076
908504
908778
908792
910897
911475
911734
911887
912323
912460
912470
912487
912610
913577
913872
913899
913998
914112
914699
914801
914974
915116
915181
915453
915580
915884
915947
917049
917830
918133
918260
918416
918855
920194
920213
920439
922012
922085
922122
922200
922214
922418
922589
922609
922746
923572
923888
924214
924231
924447
924491
924671
925817
926305
926494
927319
928507
928931
928997
929267
929431
930308
930665
931283
932279
932389
934154
934392
934626
936098
936731
937696
937893
938584
938866
939408
939496
939835
939954
940391
941247
941542
942083
942579
943482
944851
945563
946107
946440
948196
948522
949127
949285
949782
950274
950781
950817
951119
951964
952141
953650
953668
953725
953767
953991
954021
954307
955120
955263
955533
955991
956320
956341
956708
956935
957469
957568
957813
959131
959199
959369
960713
961444
961949
962012
962422
963500
963615
964075
964485
964558
964774
964919
964983
965172
965330
965663
965693
968493
968664
970021
970256
970303
971686
971894
971992
972514
972627
973075
973439
973850
973928
973987
974536
975486
975853
976097
976254
976894
977093
977160
977657
978453
978552
978950
979056
979627
979705
979782
979830
979928
980431
980613
980772
981067
981210
981885
982037
982862
983100
983244
983287
983313
983577
983635
983984
984430
984494
984551
987648
987750
987792
988673
988692
989025
989029
989394
989745
990538
990650
991528
991720
992130
992169
992541
992574
992699
992717
993417
993844
994004
994406
994564
994612
995076
995276
995860
996264
996421
996454
996790
997163
997179
997283
997675
998202
998429
998545
999259
999588
999728
999796
1001200
1001439
1001471
1001494
1001774
1001837
1001992
1002652
1002959
1003499
1005373
1005767
1005776
1005938
1006464
1006950
1007043
1007975
1008376
1008413
1009010
1010123
1010855
1011163
1011189
1011607
1011965
1011984
1012941
1013483
1014033
1014362
1014565
1014685
1014944
1014979
1015214
1015959
1016343
1017324
1017422
1018140
1018818
1019250
1019257
1019603
1020428
1020524
1021380
1021653
1022657
1022740
1023027
1023700
1024987
1025065
1025269
1025324
1025641
1025866
1025962
1026059
1026225
1026496
1027715
1027723
1028096
1028293
1028364
1028470
1028609
1028864
1029030
1029264
1029318
1029970
1030195
1030310
1030391
1030590
1030695
1030936
1031280
1031553
1031571
1031992
1032078
1032224
1032709
1033497
1034683
1034684
1034893
1035774
1036067
1036452
1036736
1037646
1037716
1038493
1038520
1039138
1039714
1039879
1040011
1040091
1041551
1042128
1042285
1042707
1042827
1043027
1043083
1043631
1044291
1044582
1045298
1045493
1045593
1045705
1046200
1046472
1047109
1047955
1047997
1048011
1048196
1048305
1048846
1048927
1050569
1050603
1051971
1052000
1052302
1052503
1052696
1052801
1052874
1052919
1053110
1053208
1053405
1053473
1054084
1054205
1054709
1054887
1055101
1055711
1055722
1056892
1057307
1057511
1057667
1057759
1057855
1058036
1058185
1058254
1058449
1058591
1059122
1059177
1059343
1059459
1059674
1060073
1060608
1061637
1061938
1062047
1062941
1063143
1063767
1064110
1065028
1065536
1066192
1066512
1066625
1066628
1066859
1067437
1068613
1068632
1068707
1068889
1069182
1069245
1069929
1070069
1070333
1070412
1070841
1072489
1073037
1073860
1074221
1074445
1074537
1074840
1075948
1077855
1078868
1079464
1079928
1080244
1080578
1080645
1081226
1081768
1081850
1082015
1082060
1082751
1082865
1083134
1083206
1083259
1083396
1083441
1084492
1085088
1086500
1087105
1087583
1087890
1088554
1088642
1088671
1089040
1089775
1089824
1089919
1090057
1091069
1091761
1091976
1091993
1092264
1092742
1093055
1094708
1095891
1096242
1096904
1097119
1097740
1098099
1098732
1099079
1103098
