101105
101392
101532
101912
102080
102120
102179
102532
102917
103019
103814
103904
104088
104105
104293
104345
104518
104626
104749
105293
105524
105649
105919
106150
106232
106383
106717
107030
107936
108875
108927
108938
109220
109302
109828
109910
110071
110196
110487
110590
110899
111282
111543
111665
111958
112041
112044
112235
112385
112498
113036
113797
114666
114932
114989
114995
115526
116628
116969
117302
118229
118456
118478
118566
118763
119307
119510
120004
120286
120461
120622
121128
121147
121314
121660
121730
122099
122130
122824
123035
123517
123618
123777
123801
123953
124414
124464
124784
125045
125579
125615
126059
126217
127376
127739
127790
127943
127952
129151
129189
129318
129745
130015
130366
130464
130532
130872
130909
131014
131208
131235
131263
131348
131368
131516
131823
131834
132054
132260
132262
132351
132640
133162
133892
134116
134631
134691
135030
135309
135429
136325
137090
137806
137870
137871
138395
139038
139113
140121
140183
140480
141181
141642
141648
142372
142659
143472
144626
144811
145215
145271
145566
145875
146201
146314
146934
147896
148200
148601
148870
149020
149249
149886
150585
152033
152520
152806
152991
153041
153213
153850
153900
153963
154184
154737
154982
155011
155211
155710
156366
157047
157427
158388
158639
159082
160705
161206
161742
162055
163124
163332
163620
163753
163776
163875
163968
165165
165229
165324
165402
165785
166316
166469
166530
166603
166799
167097
168079
168142
168553
169021
169564
169796
170586
170884
171007
171222
171287
171664
171711
171799
172305
172406
172679
172821
172869
173528
174251
174525
175183
175456
175616
176750
176862
176911
177767
177933
178754
178797
179113
179727
179750
180223
180230
180415
180493
180826
180990
181027
181642
181935
181964
182140
182297
182377
182461
182535
183178
183398
184045
184070
184841
185798
185799
186748
187495
187833
188309
188482
188588
188597
188795
188938
189014
189419
189637
189653
189855
190629
190630
191307
191561
191681
192512
192516
193056
193677
193871
195001
195024
195197
195200
195864
196232
196296
196329
196976
197260
197571
197678
197718
197750
198355
198566
199068
199655
199656
199673
199779
200082
200391
200405
201024
201575
201843
201868
202040
202045
202124
203487
204046
204288
204400
204431
204718
205515
206077
206093
206991
207287
208232
208410
208423
208744
209598
209659
209794
209988
210261
211149
211657
211900
212031
212139
212771
213554
214066
214303
214446
214463
214828
214946
215849
216241
216618
216620
217238
218465
218521
219936
220108
220554
220763
221580
221843
222000
222634
224478
224522
225255
225591
226007
226924
227267
227723
228856
230440
230856
230980
231893
232029
232696
232785
233068
233072
233174
233501
234661
235979
236115
236452
236748
236843
237038
237181
238881
239224
239503
239730
240151
240521
240562
241017
241230
241974
242171
242920
244198
244827
245072
245076
245180
247704
247735
247822
247851
248057
248473
248530
248627
248633
249024
249680
250116
250204
250397
250440
250530
250929
251002
251114
251287
251477
251568
251719
251965
252223
252606
252620
252909
252915
253171
253172
253255
253367
253466
253730
253749
253934
254276
254316
254395
254661
254849
255124
255634
256174
256229
256946
256962
257006
257663
257995
258025
258187
258366
258382
258405
258658
258674
259329
259413
260019
260419
260808
261086
261185
261384
262086
262140
262306
262637
262919
263583
263913
264205
264642
264688
265240
265244
265739
266150
266161
266177
266488
267277
267463
267607
267956
268112
268921
269187
269404
269603
269732
269882
270220
270310
270517
270768
270966
271511
271736
271865
272307
272441
273864
274199
274330
274377
274400
274536
274742
274953
275298
275433
275443
275684
276275
276358
276369
276720
277351
277677
278166
278593
278763
279218
279511
279787
280156
280693
281256
281705
281890
281951
281971
281988
282533
282914
283251
283278
284519
285626
285803
286173
286294
286306
286637
286753
286890
287131
287308
287468
287490
288039
288051
288466
288520
288714
289220
289259
290860
291022
291025
291165
291512
291553
291564
291752
291806
292246
292885
293120
293313
293602
293943
293947
293992
294969
295084
295124
295601
295802
296486
296725
297113
297431
297718
297762
297929
298174
298257
298450
298548
298742
299523
299971
300238
300649
301157
301402
302269
302502
302580
302709
302892
303091
303422
303635
303696
303718
303778
304012
304549
305022
305264
305487
305651
305678
306583
306849
306942
307536
307595
307631
307966
308069
308334
308393
308573
308966
308998
309127
309153
309435
309563
309792
310155
310380
310581
311351
311524
312256
312509
312601
312825
312877
312931
313439
314138
314234
314587
314607
314647
314666
315504
315718
315762
316059
316309
316368
316593
316859
317108
318039
318322
318882
319231
319824
319870
320170
320316
321098
321172
321180
321348
321672
322085
322486
322776
322860
323034
323479
323778
323804
324104
324282
324352
324385
324441
325354
325831
326190
326276
326475
326781
327351
327554
327681
327975
328019
328363
328876
329014
329057
329577
330072
331214
331420
332078
332121
332348
332883
333036
333530
333674
333815
333899
334438
334544
335094
335334
336304
336514
336730
337592
337607
337743
338063
338507
339428
339905
340253
340820
341101
341173
341648
341717
341993
342688
342699
343312
343385
343449
346333
346415
346745
346758
346893
346952
347169
347322
347476
347715
347752
348371
348809
348948
348997
349360
349532
349536
349622
350054
350093
350143
350390
350842
350965
351455
351686
351712
352108
352255
352405
352527
352539
352815
352928
353175
353340
353361
353820
353824
354054
354101
354216
355203
355402
355812
355838
355942
357620
358021
358515
359002
359007
359077
360222
361239
361281
361384
361488
361695
363046
363093
363368
363826
364367
364447
365174
365510
365690
366033
366561
366986
367391
367552
367913
367948
368001
368624
369654
369769
370301
371498
371575
372351
372572
372811
373006
373230
373743
374229
374337
374383
374468
375108
375949
376468
376513
377365
377472
377599
378008
378436
378922
379043
379152
379259
379272
379466
379890
380131
380150
380236
380689
381138
381310
381377
381774
381808
381915
382334
382390
382947
383039
383294
383464
383984
384122
384261
385264
385283
385979
386201
386610
387239
387443
387532
387660
387862
388097
388132
388202
388222
388801
388923
389033
389258
389285
389628
389694
390756
391131
391643
392706
392734
392937
393396
393462
393962
394026
394073
394148
394747
394813
395023
395989
396036
397289
397621
397953
398241
398410
398960
399356
400208
400253
400395
400662
400722
400788
401036
401082
401971
402445
402831
403445
403551
403759
403765
404019
404236
404264
404347
404827
405439
405533
405901
405919
406110
406251
406407
406626
406772
407030
407141
407242
407250
407781
408044
408382
409613
409690
409846
410740
411452
411850
412311
412316
412376
412387
413059
413192
413547
413867
414036
414390
415088
415447
415780
416080
416163
416219
416959
418780
418815
419368
419944
420269
420841
420842
420848
420879
421137
421558
421796
422053
422060
422151
422261
422933
423518
423574
423878
424318
424321
424345
424458
424534
424865
425783
425951
425954
426731
426894
427096
427250
428062
428202
428651
428661
429092
429530
429748
429767
430018
430553
430566
430778
431481
431913
432704
433073
433296
433579
435091
435519
435521
435688
435733
436373
436726
436764
437016
437624
438169
438718
439081
439310
440924
440971
441047
441905
442411
442699
442821
443377
443780
443929
443971
444081
444776
445147
445799
446169
446438
446865
446979
447011
447013
447321
447368
447474
448392
448590
449358
449694
449807
449925
450524
450648
451129
451204
451363
451669
451756
452286
452645
453918
454007
454013
454083
454161
454219
454323
455894
456209
456775
456884
456892
457077
457287
457493
457820
457865
458098
458268
458921
459070
459282
459341
459432
460017
460089
460228
460453
460754
461276
461611
461997
462697
462734
462829
463488
463510
464086
464167
464208
464243
464331
464605
464687
464842
465110
465370
465591
466214
466609
467032
468304
468355
468467
468661
468745
468837
469049
469298
469830
470042
471775
471841
471956
472209
472468
472481
472493
472513
472871
472947
473077
473831
473942
474269
474401
474566
474673
474879
475180
475420
475440
475859
476566
476702
476901
477413
477480
477648
477692
477785
477935
478065
478307
478450
478530
478556
478604
478625
479256
479474
479754
479921
480046
480366
480373
480524
480899
481388
481424
481617
482313
482352
482649
482919
483211
483490
483533
483818
483926
484135
484507
485052
485071
485289
485312
485401
485844
485938
487104
487260
487336
487513
487658
487746
488635
488638
488933
489057
489225
489345
489485
489886
490090
490114
490190
490343
490381
490737
491256
491261
491702
492364
492413
492488
493340
493414
493535
493937
494444
494809
496456
497326
497772
497799
498151
498199
498303
498529
498661
499712
499919
499952
500694
500716
500915
500929
501191
501514
502348
502397
502470
502556
503075
503126
503254
503371
503701
503953
504102
504317
505088
505316
505338
505518
505902
506199
506392
506588
506626
507179
507478
507835
507869
507911
508075
508397
508618
508660
509007
509386
509785
510199
510597
510627
510669
510699
511225
512400
513268
513469
514478
514931
515368
515406
515602
516238
516501
516505
516784
517443
518075
518130
518655
518714
519059
519068
519261
519593
519885
520056
520094
520204
520897
520939
520978
521220
521418
521461
521837
521986
522476
523099
523242
523356
523374
523545
523602
523672
523822
524222
525118
525815
525897
525957
526976
527677
528008
528271
528367
528601
528757
529805
529904
529923
530688
530944
530981
531831
532159
532233
533061
533207
533279
534548
534673
535047
535088
535413
535916
535929
536074
536146
536398
537134
537236
537542
537872
537881
538286
538670
538735
538955
538979
539130
539583
539813
539918
540337
541417
541793
542068
542513
542971
543214
543323
544090
544260
544830
545605
545730
545869
545944
546453
546750
547082
548063
548350
548439
548547
548830
548987
549038
549049
549424
550293
550387
550578
550676
550746
550893
551013
551179
551394
551846
552027
552282
552703
552778
552824
552904
553151
554565
554852
555013
555151
555398
555417
555432
555618
555731
555806
555942
556852
557034
557312
557428
557487
557537
557871
558132
558328
558424
558641
558934
559535
560173
560291
560324
560614
561064
561082
561252
561468
561615
562031
562434
562698
562758
563600
563868
563908
564071
564256
564535
564995
565260
565366
566090
566212
566225
566577
567220
567321
567455
567649
567712
568132
568158
568591
568646
568670
569472
569912
570723
571913
572842
572901
573126
573570
574409
574626
574649
574821
574836
575287
575402
575459
575800
575826
575844
576233
576459
577096
577371
578038
578290
579239
579539
580256
581633
581752
581812
582270
582622
583772
584126
584973
584986
585291
585369
586206
586977
587965
588423
588437
588699
588730
588849
589124
589776
589952
590237
590255
590352
591101
591109
591465
591620
591897
592510
592647
593782
594027
594063
594142
594666
595077
596052
596430
597071
597177
597417
599049
599670
599919
600101
600263
600365
600388
600449
600773
601900
601975
602293
602580
602649
602861
603122
603391
603395
604098
604413
604451
605153
605523
605763
606450
606490
606632
606879
607089
607278
607784
607833
608228
608822
609205
609257
609319
610472
612811
612824
613804
614173
615217
615243
615774
615986
616287
616689
616767
616783
616924
617193
617729
618347
618458
619116
619437
619463
619694
620083
620502
620522
621358
621681
621918
621991
622027
622081
622143
622174
622481
622767
622990
623127
623440
623497
623950
624033
624070
624470
625131
625146
625577
626070
626162
626176
626343
626395
626516
626547
627641
632049
634282
638992
639332
640517
640694
640895
650912
651048
652195
654955
655399
655781
655970
657575
657607
657859
657885
657916
658655
659095
660994
661189
663580
665787
668634
668724
669746
670760
674222
674245
677388
681539
685231
689996
692467
697115
697903
699477
700863
702469
703617
704970
705874
706270
708114
708234
709185
709409
710040
712041
713404
714679
715147
715221
715453
716095
716547
717621
718646
720705
722396
722651
723407
724230
725674
726808
727027
727613
727906
729124
731754
732484
733146
733250
733680
734173
734723
735001
735292
735627
738639
738717
739109
739112
739860
742006
742518
743017
744741
745339
746656
746930
747446
747719
748201
748438
749414
749724
751620
751640
752568
752912
752960
753087
753456
755674
756167
756204
756582
756856
756895
757332
757597
757634
757740
757850
758197
758594
758619
762412
762665
764009
764899
765564
765800
765948
767252
767438
768034
768895
769936
770844
772616
773826
775671
776531
778466
778698
779241
779242
780709
783483
784400
785849
786836
787610
788249
788680
788779
790704
792276
794248
794690
795799
796107
796862
798089
798464
798943
799798
801580
803252
803745
804991
805683
806299
806597
806884
807430
807708
808622
808909
810351
810552
812820
812927
813114
814206
814744
815181
817595
818839
819320
819872
820577
820725
821047
822265
825189
825613
826258
827818
828186
828469
828612
830062
830899
831915
832102
833102
833452
834134
834283
835212
836821
837831
838190
839184
839992
840115
840183
840247
840790
841160
842170
844055
844499
845419
845834
845961
847038
849181
849219
849812
863109
863202
864313
864534
864748
866167
866385
866574
866670
866981
867509
867553
867714
867960
868045
868830
869019
869065
869075
869079
869371
869865
870283
870598
870883
871085
871822
873712
873976
874160
874430
874591
874733
875358
875487
875583
876777
878784
878894
879040
879166
879452
879726
879794
880292
880558
881192
881389
881662
881754
881847
882047
882864
883193
884542
884868
886358
886521
886814
887504
887807
887891
888075
889323
889462
890216
890318
890399
891055
891618
892098
892868
894239
895444
895649
895859
896406
896576
896824
897112
897154
898005
898564
898768
898790
899503
899788
899949
900742
901588
901721
902784
903493
903506
903640
904975
905482
905758
906492
907866
908232
908295
908504
909345
911352
911369
911475
911665
911734
911967
912345
912374
912494
912949
913869
913872
913899
914265
914974
915090
915181
915429
915729
915967
916245
916702
917482
917932
918099
918214
918855
919439
919511
919805
920725
921675
922012
922164
922209
922589
922634
923682
923982
924092
924215
924391
924491
926450
926491
926494
926848
927307
927343
929267
929968
930084
930235
931403
931963
932407
932584
932650
932953
933342
934392
937357
937549
938866
940303
941640
943432
944375
948196
948956
949127
949466
949677
949955
950121
950274
950781
951294
951325
951823
951964
952954
953200
953511
953681
953965
954109
954307
955102
955120
955150
955263
956307
956465
956935
957231
957313
957469
957813
958064
958096
958178
958444
959410
959856
960100
962422
963615
963945
964485
964774
964786
964806
964899
964915
965265
966233
966930
967128
969002
970021
970303
970747
970796
971123
971440
972461
972514
972627
973330
973987
975106
975486
975853
977224
977829
979366
979497
979670
979705
979793
981067
981085
981616
982344
983244
983577
985407
985441
985588
985590
986385
987750
988692
989006
989394
989745
990538
991215
992292
992699
993432
995068
995229
995513
995709
995860
996264
996278
996421
997163
998545
998627
998649
998827
999728
999970
1000991
1001774
1004918
1005776
1006496
1006960
1007054
1007928
1007975
1008070
1008376
1008483
1009010
1009439
1010844
1012045
1012951
1013061
1013357
1013923
1014033
1014234
1014565
1014685
1014956
1015043
1015214
1015669
1015959
1016700
1016751
1017324
1019603
1019942
1020542
1021126
1021208
1023027
1023271
1023595
1023819
1024009
1026687
1026945
1027646
1027704
1027715
1028550
1028770
1028864
1029030
1029468
1029886
1029970
1030087
1030310
1030502
1030590
1030764
1030936
1031494
1032078
1032925
1033542
1034014
1034093
1034094
1034683
1034769
1034783
1035014
1035023
1035567
1036038
1036067
1036452
1036517
1036819
1037769
1038235
1038417
1039138
1039249
1039714
1039954
1040011
1040391
1041445
1041547
1042088
1042707
1042734
1042811
1042827
1043027
1043104
1043402
1043765
1043823
1044582
1045493
1045705
1046200
1046422
1046459
1047826
1047955
1047997
1048123
1048305
1048460
1048846
1048849
1048927
1050479
1050652
1051611
1053405
1053853
1054006
1054084
1054188
1054435
1054525
1054704
1054705
1055174
1055360
1055954
1056080
1056467
1056649
1057307
1057679
1057759
1057854
1058235
1058254
1058591
1059225
1059459
1059504
1059674
1060858
1061327
1061508
1061637
1061935
1062047
1062852
1063672
1063688
1063767
1064287
1064820
1065028
1065195
1066110
1067295
