100202
100219
100784
100977
101105
101165
101185
101656
101682
101749
101763
102116
102120
102136
102168
102233
102475
102543
102796
103019
103240
103286
103371
103655
103814
103904
103922
104231
104293
104513
104518
104626
104713
105149
105351
105498
105919
106129
106150
106214
106591
106748
107216
107250
107400
107591
107704
107844
107884
107936
108063
108163
108168
108228
108297
108521
108526
108600
108765
108805
108938
109051
109242
109363
109498
109527
110196
110297
110349
110518
110592
111094
111432
111665
111828
111890
111931
112013
112161
112511
112570
112979
113014
113036
113333
113425
113487
113595
113725
113794
113797
113870
114176
114342
114474
114539
114886
114932
114989
114995
115022
115526
115862
115880
116388
116517
116969
117249
117302
117321
117334
118071
118229
118414
118478
118554
119307
119510
120021
120099
120286
120768
120786
120981
120992
121029
121128
121147
121192
121222
121408
121470
121576
121590
121660
121672
121691
121730
122130
122221
122243
122918
123264
123777
123948
123949
124069
124073
124397
124464
125509
125579
126035
126426
126566
126875
127014
127119
127136
127303
127376
127523
127640
127790
127810
128083
128155
128265
128782
128896
129001
129114
129318
129342
129345
129390
129409
129415
129525
129544
129575
129748
129954
129962
130019
130030
130532
130640
130700
130764
131014
131148
131208
131348
131494
131514
131516
131554
131823
132045
132046
132095
132519
132571
132721
132739
133070
133113
133456
133707
133789
133892
133917
134585
134631
134693
135309
135531
136291
136805
137133
137163
137581
137677
137685
137845
137982
138058
138169
138170
138325
138758
138794
139038
139113
139602
140121
140183
140392
140566
140591
140714
140784
140919
141004
141196
141207
141234
141311
141377
141443
141636
141642
141681
141815
141887
142030
142372
142418
142659
142694
143054
143182
143234
143488
143826
144009
144032
144121
144465
144834
145073
145566
145823
146481
146540
146600
146720
146883
147066
147382
147391
147410
147431
147432
147863
148122
148440
148461
148601
148671
148920
149020
149598
149886
150043
150865
151015
151260
151353
151412
151531
151645
151702
152260
152647
152735
152797
152801
152824
152897
153009
153041
153291
153358
153850
153949
153970
154132
154300
154544
154589
154897
154982
155075
155211
155826
155879
155907
156268
156644
156705
156708
156779
157287
157310
157737
158032
158123
158554
158565
158639
158939
159071
159082
159205
159450
159554
159567
159880
160010
160952
161027
161206
161394
161401
161415
161912
161915
162144
162167
162193
162567
162606
162826
163264
163332
163620
163641
164050
164198
164263
164264
164308
164315
164352
164508
164593
164904
165076
165229
165402
165693
165785
166250
166799
167298
167350
167351
167823
167870
168201
168210
168983
169206
169564
170158
170162
170167
170280
170293
170837
171002
171287
171396
171706
171799
171803
172277
172560
172570
172679
172756
172821
172869
173018
173210
173319
173416
173418
173791
173918
174296
174525
174578
174617
174811
175450
175456
175596
175673
175777
175866
176105
176216
176267
176404
176750
176911
177045
177126
177318
177373
177469
177693
177796
177933
178271
178285
178451
178797
178813
178829
179576
179604
179792
180008
180085
180086
180171
180172
180215
180230
180273
180374
180808
180826
180952
180990
181027
181312
181392
181548
181686
181700
181867
181887
181935
181964
182006
182463
182535
183418
183500
183631
183912
184045
184070
184251
184389
184791
185126
185183
185215
185265
185724
185798
185934
186240
186292
186738
186835
186974
187121
187830
187833
187930
187947
188214
188309
188528
188537
188551
188558
188576
188579
188588
188629
188747
188766
188835
189328
189419
189637
189769
189858
190040
190174
190384
190490
191307
191426
191455
191561
191835
191930
192277
192647
192763
193191
193223
193227
193275
193278
193360
193469
193696
194077
194411
194430
194561
194691
195024
195197
195342
195495
195749
195791
195808
195864
196163
196232
196234
196749
197201
197380
197394
197415
197591
197625
197808
198270
198410
198697
198862
198923
199054
199476
199576
199647
199656
199673
199769
199929
199933
199984
199990
200047
200082
200366
200564
200596
200658
200726
200853
200887
201130
201315
201396
201410
201448
201553
201608
201688
201887
202045
202122
202386
202428
202475
202507
202535
202691
202754
203366
203468
203487
203556
203707
203898
204017
204029
204046
204400
204431
204764
204804
205109
205166
205626
205683
205702
205800
205898
206040
206416
206426
206676
207001
207002
207033
207233
207287
207749
208010
208404
208410
208423
208473
208629
208744
208838
208883
209276
209336
209514
209564
209608
209659
209677
210060
210460
210484
210628
211149
211458
211606
211736
212139
212581
212771
213412
213461
213511
213730
213959
214589
214946
215168
215351
215374
215614
215782
215791
215849
216064
216089
216347
216492
216530
216808
217160
217162
217181
217182
217287
217323
217476
217615
217618
217726
217797
218238
218865
219353
219384
219778
220023
220098
220274
220306
220378
220829
220933
221102
221424
221430
221595
221708
221900
222000
222001
222204
222403
222562
222650
223033
223052
223109
223161
223641
223831
223906
223965
223993
224478
224522
224585
224971
225160
225166
225183
225324
225349
225649
225686
225688
225811
225855
226056
226146
226924
227159
227234
227723
227837
227960
228264
228267
228538
228704
228856
229197
229316
229711
229770
230094
230124
230410
230856
231331
231351
231687
231729
231865
231879
231893
232029
232070
232183
232548
232696
232805
233072
233135
233534
233592
234017
234116
234220
234478
234547
234661
235232
235708
235783
235938
235979
236091
236154
236423
236758
237181
237491
237738
238112
238281
238423
238827
238857
238881
239075
239081
239186
239412
239503
239730
239835
240151
240268
240562
240616
240646
241191
241533
241824
241891
241956
241974
242000
242062
242618
242718
242802
242868
242883
242913
242971
243047
243228
243279
243592
243783
244000
244024
244101
244198
245059
245076
245144
245356
245440
245493
245775
246306
246384
246558
246590
246853
247218
247624
247730
247754
247766
247976
248072
248141
248194
248295
248410
249024
249085
249336
249382
249572
249680
249865
250022
250153
250163
250204
250232
250929
251036
251287
251477
251765
251826
251957
251965
252181
252287
252366
252444
252664
252901
252909
253062
253171
253208
253296
253934
253974
254276
254338
254469
254538
254661
254815
254833
254986
255427
255494
255586
255620
255686
256540
256735
256962
257026
257552
257910
257974
257982
258020
258366
258382
258523
258581
258658
258896
259190
259381
259627
259766
259856
259866
259881
259945
260019
260131
260237
260525
260606
260808
260914
261090
261185
261223
261304
261340
261360
261517
261727
262444
262604
262806
263245
263293
263913
263921
264012
264020
264206
264526
264552
264679
264917
265084
265428
265485
265630
265739
265981
266150
266157
266161
266265
266458
266716
266768
267234
267277
267391
267607
267798
267956
268251
268279
268359
268466
268731
268782
268807
268854
268916
269187
269223
269413
269492
269567
269643
269732
269759
270189
270220
270237
270276
270310
270341
270446
270517
270808
270966
270998
271035
271256
271779
272068
272097
272123
272307
272454
272511
272583
272880
273002
273694
273864
273947
274132
274199
274467
274657
274836
274856
274894
274953
275025
275053
275364
275425
275596
275619
275978
276032
276046
276112
276600
276667
276824
276951
276989
277710
277744
277985
277989
278166
278323
278677
278763
278869
278908
280194
280508
280880
280890
281555
281890
281988
282188
282393
282396
282597
282632
282641
282775
283194
283351
283533
284341
284549
284655
284658
285090
285365
285607
285626
285828
285995
286054
286161
286170
286387
286429
286926
287042
287131
287136
287308
287366
287468
287608
287663
287754
288051
288119
288466
288714
288754
289104
289160
289392
289668
290045
290616
290889
291180
291218
291317
291553
292190
292888
293834
293965
294333
294568
294838
294841
294965
294969
295041
295124
296486
296501
296603
297113
297298
297431
297988
298245
298424
298548
299417
299418
299627
299637
299754
299768
299971
300175
300218
300297
301512
301967
302471
302492
302695
302965
302998
303422
303450
303479
303546
303696
303718
304012
304549
304780
305006
305107
305370
305507
305678
306042
306257
306731
307039
307158
307173
307244
307631
307699
307719
307874
307966
308169
308936
309021
309153
309520
309563
310155
310313
310389
310581
311654
311731
311783
312029
312256
312821
313393
313439
313674
313887
314188
314978
315186
315187
315331
315397
315416
315587
315727
316959
317089
317211
317586
317812
317966
318322
318354
318587
318678
318886
319006
319122
319133
319461
320151
320839
320841
321180
321198
322061
322278
322466
322537
322670
322977
323031
323051
323540
323690
323804
323920
323926
324014
324062
324205
324242
324531
324726
324901
325151
325302
325354
325619
325984
326070
326234
326292
326664
326767
326897
327351
328019
328086
328102
328202
328952
329014
329057
329461
329506
329769
329950
331214
331273
331551
332133
332432
332635
332665
332788
333067
333577
333674
333857
333899
334185
334323
335083
335097
335334
335544
335685
336247
336312
337054
337309
337353
337424
337840
337921
338631
338762
339445
339505
339511
339524
339664
339905
340149
340188
340253
340295
341101
341173
341194
341341
341894
342130
342442
343015
343202
343312
343449
343673
343805
343869
344007
344469
344475
344630
344702
344884
345108
345563
345616
345624
345958
346106
346289
346333
346950
347067
347353
347715
347888
348104
348255
348380
348948
348997
349220
349380
349401
350719
350732
350969
351013
351230
351253
351763
352089
352539
352897
352928
353175
353385
353438
354216
354659
354972
355050
355520
355661
355812
355831
355848
355892
356448
356498
356721
357629
358338
359175
359310
360222
361047
361090
361488
361677
361735
362181
362260
362444
362482
362768
363692
363873
364367
364672
364804
364850
364895
364930
364948
365431
365455
365536
365989
366711
366919
366994
367405
368080
368210
368222
368496
368517
369769
370111
370216
370690
370933
371575
371690
371866
372212
372225
372272
372524
372638
372811
373869
373929
373931
374383
374485
375021
375108
375197
375519
376431
376468
376616
376847
377380
377384
377414
377445
377607
377790
378962
379359
379448
379466
379576
379896
380150
380236
380828
380864
381013
381273
381310
381585
381698
381774
382063
382314
382891
383043
383172
383464
383508
383585
383621
383805
384135
384261
384542
384876
384906
385169
385298
385319
385713
385901
386196
386709
387123
387267
387532
387643
387660
388739
388979
389186
389258
389328
389628
390039
390199
390469
390726
391445
391675
391758
391928
392706
392712
392795
392833
392932
393261
394221
394503
394741
396392
396719
397384
397874
398526
398681
398935
399468
399611
400208
400662
400722
401036
401082
401190
401287
401413
401551
401971
402635
402743
402886
403177
403184
403388
403598
403828
404019
404157
404281
404441
404491
404757
405072
405901
406037
406056
406155
406430
406989
407118
407182
407237
407802
407912
407955
408096
409352
409957
410856
411679
411901
411926
412666
413003
413024
414036
414104
414151
414662
414831
415145
415780
415901
416080
416219
416657
418074
418381
418451
418585
418747
418780
419307
419368
419439
419470
420016
420839
420841
421586
421796
422778
422871
422901
423300
423347
423611
423653
423878
424857
425210
427086
427283
427936
428202
428270
428661
429092
429527
429537
430159
430182
430886
431265
433073
434088
434210
434234
434342
435521
435733
435869
436127
436617
436751
436940
437007
437974
438114
438712
439041
439252
439910
439953
440725
441739
443011
443377
443524
443706
443971
444003
444161
444175
444316
444802
445031
445292
445481
445614
446209
446324
446739
447011
447857
447981
448228
448486
449038
449105
449176
449358
449488
449529
449531
449596
449803
449919
450205
451204
451487
451717
453256
453458
453671
453797
454219
454538
454907
455008
455039
455312
455551
455688
455780
456470
456685
456772
457314
457599
457930
458339
458692
458746
459432
460711
460884
461107
461322
461571
461997
462037
462048
462101
462636
462697
463350
463872
464217
464243
464331
464482
464519
464605
464868
465308
465370
466493
466946
467225
467716
467764
468396
468426
468467
468551
468661
469049
469254
469724
469746
469830
470065
470403
470752
470757
471376
471412
471524
471775
472209
472435
472947
472951
473263
473727
474027
474269
474598
475252
475440
475454
476100
476259
476951
477056
477785
477808
477935
478306
478437
478456
478530
478916
479114
479246
479256
479302
479307
479910
479921
480193
480373
481424
482021
482512
482965
483100
483545
484135
484910
486075
486197
486237
487374
487746
488781
488785
488823
489055
489263
490090
490114
490381
490492
490507
490551
490823
491120
493464
493696
494174
495076
495304
495376
495387
496456
496463
497232
497772
498199
498326
498334
498748
499566
499734
499755
500586
500915
501023
501168
501514
501635
501661
502104
502111
503538
504200
504769
504984
505184
505482
505602
505693
506461
506972
507197
507622
507639
508058
508075
508467
509007
509386
509539
510144
510816
511024
511129
511557
512340
512483
513268
514067
514478
514669
514683
515329
515406
515638
515778
516709
516827
517083
517413
518130
518759
518902
519059
519320
519327
519452
519482
519499
519718
519887
519950
520014
520508
520521
520531
520616
520939
521191
521885
521931
522344
522574
522769
522815
523356
524408
524542
525118
526088
526400
526693
526750
526887
527838
527983
528153
528700
528757
528917
529620
529805
529923
530118
530408
530688
531681
531875
532233
532334
532504
532633
533108
533646
534063
534268
534619
534767
535413
535916
535929
536074
536146
536334
536398
536549
536615
536669
536696
536722
537236
537580
537708
537742
538133
538928
538955
539324
540017
540234
540247
540956
541286
541390
541417
541470
541758
542059
542723
542971
543400
543430
543699
543895
544090
544445
544927
544950
545209
545910
546453
546706
547017
547386
547651
548128
548180
548581
548624
549238
549247
549392
549403
549728
549924
550155
550227
550546
550646
550799
551221
551540
551934
552027
552046
552703
552715
552824
552903
552972
553463
554567
554607
555005
555121
555644
555806
556024
556969
557011
557871
558112
558182
558685
558940
559549
559604
560373
560614
561615
562015
562456
563834
563868
564535
565117
565124
565672
565955
566430
567466
567637
568132
568740
568796
568859
568886
569268
569279
569977
570112
570365
570458
570477
570702
571913
572037
572333
572636
572643
572850
573848
574109
574518
574757
574821
574855
574979
575459
575523
576233
576240
576285
577925
578038
578902
579124
580773
580829
581042
582375
584045
584167
584447
585565
586508
588138
588437
588699
589044
589124
589209
589776
589811
591465
592001
592618
592882
593390
593447
594114
594142
594237
595026
595081
595248
595321
595863
596052
596199
596217
596760
597180
597314
597497
598156
598167
599245
599808
600143
600341
600607
601306
601900
602097
603134
603301
603391
603738
604098
604333
604413
604562
604653
604772
605319
605523
606283
606450
606632
606898
608363
609178
610054
610196
610365
610472
611456
613132
613206
613224
613804
614630
614909
615324
616783
616924
618347
619193
619649
621094
621246
621645
621843
622174
622439
622516
623335
623370
623497
624174
625006
625462
625648
626152
626305
626547
628778
629549
631244
631252
632049
634000
634282
634638
635753
639570
639907
642745
644632
645122
645215
646121
648052
649714
650179
651647
655103
656209
656645
657257
657959
658355
659176
661807
662972
663763
664517
664887
665336
665373
665897
668032
668785
671210
674222
674326
675048
675318
681522
682321
683240
684546
685231
685984
687512
691544
696047
696497
700863
711135
711308
711978
714708
714833
715147
715221
717312
717621
718379
719340
720705
721265
721374
721421
721582
721848
723581
724230
725052
725406
726412
727526
729550
730652
731074
731462
731934
733146
733175
733514
734111
736206
737348
737370
740276
742829
743412
743629
744146
745508
747609
749038
749466
750689
751190
752568
752912
753649
754409
755506
756591
756605
757860
758029
759495
759628
759858
760228
760359
761697
762147
764487
765564
768034
770844
771232
771728
773826
774498
775570
776247
777457
777581
777614
780709
781190
782330
785904
786084
787610
787614
788170
789167
789245
789767
790557
794642
796107
796552
796862
797618
797767
798022
798831
798943
800526
801074
802585
802670
803745
804222
804391
804528
804991
805041
805158
805164
805362
806299
806614
807093
807149
807708
808804
808909
812820
813375
813694
814142
814206
815181
816223
817038
818643
819320
819522
820725
821001
821662
822198
822265
822437
822596
822613
825168
825311
826083
826525
829834
830560
830974
832293
834953
835363
835707
836943
837799
837941
838612
839662
840790
841816
842240
842314
842941
843549
844047
844269
845666
845961
847660
847693
849095
852354
852509
862741
863202
863705
864033
864160
864748
864992
865256
866022
866133
866185
866385
866723
867283
867553
867699
867805
869471
869631
870078
871331
871701
872014
873343
873614
874051
874064
874591
875487
875691
875771
876212
876615
876768
879040
880981
881238
881500
881686
881754
881847
882170
882396
882864
883193
885452
885538
885571
885686
886050
886368
886501
887049
887474
887624
888404
888861
890351
890821
891971
892510
892554
893091
893310
895339
895429
896272
896485
897071
897079
897914
898484
898779
899049
899167
899725
900394
900910
901421
903824
904119
905059
905222
906281
906631
906775
907710
907796
908021
908504
908778
909107
909425
910272
911734
912460
912470
912487
912494
913363
913577
913899
914699
915090
915181
915275
915340
915453
915580
916106
916428
916702
916838
917021
917049
917858
918260
919731
919805
920194
920439
922122
922618
923888
923982
924447
925269
926311
926491
926494
929267
930665
931831
932438
934545
934626
937696
937934
938245
938561
938866
939342
941542
942090
942717
942898
943036
945563
947030
947705
948196
948279
949127
950022
950699
951096
953088
953767
955102
955120
956341
956675
956708
957231
957568
958708
959199
960713
963500
963615
964075
964137
964257
964386
964558
964899
965246
965330
966129
966233
966509
967024
968551
970256
970438
971477
972201
972942
973075
973128
973928
973987
975853
976245
976575
976831
976894
977093
977160
977226
978950
979627
981835
981885
982862
983363
983577
983984
984988
985381
989737
990118
990135
991783
992130
992235
992452
992532
994191
994564
994922
996454
997163
997179
998202
998429
998703
999452
999584
999728
999737
1000349
1001200
1001550
1001604
1001837
1002959
1003119
1003984
1005767
1006950
1008468
1009400
1009619
1010948
1011163
1011189
1012941
1014033
1014362
1014587
1014944
1015341
1016343
1016615
1018185
1018818
1020524
1021208
1021696
1022740
1023595
1023700
1024511
1025065
1025962
1028364
1029030
1029264
1030087
1030880
1030936
1032224
1033454
1033497
1034014
1034508
1034825
1035978
1039714
1039879
1040011
1040091
1043631
1043642
1043742
1044945
1045120
1045298
1045705
1046018
1046472
1046714
1046826
1047997
1048196
1049074
1051621
1051971
1053208
1054084
1055071
1056397
1057511
1057855
1058491
1058591
1059459
1060176
1063143
1063785
1065028
1065517
1065536
1066512
1066548
1066554
1066628
1067487
1067609
1069182
1069245
1070513
1070841
1071508
1072390
1072706
1073860
1075153
1075341
1078690
1080645
1081226
1083134
1083655
1086102
1086963
1089919
1090194
1093004
1093055
1099677
1106966
1110027
1111612
