106442
122042
144120
149534
150201
190081
232528
298513
311290
313330
315521
318521
326027
346858
353471
354817
374181
376091
377865
378081
390288
394990
403724
407466
420524
429671
432320
438276
440211
444738
447562
454311
461439
469453
481450
482054
485828
489428
495371
499204
516269
517714
518080
518703
521874
522400
527626
528960
529566
537066
537392
537653
542485
548299
548438
560803
563672
564954
565239
567223
570323
571241
574336
574389
579772
580138
580438
582194
584282
585469
586050
588694
589753
590647
595959
596504
598052
599293
601724
601993
602168
602687
613619
614928
615032
618413
621705
624419
656490
733873
734691
738293
743189
747498
755984
759058
761437
781095
830520
837578
843700
865294
868054
870068
872317
872909
872971
873394
875163
875744
876096
881163
882356
884273
885377
886947
890522
895954
896790
897633
908424
909387
930557
930933
931112
935849
939722
939837
941752
944856
945568
948701
953385
956265
957143
959811
963439
966894
969405
970562
971886
975212
975791
978356
978400
980469
980727
980992
986985
997744
998432
1005572
1006565
1007307
1012912
1017563
1031480
1035622
1036584
1037406
1039082
1040251
1042722
1042966
1043782
1043904
1047094
1060604
1061977
1062346
1063450
1063532
1064451
1065030
1065835
1067131
1067564
1069723
1071940
1072480
1075171
1076700
1079393
1079768
1081710
1093189
1093430
1094910
1097933
1098635
1107835
1109256
1111712
1135742
1160628
1164032
1174346
1181387
