100763
101205
101392
101532
101742
101860
102917
104345
104749
105047
105649
106050
106232
106383
106982
107030
107493
108067
108625
109302
110487
110590
110899
111670
111939
111958
112006
112041
112044
112385
112401
112455
113376
113700
114363
114465
114666
114730
114760
115438
115514
115560
115663
117218
118242
118750
120004
120622
123499
123642
123801
124396
124414
124681
124784
125045
125899
125911
126059
126217
126367
126864
127319
127952
128537
128568
128593
128737
128859
128987
129151
129189
129745
130015
130366
130464
130872
131235
131263
131834
131963
132249
132260
132262
132622
132640
132836
132897
133022
133162
133383
134035
134527
134691
135063
135083
135429
135736
136254
136325
136652
136996
137090
137504
137722
137806
137870
137871
138395
139002
139966
140231
140400
140480
140578
140850
140877
140922
141181
141648
141778
141845
142122
142373
143397
143472
144250
144626
144811
145215
145271
145467
145550
145592
145875
145980
146012
146201
146314
146476
146934
147376
147772
147896
148200
149025
149094
149249
149318
149350
149579
150164
150337
150432
150585
151594
151873
152033
152806
152991
152992
153900
153963
154184
154647
154737
155710
155855
155896
156096
156366
156680
157047
157427
158436
158678
160378
160433
160892
161010
161742
162055
162224
163124
163869
164004
164525
164738
165882
166530
166603
167097
168584
168960
169021
169208
170586
170884
171039
171795
172599
173433
173528
174537
174585
174805
175203
175498
176262
176549
176862
177235
177767
177889
178754
179113
179750
179988
180207
180223
180415
180786
181607
182377
183762
184277
184841
185156
185297
185610
188032
188229
188482
188597
188795
189014
190630
191954
192028
192516
192624
193056
193333
193677
193871
195105
195200
195246
196143
196329
196976
197421
197571
197718
198194
198355
198566
199068
199516
199519
199655
199886
201024
201127
201617
201921
202124
202371
203067
203771
203819
204013
204827
205003
205668
206093
206111
206991
207585
208232
208648
208815
208865
208955
209010
209598
209734
209794
209799
209988
211109
212031
214303
214331
214446
214463
214828
215998
216620
219965
220108
220247
221580
221843
222847
223220
223318
223536
224581
225819
226746
227142
228559
229028
229076
230282
230440
230479
230762
230980
231620
233174
235462
235637
237536
237582
237920
238828
239203
239224
240304
241017
241388
241558
241673
242171
242195
242201
242526
243089
243291
244827
245412
246011
246550
247209
247304
247704
247735
247777
247822
247851
248336
248473
248530
249738
250143
250342
250440
250530
250963
252620
252915
253466
253734
253749
254395
254830
256229
256946
256993
257663
257700
257995
258025
258299
258405
260419
261086
261264
261384
261464
261502
261761
262086
262140
262161
262637
262702
262771
262919
264688
264832
264893
265921
266488
266879
266917
266995
267463
268342
269603
269882
269982
270754
270768
270927
271207
271265
271865
272234
273854
274330
274377
274742
275298
275684
276878
277935
278593
278702
279218
279787
280693
280868
280994
281142
281705
282112
282261
282533
282802
282914
283251
283278
283334
283819
283918
284023
284389
285463
285803
286104
286173
286215
286294
286306
286527
286554
286637
286753
286890
286903
287490
288039
288120
288225
288562
289220
289241
289707
290089
290340
291022
291165
291297
291344
291512
291564
291682
291752
291899
291986
292246
292347
292422
292856
292873
292885
293099
293313
293451
293602
293851
293943
293947
293992
294116
294412
295084
295397
295601
295787
295802
296455
296725
296795
296815
297354
297364
297718
298041
298174
298368
298450
299397
299523
300136
300145
300349
300916
300920
301157
301724
301985
302249
302269
302568
302580
302619
302892
303091
303403
303602
303778
303808
304298
305022
305264
305651
306030
306069
306607
306638
306849
306942
307095
307595
307895
308273
308334
308573
308584
309445
309662
309792
309947
310170
310380
310619
310914
311539
311546
312418
312509
312825
312877
313387
313839
314046
314138
314234
314587
314607
315485
315504
315575
315762
315774
315946
316003
316042
316096
316209
316368
316593
316705
316859
317108
317424
317870
318039
318233
318265
318300
318882
318927
319179
319317
319824
320316
321098
321172
321348
321672
322085
322207
322486
322520
322776
322922
323034
323046
323479
323778
323949
324104
324277
324282
324352
324362
324441
324616
324696
325208
325265
325831
325972
326153
326190
326276
326598
326603
326681
326781
326961
327025
327138
327452
327554
327681
327702
327975
327984
328363
328876
329426
329650
330072
330084
330205
330279
330312
331247
331511
331786
332078
332121
332348
332850
332943
333530
333809
333924
334058
334431
334438
334634
334815
335041
335094
335224
336107
336163
336304
336514
336730
336921
337009
337592
337743
337814
338405
338543
339159
339606
339931
340311
340820
341270
341648
341749
341866
342546
342688
342699
342712
343189
343385
344061
344704
345369
345780
346415
346745
346758
346893
347169
347187
347476
347516
347752
348100
348809
349256
349360
349532
349622
349756
349811
350054
350143
350390
350593
350769
350820
350903
350965
351455
351613
351640
351686
351712
351855
351920
352108
352255
352405
352527
352993
353037
353337
353340
353361
353644
353663
353672
353681
353820
353824
354054
354101
354364
355203
355402
355756
356937
357362
357620
357957
358021
358497
358515
358557
358958
359002
359007
359077
359766
359909
360734
360750
361022
361188
361384
361695
361859
362894
363046
363093
363733
365174
365510
365690
366422
366567
366986
367391
367407
367523
367913
368001
368030
368138
368624
369390
369391
369654
369660
369956
370502
371498
371519
372108
372351
372502
373006
373078
373394
374468
374604
374847
375104
375544
375617
375663
375949
375986
376328
376513
376934
377365
377424
377599
377735
378008
378116
378436
378820
379043
379133
379792
380333
380689
380881
381138
381252
381313
381377
381668
381808
381830
381915
381928
382117
382334
383039
383294
383912
383964
383984
384122
385149
385192
385271
385979
386610
387239
387325
387373
387565
387862
388097
388132
388392
388716
388801
388905
388923
388999
389033
389285
389694
389853
389860
390700
390756
391643
392099
392504
392669
392937
393396
393462
393938
393962
393981
394026
394135
394626
394747
394811
395023
395479
395989
396036
396326
397272
397289
397622
398241
398410
398721
398743
398960
399352
400253
400264
400788
400880
401053
402221
402445
402662
403759
403959
404122
404347
404596
405439
405533
405575
405783
406251
406407
406478
406484
406626
407030
407134
407141
407250
407276
407307
407781
408799
409376
409613
409690
410985
411304
411452
412316
412387
412414
412468
413192
413278
413547
413867
413937
413969
413973
414188
414193
415088
415447
415502
415967
416623
416684
416795
416959
418770
419033
419058
419469
420571
420842
420848
420879
420968
421137
421496
421949
422060
422151
422283
422933
423518
423574
423915
424318
424321
424458
424511
424865
425005
425472
425686
425783
425951
425954
426511
427062
427096
427250
427768
428256
428345
428462
428651
429530
429767
430018
430391
430553
430566
430606
430619
430802
431084
431431
431481
431547
432704
432995
433328
433562
433793
435091
435281
436333
436385
436764
437193
437689
437913
438169
438426
438718
439114
439115
440622
440924
440982
441047
441905
442411
443628
443780
443929
444081
444776
444803
445147
445799
445901
446043
446169
446391
446438
446783
447321
447368
448392
448590
449166
449584
449743
449925
450235
450524
450548
450623
450648
451363
451669
451914
452286
452308
452545
453193
453207
453529
453725
453918
454059
454083
454097
454130
454161
454299
454692
455342
455572
456209
456219
456558
456775
456884
456892
457077
457287
457493
457865
458098
458163
458268
458365
458549
458615
458921
459341
459345
459405
460017
460089
460228
460453
460523
460550
460697
460839
461276
461611
462055
462209
462734
462736
462829
463488
463510
463711
463851
463912
464167
464208
464687
464842
464909
464927
465591
466084
466468
466609
466937
466979
467032
467594
468259
468304
468355
468445
468597
468745
468837
468961
470033
470042
470805
470967
471841
471956
472019
472481
472493
472513
472871
473077
473212
473831
473843
473942
474566
474673
475157
475420
475637
476137
476199
476561
476652
476721
477413
477616
477648
477668
477692
477918
477997
478065
478326
478450
478556
478604
478744
478749
479474
479629
479753
479754
480033
480136
480307
480366
480481
480524
480899
481388
482352
482729
482761
483161
483490
483533
483675
483818
483922
483926
484493
485052
485312
485826
485844
485901
486023
487260
487513
487658
488337
488496
489886
490096
490190
490207
490343
490454
490737
490874
491256
491767
491803
491884
492413
492488
492580
492635
493013
493029
493535
493553
493713
493782
493937
493984
494444
495047
495409
495457
496856
496929
496932
497223
497326
497798
497799
498529
498661
498824
499303
499712
500021
500190
500694
500716
501066
501191
501790
501835
502094
502348
502397
502556
502688
502923
503126
503187
503254
503371
503525
503701
503953
504100
504102
504538
504682
505071
505088
505316
505338
505518
505613
506392
506588
506626
507179
507478
507489
507835
507911
507921
507933
508067
508100
509785
509851
510062
510199
510597
510669
510973
511147
511225
511341
511757
511792
512147
513029
513469
514471
514660
515368
515788
516100
516115
516197
516238
516797
517175
517461
517820
518075
518337
518714
519593
519604
519872
519885
520041
520059
520204
520267
520897
521220
521237
521418
521461
521549
521986
522476
522628
523099
523147
523273
523346
523545
523672
523732
523818
524222
524613
524910
525438
525481
525815
526047
526488
526976
527200
527677
527840
528008
528271
528367
529602
529904
530055
530944
531280
531398
531416
531554
532387
532781
533074
533279
533301
533706
534156
534265
534267
534548
535088
535159
535736
536487
536971
536973
537131
537134
537145
537542
538286
538619
539813
540337
540788
542075
542084
542288
542397
543214
543323
543354
543558
543563
544196
544260
544783
544830
545177
545590
545605
545865
545869
545944
547082
547328
548063
548135
548219
549038
549263
549754
550293
550387
550676
550746
550893
551179
551394
551617
551846
552778
552904
553151
553662
553886
554132
554164
554565
554852
555398
555540
555618
555731
555753
555942
556224
557472
557537
557579
557959
558778
558934
559024
559052
559535
559713
560291
560324
561252
562006
562031
562434
562494
562656
562758
563386
563531
563600
563641
564256
564980
565366
566212
566222
566225
566577
567220
567321
567649
568128
568646
568906
569912
570723
570894
571624
571874
573223
573259
574409
574626
574634
574649
574836
575229
575287
575800
575826
576380
576459
576831
576981
577104
577134
577371
577441
577476
578400
578455
579353
579539
580094
580256
580384
581633
582270
583115
584082
584126
584973
584986
585291
585369
585712
585939
586206
586233
587925
588309
588423
588666
588675
588730
589179
589325
589425
589952
590237
590352
591109
591492
591704
592112
592123
592446
592510
593091
593596
594027
594063
594239
594535
594866
595077
595152
595305
595341
595417
596083
596160
596430
597001
597071
597177
597247
597464
598391
598811
598989
599049
599279
599480
600101
600388
600449
600773
601555
601588
602111
602122
602247
602709
602861
603395
603718
604451
604591
604625
604650
604947
605028
605153
605261
605595
605811
606377
606483
606490
606841
607089
607267
607278
607784
608651
608653
608822
609085
609104
609130
609478
610118
610976
611059
611397
612790
612811
614129
614670
615217
615243
615597
615986
616221
616225
616278
616287
616689
616767
617193
617647
617729
618550
618779
619106
619437
620005
620502
620522
620668
621200
621358
621627
621707
621918
622027
622269
622433
622481
622586
622610
622767
622990
623127
623137
623440
624033
624070
624190
624212
625549
625753
626070
626399
626516
631451
633077
633114
643227
645318
650921
655399
655970
657575
657607
657859
657885
657916
660994
661189
663289
664262
667459
668634
668724
669746
670007
673242
674245
675569
675592
681539
682624
684620
684785
688197
688870
690846
692982
692993
693851
695149
697825
697903
699477
703679
704752
704970
706270
709409
710040
710137
712041
714299
716902
718646
718818
719763
720603
723407
723771
724205
725674
727906
729476
729883
730202
731754
732484
733250
733800
734723
735589
736875
738639
739109
739112
740142
741223
741297
741466
742006
742518
744741
745144
745339
745567
746930
747719
747961
748201
748914
749414
749724
749773
750189
750769
751640
751706
751822
752203
752734
752960
753087
753150
753439
753456
753583
754685
754715
755160
756204
756633
756856
756895
757332
757597
757634
757685
758197
758478
758594
762412
762864
764009
764204
765800
766603
767438
767723
768575
768895
769479
770709
775671
777046
777179
778466
778698
779524
779784
779847
782913
783085
783600
784400
785590
786836
788680
790704
793957
794248
794611
794675
794721
794818
795086
795192
797258
797398
798464
798749
799581
799798
803252
803600
806597
806888
810351
812459
816747
817245
817581
817595
817773
818839
819684
819872
820012
820577
821047
821526
821908
824022
824247
824942
825254
825755
826897
827281
827818
828469
828612
828865
829333
829768
829769
830201
830500
830899
831241
832102
832721
833102
834134
835149
835212
835606
835609
836721
836821
837831
838190
839992
840115
840247
840826
841160
843255
844279
844499
845238
845834
847002
847010
847038
849063
849181
849219
849398
849812
855754
859437
863786
864036
864313
864333
864345
865067
865207
866670
867332
867714
867719
867960
868045
868636
868995
869019
869065
869075
869371
869865
869913
870237
871822
872009
872511
873712
874128
874160
874430
874855
875101
875212
875222
875431
875583
875750
876067
877676
879068
879166
879388
879452
879726
879794
880445
880558
880605
881192
881389
881662
882047
882861
883208
883223
884245
884542
884582
884807
884868
886358
886460
886814
887807
887818
887828
888075
888336
889243
889462
890020
890216
890276
891618
892098
892371
892868
894239
894596
895649
895668
896260
896293
897154
897326
898005
898398
898564
899330
899503
899601
899788
899914
900576
900753
901075
901480
901588
901721
901879
902624
902696
903406
903493
903623
903655
904073
904210
904261
904661
904967
904975
905130
905758
906492
907922
908076
908232
908561
909345
910192
910765
911147
911208
911227
911400
911475
911887
911967
912610
913373
913386
913872
913998
914265
914974
915947
916237
916245
916885
917953
918021
918214
918553
918855
919299
919439
919511
919514
919667
920326
920582
920725
921675
922012
922213
922347
922589
922634
922746
923299
923784
924092
924231
924254
924262
924391
924491
926450
926471
927307
927343
927492
928649
928931
929431
930235
930308
931146
931403
932389
932407
932650
932953
933048
933077
934392
935159
936731
937549
937601
938572
942775
942830
944375
945744
946201
946836
949144
949334
949677
949779
950121
950274
951130
951497
951912
951964
952567
952756
952954
953727
953733
953965
953991
954109
954307
954512
955150
956307
956698
956935
957469
957858
958096
958178
958301
959598
959856
960100
960361
962422
963214
963523
964786
964806
965265
965857
966062
966593
966930
967296
969035
970747
971149
971440
971904
971922
972260
972461
973330
973850
974145
975068
975106
975486
975522
976041
976717
976825
976854
977224
978249
979366
979670
979793
981085
981210
981371
981616
981782
983100
983244
983459
984430
984803
985407
985588
987387
987415
987841
988673
988692
989006
989394
989745
990024
991528
992094
992906
993719
993835
994820
995068
995311
995513
996211
996220
996264
997283
998545
998627
998827
999796
999866
1000572
1000991
1001029
1001774
1002608
1002713
1003133
1006076
1006130
1006344
1006464
1006519
1006837
1007054
1007975
1008533
1008562
1009078
1009380
1009525
1010844
1012150
1012178
1012951
1013061
1013357
1015214
1015959
1016135
1016346
1016700
1016751
1017324
1017422
1017820
1019039
1019250
1019590
1019603
1020503
1020542
1021126
1021653
1022568
1026945
1027496
1028096
1028770
1029468
1029514
1029970
1030025
1030310
1030502
1030590
1030764
1031494
1031992
1032002
1032320
1032925
1034093
1034094
1034336
1034783
1035095
1035211
1035567
1036452
1036736
1037072
1037379
1037769
1038016
1039249
1040391
1041445
1042088
1042234
1042707
1042811
1042827
1043027
1043402
1043708
1043765
1043823
1044582
1044791
1045188
1045493
1045906
1046145
1046665
1048123
1048305
1048927
1050479
1050652
1051611
1053110
1053396
1054237
1054312
1054435
1054705
1055363
1056467
1056649
1056892
1057307
1057679
1057759
1057854
1058519
1059225
1059504
1059674
1060858
1061327
1063688
