100209
100212
100351
100743
101105
101165
101389
101392
101532
101749
102086
102375
102917
103044
103046
103814
104231
104749
105047
105126
105429
105649
105843
106150
106186
106214
106319
106591
107811
108294
108680
108875
108938
109363
109381
109572
109767
109828
110073
110211
110899
111209
111342
111383
111456
111737
112041
112235
112387
112511
112979
113036
113487
113725
114281
114449
114601
114666
114730
114932
115438
115514
115809
116257
116517
117387
117669
117730
117850
118229
118234
118364
118478
118554
118675
118946
120124
120286
120461
121128
121147
121408
121437
121590
121700
121730
121796
122221
122381
122926
122976
123050
123501
123517
123777
123801
124042
124252
124464
124500
125349
125485
125579
126059
126249
126367
126619
126662
126691
127376
127760
127960
128265
128359
129071
129318
129415
129757
130015
130053
130188
130366
130532
130555
130571
130743
130769
131190
131208
131348
131406
131572
131823
132014
132054
132099
132253
132260
132417
132722
132763
133022
133633
133707
133892
134285
134473
134483
134545
134631
135030
135736
136688
137163
137270
137677
138170
138395
138707
138754
138950
139064
139544
140183
140784
141196
141322
141815
141907
143182
143234
143238
143382
143415
143725
144164
144171
144206
144626
144811
145017
145209
145215
145422
145566
145823
145928
146032
146201
146275
146554
146701
147079
147410
147896
148122
148360
148931
149020
149318
149423
149428
149797
149886
149963
149980
150817
150825
151216
151645
151873
152033
152266
152462
152801
153731
153799
153850
153949
153970
154132
154214
154300
154570
154953
155231
155710
156054
156096
156644
156708
157047
157172
158639
158972
159071
159399
159748
160378
160433
160791
160806
160907
160974
160992
161156
161206
161674
161915
162190
162567
163332
163674
163810
163869
163934
163968
163984
164593
164738
165005
165402
165496
165785
165897
166524
166603
166799
167002
167209
167298
167409
168009
168201
168956
168983
169488
169561
170035
170131
170162
170167
170729
170884
171090
171177
171287
171393
171664
171711
171725
171799
172679
172756
172938
173162
173319
173324
173416
173528
173746
173876
174930
174942
175183
175222
175673
175937
175990
176112
176123
176216
176262
176286
176379
176750
176752
176862
177126
177148
177373
177528
177796
177933
177965
178285
178751
178921
179416
179727
180223
180273
180415
180493
180522
180557
181312
181495
182361
183672
184070
184660
184731
184756
184838
184841
185152
185566
185772
185798
186832
186974
187156
187229
187330
187833
187947
188374
188380
188513
188558
188588
188917
189419
189637
189769
190394
190458
190900
191293
191307
191857
191909
191954
192455
192516
192911
192950
193469
193677
193943
194335
194469
195023
195024
195197
195228
195241
195260
196190
196232
196329
196577
197627
197750
197778
198355
198548
198923
199984
200047
200525
200573
200862
200898
201118
201188
201396
201448
202122
202124
202996
203225
203487
203511
203999
204034
204046
204400
204543
204764
205109
205470
205515
205626
205793
205866
205954
206111
207002
207287
207829
208423
208904
209514
209608
209659
210484
211109
211111
211458
211606
212013
212576
212581
212783
212932
213109
214066
214177
214303
214332
214517
214721
214798
215060
215374
215849
215998
216241
216570
216732
217351
217726
217829
218025
218198
218739
218865
220306
220407
220889
221670
222020
222416
222968
223109
223220
223293
223517
223739
224186
224522
225166
225520
225688
226086
227151
227267
227452
227628
227723
228856
229076
229582
230124
230410
230440
231351
231893
231930
232553
233415
233592
234803
234829
235708
235783
235859
236040
236154
236164
236326
237131
237374
238326
238828
238857
238881
239503
240083
240151
240504
240562
240766
241558
241897
241974
242200
242201
242212
242569
242913
243824
243983
244024
244049
244198
244673
245092
247304
247730
247735
247792
247851
248072
249024
249567
249740
250153
250700
250929
250963
251002
251273
251365
251428
251568
252287
252505
253171
253734
253781
254153
254203
254316
254477
254661
254815
254833
254847
255031
255198
255262
255407
255765
256742
256962
257700
258194
258896
259143
259561
259630
259650
259705
259927
260244
260419
261223
261226
261240
261384
261396
261502
262086
262409
262442
262924
263546
263583
263706
263913
264277
264567
264687
264688
264893
264938
265739
265800
266265
266430
266488
266648
266879
266884
267343
267467
267798
267956
268921
269244
269732
269975
270310
270435
270517
270690
271553
271779
271915
272097
272307
272583
272651
273229
273864
274132
274199
275928
276275
276676
276720
276839
277301
277744
277766
278811
279311
279504
280156
280452
280693
280745
280966
281256
281377
281584
281646
281894
281951
281956
281988
282393
282500
283278
284995
285144
285828
286054
286104
286173
286321
286412
286476
286637
287042
287131
287308
287468
287854
288098
288119
288466
288842
289246
289773
289833
289916
290337
290585
291165
291218
291344
291944
292347
292422
292451
292878
292885
293040
293764
293771
293992
294109
294115
294838
294969
295143
295265
295458
296343
296725
296815
297113
297431
297988
298245
298368
298450
298548
298742
299083
299926
300380
301486
301872
302709
302715
302871
303213
303230
303403
303422
303616
303696
304421
304780
304857
305419
305678
305778
306257
306731
306906
307173
307210
308273
308467
308525
308695
308900
309127
309153
309563
309886
310155
310170
310380
310576
310581
310978
311654
312029
312256
312604
312856
312870
312919
313084
313472
313887
314126
314138
314228
314356
314644
314647
314740
314874
315579
315870
316042
316368
316859
317434
317586
317590
318075
318300
318322
318677
318678
318895
318927
319146
319299
319461
319484
319870
320151
321172
321198
321348
321568
321909
322193
322387
322520
322776
323051
323281
323601
323804
324062
324352
324441
324985
325354
325450
325922
326190
326276
326483
326598
326935
327610
327681
327766
327889
328201
328721
328952
329506
330084
331203
331214
331420
331511
332121
332217
332665
332850
333036
333924
334185
334919
335224
335334
335400
335544
335918
336243
336247
336514
336533
336968
337386
337531
337592
337630
337693
338288
338762
339428
339524
339606
340311
340456
341102
341270
341341
341582
341989
342221
342546
342688
343189
343449
343754
343805
343968
344415
344630
344970
345108
345215
345337
345616
345624
345762
345803
346125
346406
346427
346443
346539
346950
347220
347476
347715
347981
348261
348281
348322
348948
349380
349536
349622
349769
350143
350390
350498
350732
350965
351230
351569
351602
351686
352703
353175
353299
353724
353744
354101
354558
355676
355838
356320
356448
356791
356828
356945
356977
357309
358021
358199
359007
359042
360297
360794
361281
361488
361926
361977
362058
363093
363976
364367
364658
364672
364948
365174
365613
365690
365986
366033
366241
366561
366567
366974
367391
367477
368080
369206
369285
369302
369390
369391
369484
369666
369769
370593
370988
371118
371498
371575
371613
371882
372049
372212
372272
373616
373743
374365
374522
375021
375104
375519
375587
375617
375663
376043
376124
376486
376505
376847
377059
377365
377445
377599
377790
378052
378092
378183
378650
379016
379021
379379
380309
380881
381310
381774
381808
382043
382117
382334
382427
382663
382693
383425
383508
383585
384238
384261
384542
384801
384803
384906
385630
385713
385880
386015
386245
386800
387194
387297
387532
387611
387635
388275
388634
388739
388905
388999
389285
389385
389425
389628
389693
389821
389830
390670
391425
391758
392706
392795
392833
392932
393462
393647
393967
393980
394026
394073
395351
395532
395989
396547
396655
396859
397035
398410
398935
399087
399107
399468
399590
400253
401963
402693
403042
403177
403184
403445
403729
403759
404367
404757
405314
405901
406989
407237
407242
407514
407610
407638
407808
407912
407955
408175
408729
409352
409547
410175
410250
410508
410814
410856
411571
411591
411787
412173
412376
412481
412666
412959
413148
413192
413937
414036
414076
414193
414758
415236
415605
415780
415967
416219
416684
416799
416910
417411
417557
418074
418617
419307
419738
420571
420597
420958
421395
421796
422151
422405
422567
422871
422933
423602
423611
424114
424318
424458
424865
425149
425424
425538
425686
425951
425954
427096
427250
427287
427783
428148
428720
428793
428816
428875
429151
429537
429767
429973
430159
430160
430278
430438
430802
430812
431547
431592
432640
432669
432703
432995
433003
433109
433622
434197
434234
434667
435797
435869
436127
436333
436373
437007
440622
441047
442147
442178
443011
443015
443171
444143
445646
446166
446397
447047
447204
447321
447717
448392
448486
448590
448664
448779
449038
449358
449488
449584
449596
449890
449925
450524
450950
451363
451511
451669
451909
452331
452545
453193
453207
453338
453834
454161
454219
454478
454672
454796
454904
455312
455319
455342
455425
455749
456750
456790
456892
457002
457399
457591
457691
457914
457924
458081
458098
458101
458240
458254
458746
458921
459070
459305
459933
460089
460228
460711
460884
460889
461118
461699
462037
462055
462181
462259
462727
463016
463030
463433
463512
463550
464208
464482
464519
464605
464835
464868
464909
464983
465110
465158
465308
465370
465462
466057
466147
466214
466493
466937
467667
467760
467763
468363
468467
468551
468661
468745
468797
469049
469770
470042
470065
470235
470255
470393
470805
470944
472673
472871
473077
473266
473727
474401
474431
474598
475420
475601
475637
475671
475865
476566
476798
477413
477616
477692
477918
478530
478604
479087
479114
479246
479256
479332
479346
479392
479474
479753
480366
480524
480899
481388
481954
482018
482313
482352
482410
482512
482622
482649
482699
482999
483161
483402
483502
483533
483545
483818
484013
484569
484669
484792
484879
484934
485052
485098
485101
485289
485384
485901
485938
486936
487176
487355
487513
487665
487798
487885
488496
488742
488823
488933
489057
489485
489768
490090
490112
490114
490190
490523
490673
490737
490823
490872
491168
491721
491744
491895
492616
493372
493553
493713
494061
494174
494410
494444
494592
495441
496323
496856
496891
497131
497223
498225
498489
498956
498969
499532
500716
500777
501191
501790
501913
501994
502006
502111
502161
502397
502556
502869
502999
503081
503083
503775
503953
503989
504102
504114
504500
504984
505358
505482
505779
505859
505960
506129
506159
506183
506206
506580
506632
507835
507976
508067
508075
508101
508397
508797
508877
509001
509835
509864
510479
510635
510669
511024
511569
511757
511792
511956
513029
513054
513847
513990
514478
514668
515329
515602
515901
516201
516229
516578
517175
517243
518075
518167
518305
518436
518488
518494
518762
518800
518902
519137
519306
519327
519469
519593
519736
519885
519917
520071
521161
521183
521350
521461
521549
521894
521982
522497
522769
522851
522905
523273
523346
523818
524408
524613
524678
524910
525249
525386
525889
526457
526886
526976
527061
527600
527677
528271
528367
528593
528757
528799
528821
529466
529805
529911
530139
530327
530862
531053
531160
531505
531554
532007
532233
532475
532781
533061
533159
533162
533587
533921
534156
534267
534619
535243
535831
535929
536398
536669
536890
537357
537436
537872
538133
538243
538559
538928
538955
539054
539446
539572
539677
539813
540247
540251
540942
540956
541417
541799
542020
542084
542333
542461
542513
543125
543323
543354
543558
543563
543676
543699
544003
544077
544498
544528
545598
545605
545944
546180
546314
546757
546839
547077
548180
548219
548345
548350
548570
548830
548866
549038
549226
549263
549433
549634
549659
549845
550268
550646
551934
552703
553841
554368
554521
554567
554667
555013
555398
555432
556628
557170
557306
557428
557636
557665
557871
558424
558639
558934
559024
559661
560324
560369
560845
561468
561615
562434
562473
562620
562982
563064
563375
563799
563868
564371
565117
565366
566430
566577
567280
567395
567447
567971
568128
568931
569912
569977
570365
570458
570702
570873
570894
571913
572265
573223
574409
574753
574855
574920
575118
575459
575625
576267
576902
576981
577984
578038
578147
578608
579539
580132
580153
580256
580384
580942
581310
582404
583146
583156
583460
583500
583606
584447
584495
584986
585130
585186
585524
585694
586206
587093
588320
588437
588688
589121
589179
589526
589776
589952
590237
590694
591109
591253
591620
591864
592027
592135
592618
592628
592647
593170
593390
593447
593459
594027
594239
594535
594723
595081
595152
595226
595227
595248
596052
596160
596217
596222
596414
596440
596463
597417
597464
597899
598391
599480
599789
599808
600143
600449
600505
600773
600867
601732
601745
602289
602580
602814
602997
603066
603391
604098
604159
605153
605303
605409
605523
605844
606283
606450
606632
607089
607784
609205
609257
609458
610292
610394
610403
610931
611717
612082
612824
612925
614220
614909
615217
615263
615300
615324
616170
616308
616355
616561
616689
616924
617832
618004
618311
618347
618779
619437
619810
620014
620083
620425
621175
621583
622086
622174
622396
622857
622865
623370
623440
623497
623604
623621
624070
624519
624727
626161
626163
626176
626343
626547
627204
628778
630037
630496
631244
633165
633179
634282
640895
642550
644203
647602
648052
649774
651248
651286
651982
652309
653292
653580
655970
657845
658129
658494
659054
660059
664517
664828
665395
665738
666430
667314
667778
668770
673938
674245
674344
675569
676950
681522
681537
682101
683849
684214
685619
688065
690298
692658
695753
696019
696339
697228
697903
698889
704970
707702
711515
711980
714299
714548
714981
715221
715862
716095
716607
716869
717186
717234
717341
717565
717686
718818
719534
720284
721553
721566
722159
723581
725674
726503
727026
727356
727526
728035
728050
728309
729030
732666
733269
733443
733680
733971
734313
734639
734723
735337
736844
738557
738639
739371
739860
740042
740709
741223
741466
741484
741648
742430
742518
742968
742980
743629
744128
745567
746930
747609
747781
748119
748294
748914
749038
749724
749773
751640
751920
752225
752415
752577
752586
753257
754357
754776
755525
755674
756073
756204
756213
756582
757924
758478
761137
761236
762412
763942
764487
765033
765146
765948
768034
769023
769158
769479
769631
769777
770844
771232
771250
772750
773826
774498
774798
775182
776007
776247
776250
777046
777319
777457
778695
779710
780132
780709
782166
783906
790376
790432
792696
794611
794701
794818
794978
796107
796172
796884
797398
798831
798943
799041
801187
801836
804391
804859
804972
805743
806345
806515
807828
808622
808909
809376
810351
810769
811153
814206
815141
815181
816971
817595
818643
818839
819320
819444
819749
821338
822198
824083
824367
824398
825168
825189
825311
827281
827564
827637
828612
829305
830062
832293
832297
832528
833102
833186
834181
834283
836345
836821
836943
837050
837705
837997
838612
839184
840115
841409
841680
842240
842634
842941
842962
843326
844499
844536
845062
845834
845965
847294
847910
849181
849812
852354
860435
862656
863109
863202
863427
864033
864036
864160
864313
864534
864607
865800
865908
866133
866370
866385
866598
866620
866723
867633
867719
867960
868045
868477
868750
868830
870078
870255
870293
871314
872222
872283
872398
873625
873763
874591
874911
875200
875358
875601
875771
876038
876067
877339
877438
879040
879202
879452
880018
881754
882335
882841
882872
883978
885538
885740
885828
885861
885940
886370
888035
889391
889405
889627
889830
890020
890141
890216
890874
891167
891917
892652
892875
892889
892959
893117
893132
894344
894543
894695
895023
895314
895794
896272
896292
896444
896923
897112
897154
897326
897897
897914
898398
898564
899080
899257
899601
899645
899725
899895
900152
900394
901342
901420
901480
901879
901948
902041
902546
902785
903197
903493
903506
903640
904772
904958
904975
905119
905482
905968
906394
906442
906631
906775
906957
907477
907616
907866
907922
908076
908872
909180
910241
911071
911180
911734
912128
912147
912307
912398
913577
913787
913899
913998
914668
914974
915181
915429
916403
916702
917858
918070
918078
918480
919805
920662
920997
921598
922413
923572
923772
923784
923982
924027
924491
924624
925541
925876
926951
927894
928931
929267
932023
932374
933469
933632
934154
934224
934392
934545
934626
937394
938145
938188
938584
939342
940391
941075
942717
942746
943376
944118
944339
945273
946836
949285
950022
950589
950781
951823
951964
952141
952721
952956
953088
954244
955102
955120
955263
955533
956000
956935
957197
957354
957469
957568
958314
958606
959246
959903
960146
960904
961389
962012
962847
963615
964075
964187
964878
964915
964983
965326
965658
966233
966582
966773
967024
967255
967280
967612
968700
969099
969445
970021
970153
970173
970359
970436
970473
970654
970916
971245
971686
971894
971904
971992
972334
972779
972883
972923
972937
973987
974145
974216
975143
975187
976749
978552
979457
979497
979705
979743
980453
980527
980703
981371
981932
982129
982614
983291
984130
984274
984430
984556
984672
984803
984812
985441
986037
986356
986878
987100
987153
988692
989289
989745
989826
990145
990538
990777
990887
992218
992661
992699
993213
993741
993844
995444
996363
996628
997332
998434
998545
998708
999796
1000572
1001076
1001471
1002608
1002826
1003499
1003675
1003899
1004644
1004766
1004959
1005776
1005793
1006950
1007975
1008376
1008762
1009030
1010263
1010411
1012008
1012882
1013030
1014033
1014663
1014685
1014867
1014944
1015043
1015214
1015669
1016299
1016570
1016615
1016882
1016894
1016985
1017058
1017345
1017704
1018350
1018638
1018702
1019258
1019264
1019603
1022785
1023120
1023410
1024323
1025269
1025285
1026160
1026225
1026754
1027170
1027715
1028216
1028470
1028636
1028864
1029030
1029318
1029458
1029468
1029514
1029676
1029987
1030590
1030863
1030880
1030971
1031512
1032233
1032507
1032925
1033381
1033525
1034094
1034515
1034684
1034783
1035595
1035652
1035670
1035774
1036212
1036452
1036673
1036736
1037646
1039101
1039138
1040091
1040853
1041276
1041694
1042234
1042524
1042827
1043138
1043689
1043865
1044423
1045493
1046730
1047023
1047195
1047587
1047905
1047955
1048518
1048849
1049197
1049835
1051070
1051621
1052000
1052302
1052838
1053129
1053853
1054084
1054188
1054548
1054887
1055101
1055192
1055579
1056600
1056623
1057085
1057356
1057461
1057759
1058415
1058449
1058591
1058725
1059122
1059177
1059661
1061317
1061717
1061789
1061837
1062293
1062858
1063160
1063625
1063946
1064200
1064323
1064637
1064793
1064810
1065332
1065901
1066165
1066512
1066642
1067487
1067495
1067907
1067933
1068315
1068889
1069690
1070469
1070565
1070572
1070941
1071254
1071450
1071864
1072004
1072489
1072676
1072790
1073088
1073476
1073539
1073883
1073918
1074537
1074947
1075134
1075546
1076330
1077708
1078414
1079464
1080244
1080578
1081716
1082751
1084735
1084769
1085088
1085119
1086080
1086117
1086500
1086750
1087105
1088671
1089040
1089586
1089824
1089901
1090057
1090194
1090258
1090818
1091025
1091343
1091680
1091993
1092210
1093614
1093717
1093839
1094792
1095891
1096379
1097548
1097686
1097861
1098732
1098840
1099079
1100710
1101214
1102684
1102832
1102967
1103098
1103163
1103961
1103976
1104517
1104545
1104744
1106530
1106966
1108055
1108766
1109077
1109301
1109348
1109458
1110795
1111553
1111658
1112122
1112194
1112529
1113680
1113856
1115988
1120715
1121072
1121622
1121934
1122125
1122352
1123126
1124305
1124706
1127403
1133175
1133574
1138473
1140442
1149164
1150209
1150527
1151012
1151811
1151977
1152090
1152325
1152434
1152604
1152864
1153425
1153614
1154064
1154207
1154809
1156815
1157432
1157557
1158009
1158284
1158450
1158947
1159082
1159100
1159102
1160888
1161081
1161198
1161524
1162191
1162278
1162398
1162404
1162686
1163248
1163691
1164184
1164560
1164608
1164616
1165070
1165385
1166148
1166682
1166747
1167207
1167436
1167617
1167855
1168448
1168767
1168900
1169009
1169277
1169828
1170233
1170356
1170800
1171370
1171502
1171591
1172145
1174219
1174500
1174695
1175087
1175278
1175583
1176241
1176950
1177979
1179263
1179522
1179792
1179845
1180356
1180907
1185332
1185543
1187108
1187758
