100715
100882
105447
107981
109078
119781
122194
122953
125170
132328
134419
134811
138455
140050
141519
145163
147495
149358
149424
150303
156480
157025
157167
162269
165583
168949
172457
173559
173576
176584
178316
178854
183542
188096
191656
192657
198360
200739
201704
201774
203896
208980
211152
214134
218551
218904
220201
222543
222546
225597
227391
227535
232475
232528
232716
235302
236355
238099
247920
259005
263990
266395
274448
279304
280075
282961
284704
284718
285933
286241
288540
290288
292349
293261
293878
296054
296939
302336
306975
309554
310194
310287
311535
313574
315521
316085
317110
319751
325217
326027
332928
334030
334046
335124
336347
344262
344568
346052
346992
347996
348211
349175
349205
354817
355592
355952
358193
359135
369132
370185
371266
373276
376752
377001
377348
378081
380705
384413
384798
387599
394153
404674
408037
408070
411041
411622
413942
414485
414915
415771
415878
416877
418232
418954
419686
420381
420524
421226
422630
427662
429671
430600
431083
432460
432571
438292
439351
444007
444738
445219
446165
447352
447748
448223
448629
450466
454486
463601
464235
467509
471279
473484
480061
480255
480332
481113
481206
481567
482982
484511
488841
494540
495463
497545
498581
499344
508424
508602
508684
513037
513229
513933
516269
521298
522400
523122
523187
525441
527626
532366
535603
537265
537653
541883
542549
545927
551256
551714
552096
555241
556676
557637
557958
560803
561360
561892
562572
562693
563875
564954
568169
577207
578537
579243
580438
585855
585878
589005
592916
593807
595004
595959
599293
603359
604033
604843
606679
609685
610037
610342
614928
618835
621494
623887
624419
624442
632424
633611
641965
647380
654957
656898
676901
682409
731766
733528
752551
756427
763902
766612
768277
772088
773647
792139
818420
824284
824341
832733
834871
834995
837578
843993
846324
864972
866455
872216
872971
880747
881163
882992
886811
886947
889372
890626
892980
898275
898609
904747
905114
911211
912544
918713
926689
937734
939722
939946
943536
943905
953867
956686
961337
962765
967609
977832
977837
978226
979173
980992
983947
988786
995999
999735
1000138
1001158
1005407
1009063
1010656
1011380
1014510
1017612
1021655
1026339
1031427
1033353
1033636
1033731
1034044
1040881
1041558
1042448
1048291
1050325
1052762
1063103
1063450
1063627
1065030
1067863
1071120
1074042
1074510
1077913
