101374
106319
111737
111838
115588
132253
135333
135600
138118
149806
150817
150825
154953
155391
156490
156715
157172
161861
163810
163968
164330
167077
174458
178315
197778
208343
222020
223349
235596
239392
241671
246112
251493
251696
255116
269326
280156
280686
280766
281256
281274
282269
282934
286321
286476
288842
289284
294109
298742
299248
302709
304787
305516
307536
307809
310920
312376
313084
313112
313130
313143
313935
314228
314647
314666
315434
318075
318414
319870
323281
323601
325622
327889
328376
329682
331420
332221
332748
333183
334919
337132
339428
339456
339675
342062
344483
344587
345803
349131
349135
352623
353724
353744
354159
354401
355809
355838
356791
356945
357845
358247
358765
359042
360794
360867
363147
363387
365900
366033
366052
366535
366561
366974
371191
373268
373743
374337
376107
376527
376648
378542
378893
379016
379152
380309
380551
380934
381069
381475
381624
381754
382947
384139
384643
385630
386618
386890
387194
387459
389555
389888
390427
391139
391437
393650
393980
394553
394646
394697
395081
396547
396655
398225
399356
403445
404827
405527
406076
406870
408056
408382
410250
412311
413148
413183
413960
416396
416524
416984
417475
418229
419062
420529
422607
423302
423459
423548
427182
428793
428978
429748
430468
431838
432312
433003
433109
433772
434197
435125
435345
435797
436373
437142
439314
440210
440561
440578
441041
441628
442147
442216
443552
444143
445207
445370
445720
446533
447143
447204
448585
448664
448756
448779
450839
451756
453384
456412
456536
457691
457924
458254
459933
460754
460889
460915
460964
462727
463550
463969
464473
464558
464835
464983
465013
465110
466075
466214
466568
466895
467246
467949
468192
468749
468797
469533
470958
472363
472669
472854
473266
474006
474104
474401
474431
474850
475865
477480
478470
478572
478898
479346
482313
482410
482649
482827
483402
483791
483804
484013
484481
484505
484569
484669
485149
485289
485938
487355
487498
487514
487665
488139
488638
488933
488942
489485
489847
490112
490872
491261
491536
491744
492057
492348
492420
492634
492810
494410
495544
496119
496891
497131
497191
497711
498225
498613
498969
499952
500078
501317
502013
502470
502970
503083
503231
503989
504317
505281
505835
506129
506159
507317
507869
507920
507976
508101
508397
509864
510225
510350
510381
510764
511653
511824
511953
512170
513774
513847
514546
515499
515602
516496
516505
517918
518167
518436
518892
519009
519068
519137
519261
519383
519581
520357
521837
522267
522740
523242
523288
523515
523571
523586
523822
525166
525365
525660
525897
526049
527437
527666
528593
528799
528848
530536
530862
531250
531634
531987
532007
533449
533587
533789
534904
534916
535243
535249
537436
537872
537976
537996
538407
538586
539446
539984
540458
540798
541689
542333
542513
542908
543642
544077
544498
544959
545877
546628
546750
546757
546857
547553
547712
547968
548105
548265
548830
548866
549049
549634
550372
551098
552042
552282
552823
552846
554157
554173
554234
554300
554667
555013
555574
555981
556062
556493
556689
556852
556927
557636
558004
558424
558639
558641
558646
558887
559252
559504
559661
560139
560724
561148
561468
561724
562620
562698
563169
563916
564430
564592
564995
565584
566035
566081
567363
567447
568465
569032
570299
570446
570566
573126
573231
573838
574212
574988
575645
575740
576237
576239
576241
576461
576608
576954
576975
578147
578715
579607
580132
580153
581051
581286
581752
582421
582622
582736
582842
583156
583721
585524
586977
587093
587703
588849
589121
589526
590694
591620
591832
591897
592545
592628
592647
593170
593782
594749
594776
594957
595043
595172
595454
595487
596222
596228
596414
596463
597332
597417
598439
598679
599235
599338
599670
600064
600172
600407
600593
600624
600867
601211
601323
602293
602580
602649
602814
603066
603339
605409
605416
606290
606446
606762
606879
607223
607297
607393
607470
607501
607833
608169
608228
608425
609128
609205
609458
609497
609743
610292
610394
610403
611043
611366
611717
612824
613237
614173
614220
614862
615164
615263
615300
615774
616098
616170
616329
616355
616366
616425
616561
616878
618453
618634
619463
619810
619942
620532
620877
620920
621006
621172
621991
622081
622143
622431
622857
622927
623842
624470
624471
624519
624521
624686
624727
624871
625131
625483
625643
626162
626163
626176
626293
626343
626395
626409
647185
647845
654440
659088
664828
665395
666223
668054
669593
669924
676950
680773
681537
681566
682101
686041
686919
687176
691435
695753
696339
697228
701458
702062
704816
705048
705749
708114
708119
711515
712986
714548
714679
715453
716095
716317
716325
716646
716869
717186
717341
717630
718406
719194
719305
719534
733134
733680
733971
734430
734639
734911
735337
736102
736844
738412
738557
738717
739860
740042
740709
741484
741648
742968
745446
748021
748119
749217
750309
751333
751571
752225
753257
755092
755143
755674
756213
756582
757740
758123
758598
759265
760007
761236
761625
762951
763495
764636
764899
765033
765948
769023
769158
771755
773805
775182
775481
776007
776030
776250
776789
776832
777643
777759
778587
779732
779798
783906
785674
794535
794701
794786
795345
801836
815141
827072
828509
830062
830180
832528
832718
832912
834283
837705
838066
839184
839453
840601
841189
842634
844055
844536
845601
846545
847266
847294
849518
849882
854407
860385
862656
863109
863426
863452
864534
864607
865142
865145
865454
865871
866215
866805
866860
867567
868295
868633
868830
869433
870293
870420
870598
870976
871314
871654
872222
872283
872398
872412
872734
872827
872953
873177
873363
873625
873763
873863
873976
875601
876079
876659
877227
877339
877485
878855
879202
880099
880102
880292
880328
880594
882872
883978
885924
885940
886366
886370
886524
887348
887504
888035
888898
889070
889391
890141
890800
891216
892380
892652
892848
892959
893116
893132
893758
894175
894344
894543
895108
895218
895405
895588
895794
896292
896406
897112
897897
897979
898413
898800
899080
899200
899645
899949
901342
901948
901985
902475
902546
903506
903640
903763
904285
904442
904633
904958
905482
905530
905659
905968
906224
907235
907866
908701
911071
911946
912147
913252
914801
915429
916403
917490
917601
917787
917913
918078
918133
918416
919841
920128
920662
921456
921459
922200
922209
922418
922899
923468
923757
923772
924214
924363
924624
925187
926125
927249
927411
930608
932023
932057
932189
932374
932583
932964
933632
934224
934791
934984
935949
936466
937009
937394
939408
940391
940854
942746
944118
945273
946107
948247
948825
948835
948892
949112
949598
950519
950781
950786
951233
951420
951636
951823
951885
952721
952956
953200
953681
954912
955263
956525
957036
957313
957354
957813
958258
958961
959246
959903
959996
961153
961389
962012
963239
963585
963626
964485
964711
964915
965172
965658
966582
967304
967786
968004
968700
968811
968923
969099
970021
970153
970173
970473
970591
970914
971686
972334
972627
972883
972937
973274
973285
974216
974389
975187
975588
976297
976383
976584
979497
979705
979743
980453
980527
980703
981932
982129
982164
983116
983744
984263
984672
984812
985590
986037
986356
986878
987100
987648
987792
988301
988803
988859
989025
989343
989360
990145
990538
990856
990887
992218
992661
992699
993844
994004
994453
995076
995276
995444
996278
997137
998193
998434
999397
999415
999970
1000007
1000125
1000503
1001076
1002407
1002565
1003402
1003499
1004943
1004959
1005287
1005325
1005523
1005776
1005793
1006322
1006731
1006747
1006960
1007158
1007611
1007999
1008015
1008376
1008507
1008663
1009010
1009112
1010263
1011187
1011466
1011522
1011662
1012008
1013030
1013224
1013296
1013452
1013535
1014622
1014627
1014685
1014867
1014979
1015043
1015669
1016121
1016155
1016299
1016570
1017345
1017704
1018008
1018350
1018505
1019099
1019264
1020428
1020488
1021428
1022487
1022947
1023120
1025285
1025869
1026569
1026640
1027367
1027696
1027715
1028321
1028470
1028568
1028864
1029318
1029458
1029676
1030348
1030391
1030458
1031740
1032078
1032233
1033525
1034599
1034684
1035023
1035268
1035275
1035595
1035670
1035774
1035874
1036233
1036553
1036807
1037084
1037482
1037646
1037809
1038417
1039101
1039138
1040213
1041221
1041657
1042614
1043083
1043138
1044423
1044710
1045002
1045083
1046001
1046200
1046730
1046906
1047181
1047587
1047861
1047955
1048027
1048600
1048846
1048849
1049071
1049313
1049344
1049835
1050999
1051070
1051361
1052447
1052503
1053405
1053853
1054188
1054525
1054709
1054887
1055101
1055143
1055192
1055579
1057356
1057742
1057823
1057887
1058945
1059708
1059954
1060752
1061056
1061200
1061317
1061508
1061511
1061637
1061789
1061805
1061979
1062047
1062293
1062858
1063625
1063883
1064192
1064637
1064810
1064956
1065303
1065332
1065635
1066110
1066165
1066192
1066859
1067933
1068181
1068376
1068865
1068889
1068923
1069295
1069829
1070069
1070408
1070412
1070469
1070572
1071351
1071450
1073539
1073883
1073918
1073989
1074445
1074537
1074947
1075891
1075949
1077708
1077899
1078483
1078563
1078677
1080317
1080578
1080789
1081232
1083206
1083380
1084492
1084769
1084846
1085236
1085254
1086014
1086117
1087105
1087208
1088671
1089586
1089824
1089901
1089932
1090057
1090134
1090258
1091025
1091333
1091343
1091834
1092681
1093213
1093614
1093839
1096411
1098840
1099947
1100334
1101003
1101120
1102873
1102876
1103098
1103857
1104105
1104517
1104666
1104744
1105240
1106081
1107420
1108055
1108061
1108114
1108350
1109138
1109301
1109348
1110423
1110424
1110497
1110795
1110811
1111362
1111461
1112194
1112529
1113308
1113680
1114432
1114825
1115490
1115988
1120037
1121072
1121094
1121934
1122125
1122352
1124706
1125216
1135807
1138473
1138775
1149164
1150209
1150527
1151012
1151977
1152864
1153425
1154064
1154809
1156815
1157521
1157557
1157947
1158009
1158216
1158284
1158450
1158947
1159082
1159100
1160216
1160257
1160281
1160530
1160764
1160772
1160776
1161081
1162320
1162398
1162404
1165385
1166148
1166747
1167855
1168900
1169828
1170233
1171502
1175087
1177979
1179263
1179792
1179845
1185332
1187108
