100270
101583
103101
103216
105109
111800
114621
122194
122953
126650
132328
138455
140050
141519
143958
147495
149005
151025
151473
152189
152198
152989
155384
156292
156318
156480
157573
159390
161827
162971
167416
167694
168011
170122
172457
172604
173559
175030
175435
177158
179122
183365
184407
186567
193219
198773
203896
205440
206396
209038
210401
211249
220201
223769
224628
225099
231223
232780
236355
240869
241262
242041
243151
244023
247659
248818
249298
249703
251434
253595
258006
258785
261750
263990
265250
268398
272184
276060
277556
280075
284718
285254
285334
286241
290288
293261
293878
294538
296054
296939
299586
303666
306814
308866
310284
314195
315486
319251
321127
321596
321730
323278
324435
327099
327491
329479
331231
332928
335599
336239
336691
336771
338744
338862
340868
342335
343860
344262
344568
346052
347928
348211
348663
351599
352441
354157
355592
355952
356857
358782
360385
361776
364871
366154
370185
378687
378833
381380
384017
384249
384399
387599
388248
389914
390696
393927
396903
397005
398179
402518
408037
408070
412751
414915
415543
415579
416265
418357
419302
421273
421850
422630
427662
429282
431083
436582
437148
438350
438369
439351
440904
442119
447692
448223
450717
462764
463837
467509
467940
473273
481080
481113
481492
483021
484880
486598
486768
490639
491979
492034
492286
495380
496594
496602
506197
507119
508424
510744
512746
513064
516054
521298
525441
530223
535603
536284
536673
537265
542121
542549
544269
545082
545927
546376
552657
553907
557637
558967
567840
568319
568382
569180
580148
582514
587759
592916
594113
596702
597907
598465
600515
606704
607017
612284
612375
614876
616311
618835
620568
621494
624303
649262
658691
678781
698065
699737
733528
734827
765773
765802
766167
778926
796188
816718
818420
821181
821419
822408
829012
831250
833255
857175
863491
866623
866758
867269
868428
869622
875662
883283
885967
905453
908631
911537
919294
924203
941776
943173
952288
953867
956182
960607
961246
963812
963858
965875
971507
974838
1003225
1011380
1025779
1026472
1027974
1030345
1030370
1033068
1033353
1048291
