100715
103316
103556
106845
111320
111795
111911
117978
129033
129865
132873
134419
134811
135206
138455
140050
142784
143739
146762
147670
149358
151984
152438
156003
156285
157480
159390
162269
167694
167996
170122
172457
173068
178316
183042
186353
191656
193219
198946
201774
209038
209827
211249
212101
216255
221606
221812
226572
227535
231223
232475
238099
238407
241363
242990
247595
252176
260630
263990
271519
272184
273632
283101
284704
284718
285933
288519
290288
290854
296144
297198
298513
300450
302133
303113
304419
305397
308732
309113
309554
310821
312106
319166
319251
319861
319952
323049
326027
332928
335616
338862
339517
340868
343860
344568
347643
347996
349205
350268
351599
351983
353762
354817
355952
356763
361353
363069
366154
367316
368055
369359
376752
377001
377348
377865
378833
380495
382597
386672
388004
392865
393298
396597
396903
397005
400827
402629
404674
408037
411041
414487
415543
416265
416480
417697
419573
420381
420524
427662
429379
430340
432893
433359
433733
438276
438350
439351
440904
442282
442907
444381
446165
446290
447519
448379
449745
459030
460069
460592
463264
463601
465179
472186
473484
478591
480061
480255
484956
487727
491979
493270
495371
495463
496318
496602
496885
499344
516054
518888
522400
522578
527137
528388
529492
529543
529696
530101
531887
535603
535960
537265
537653
538681
539350
545300
547497
551871
555991
556676
561360
562740
564203
567149
568233
569180
571013
572092
572243
575015
577372
578537
579243
579646
580438
580947
582695
583577
584120
585878
589005
589753
590110
592916
595074
595455
601435
601724
601806
602261
606704
614199
614747
616156
617424
618708
619616
621412
625134
630882
633102
638941
640236
658691
699965
700038
714360
726614
733528
771424
772088
779222
787888
795020
817083
818420
822200
824341
832733
862520
866455
866758
872971
881163
882992
892944
898275
907543
912919
925116
926313
930557
931934
932709
933793
935849
942640
956182
956580
956642
956686
957803
969405
970595
970623
974400
979326
980272
991985
994268
996122
998975
1000882
1009063
1012544
1012796
1017280
1018026
1018599
1028339
1029914
1032905
1034708
1041558
1042448
1043904
1050325
1058826
1060391
1063103
1064451
1065030
1065835
1066878
1067863
1078605
1084775
1085992
1088585
1089611
1090463
1096766
1106348
1106512
1107836
1109874
1111293
1111712
1114513
1155422
1169908
1170319
1180032
1180968
1181387
1182305
1183237
1187181
1190770
1191838
1195348
1198151
1200982
1201555
1204460
1210438
1216889
