103047
103223
103556
108486
109720
111299
111911
112824
116183
116964
117305
121822
143739
149266
149662
154529
157556
158079
166996
168850
169094
170684
172279
179452
181186
181780
188348
193058
200165
205463
211152
223124
223127
226570
227391
228137
228673
234370
234582
244406
244703
246680
252240
278121
286999
287958
289744
309534
316085
317176
324400
342554
347042
347676
348780
349205
349445
357076
393298
407709
446165
447748
452539
467226
508095
512762
527874
538322
555913
616043
630096
631762
635247
650011
650059
797262
797879
810251
817236
822018
872302
909058
922536
926313
947206
958288
973557
974768
986547
1021655
1074543
1111577
