106319
111737
115588
116485
116737
119110
120055
132253
144027
149806
150817
151409
151565
154953
156490
156715
157172
161861
163810
164330
178315
197624
199094
206960
235596
240833
245980
251654
275156
275401
280766
281205
281256
281274
281283
281360
282050
284219
284560
285732
286321
286372
286476
288842
291499
293442
298742
298935
299373
299386
302502
302709
305516
307536
310668
310920
310944
312601
313130
313509
314647
314666
315049
315508
318075
318236
318414
319870
323281
325127
325622
326485
330450
331165
331420
333183
337132
339428
341131
345803
350768
353313
353694
353744
354401
355838
356791
356945
358032
359042
365265
365900
366033
366052
366974
369927
372970
373230
373743
373863
374337
375851
376177
376648
376658
377483
378893
380539
380551
381832
382180
382526
384386
385264
385630
386149
390693
391437
393314
393980
394148
397058
397131
398225
398236
399261
399356
399971
400126
402148
403181
403445
404236
404535
404827
406110
407347
408382
408811
408934
409846
409986
410111
412311
413209
417277
417564
417862
418229
418251
418280
418519
419062
419395
420529
420985
422118
422497
423302
423459
423842
424345
428547
428793
429748
430521
430778
430904
431811
432300
432312
433003
433916
434197
435684
436386
436624
437142
437409
438646
440578
440757
440971
442216
442238
442250
444058
444143
444764
445207
445370
445678
446651
446979
447050
447220
448359
448585
448779
448813
449163
449942
451279
452025
452320
452878
453384
454007
455505
456059
456332
459005
460754
460889
460915
462727
462891
463550
463969
464558
464835
465110
465211
466075
466214
466451
466568
467949
468022
468192
468749
468791
468848
469365
471628
471672
472669
473196
474006
474073
474401
475078
475170
475419
476164
476702
476828
477097
477193
477279
477520
478470
478853
478858
478898
482313
482628
482649
482817
482827
483402
483550
483791
484505
484507
484669
485025
485289
485415
485495
485938
486278
486748
488139
488635
488638
489485
490112
491004
491744
493366
495136
495544
495929
498969
499476
499919
502013
502470
502970
503474
504317
504614
505801
505917
506129
506382
506585
507317
507358
507869
507976
508397
509138
509218
509394
509547
510225
510627
512170
512886
513774
514913
514931
515047
515602
516224
516505
516905
517682
517784
517856
518892
519137
519261
521837
522636
522651
523242
523327
523515
523586
523667
523687
523822
524117
525660
525897
526049
526326
527144
528601
528848
529063
529629
530008
530862
531250
531634
532007
533587
533789
534523
534904
535243
535895
537630
537872
537976
538098
539130
539446
539741
540000
540157
540226
540268
540559
540798
541763
542513
542908
543642
544077
544222
544399
544498
545672
546628
546634
546750
546757
547712
549049
549339
549634
549954
550509
551098
552282
552813
554157
554234
554667
555013
555224
555962
556062
556689
557620
557636
558424
558639
558641
558887
559419
559504
559661
560139
560380
560724
561064
561082
561280
561468
561724
564110
564430
564995
565584
565630
566211
566502
567206
567311
567447
567455
568070
568158
568454
568735
569032
569093
570060
570299
570446
572165
572954
573781
573956
574941
574988
575645
575890
576237
576239
576372
576975
577449
578147
578253
578365
579132
579165
579239
579607
580695
581464
581812
583156
583553
584174
584471
585524
585548
586193
586309
586326
586977
587069
587093
587277
587560
587703
587965
588412
588498
589121
590630
590831
590913
591423
591620
591832
591897
592545
592647
593382
593782
595148
595332
596209
596228
596414
596619
597332
597545
597749
598439
598679
599670
599812
599919
600064
600263
600407
600539
602079
602174
602293
602580
602649
602814
603214
604350
605286
606267
606446
606879
607223
607312
607501
607833
608228
608425
609205
609582
609958
610511
612824
613711
614047
614754
615171
615263
615774
616081
616142
616551
616561
616827
618012
618147
618180
618866
619463
620486
620532
621006
621681
622143
622532
622616
622775
622782
624395
624471
624519
624871
624879
625131
625152
625166
625376
625483
625637
625643
626122
626162
626163
626293
626409
626426
655781
659088
668054
671396
681500
681566
686919
687176
689996
691998
695231
696830
697228
698499
698959
699324
700166
701793
703617
704043
704816
708114
708709
709087
711341
711515
712583
714679
714886
716095
716325
716869
717186
717262
717268
717341
719194
719359
722402
730728
731874
733680
734639
734911
735292
737667
738077
738412
738717
739012
739719
739860
739929
740042
741484
741648
741709
741764
742338
743028
744459
745257
745446
747709
748021
749645
750392
750718
751424
752795
755143
755417
755674
756804
757147
757740
757850
758123
759265
759476
759542
760146
760572
761018
761107
761277
762727
763212
764636
765948
767252
767578
769023
770475
771596
772616
773026
773805
775182
776007
776030
778982
779242
779630
779989
780007
783864
783906
787727
789733
793296
794869
794982
795122
795345
795567
795799
815145
819859
827072
828021
828186
828509
830062
830180
830308
832718
834080
834629
837208
837705
838066
839184
839968
844575
845601
845932
846545
849882
858740
860385
862656
862785
863109
864494
864534
865658
865871
866016
866785
866805
868000
868295
868337
868554
868830
869213
869611
869888
870293
870420
870976
871314
871508
872139
873625
875947
876659
877064
877227
878894
879335
880070
880102
880547
880836
881614
882052
883978
885182
885448
885525
885835
885940
886524
886876
887504
887646
888777
889070
889264
889283
890900
891055
891216
891686
892082
892436
892502
892616
892959
893116
893132
893758
894344
894647
895072
895405
895812
896292
896406
897112
897141
898413
898790
899080
899645
899949
900685
901399
902225
902293
902337
902855
903051
903640
904633
904707
904712
905482
905968
906156
906224
906252
907866
908659
908792
910575
911071
911665
912147
912374
914352
914801
915561
915884
916116
916519
917490
917773
918099
918133
918416
918439
919778
920128
920213
920333
922200
922209
922418
922609
923614
924214
925531
926125
926305
926666
926956
927249
927411
931283
931432
931963
932057
932981
933161
936098
936540
937009
937357
937394
937893
939095
939408
939496
939545
940391
942645
942746
944851
946107
950781
950786
950817
951119
951317
953213
953650
953681
954021
954028
954226
955263
957166
957354
957813
958064
958316
958810
959131
959246
959536
961444
961949
962012
962373
962998
963585
963737
964437
964485
964636
964774
965172
965372
967786
968493
969008
969099
970021
970303
970473
971686
972514
972627
972883
973759
974102
975187
975895
976254
976584
977130
977657
977943
978853
979705
979782
980431
980703
980736
980772
981067
982037
983635
984494
984812
985590
985685
986878
987648
987750
987792
989025
989353
989561
990110
990538
991720
992169
992574
992661
992699
992717
993844
994004
994439
994453
995076
995276
995709
996278
996421
996790
997085
997649
998589
999259
999660
1001453
1001992
1003499
1004718
1005373
1005523
1005776
1007022
1007043
1007236
1008376
1008663
1009010
1009112
1009439
1010419
1010855
1011607
1011984
1012296
1013030
1013224
1013483
1013535
1014565
1014685
1014847
1014979
1015022
1015043
1015669
1016712
1017704
1018394
1019604
1019942
1020428
1021380
1021438
1021894
1022657
1023027
1025017
1025641
1026479
1026496
1027646
1027715
1028470
1028609
1028864
1029275
1029318
1029446
1029458
1029676
1030391
1030458
1031560
1031571
1032078
1032709
1033542
1034683
1034684
1035023
1035774
1036038
1036067
1036807
1037084
1037646
1037809
1038520
1039138
1040323
1041310
1041531
1041708
1042128
1042285
1043083
1043361
1045083
1045781
1046001
1046200
1046322
1046422
1046906
1047109
1047955
1048263
1048317
1048846
1048849
1049675
1050419
1050569
1052503
1052696
1053073
1053405
1053469
1054006
1054188
1054525
1054616
1054709
1054887
1055101
1056014
1057667
1057845
1057947
1058036
1058254
1058945
1059854
1059954
1060073
1060608
1060916
1061200
1061548
1061637
1061789
1061938
1062047
1062852
1063200
1063767
1063883
1064594
1064709
1065031
1066192
1066859
1067295
1068593
1068632
1068707
1068889
1069929
1070069
1070303
1070412
1071138
1071450
1073239
1073495
1073918
1074312
1074445
1074537
1075948
1077708
1079928
1080352
1080540
1080578
1082865
1083206
1084492
1085158
1087105
1088671
1089618
1089775
1089824
1089901
1089932
1090057
1091025
1092742
1094708
1097181
1097740
1098099
1099037
1099203
1100632
1101120
1102876
1103098
1104105
1104666
1105240
1106273
1107968
1108055
