100302
100351
101816
102086
103438
104088
106500
106904
108543
109665
109828
110071
110378
110417
111383
111543
111896
114081
117387
117669
117755
117790
118234
119803
120461
120628
121729
121796
122503
122824
122976
123035
124913
128359
131325
135030
136380
141312
143238
145209
146995
147517
150377
158293
158369
159143
160974
160992
165109
165208
170515
171711
172406
173977
177205
177603
177738
177965
180493
180522
181421
182290
182706
184071
184726
184731
186748
188374
188917
189357
189632
190629
192911
193943
198548
200111
202323
202425
203225
204208
204886
205350
205515
205866
208598
215128
215911
216241
216553
217351
217830
222640
225520
226026
227452
228171
228947
231930
232016
235527
235952
236164
236326
236748
237038
238326
240504
241230
241897
242569
246715
247551
247708
247732
249000
249567
250397
250400
251002
251273
251568
252324
253172
253327
254480
255765
256395
257201
259756
259907
260950
261119
261396
261715
262270
262401
262409
262572
263583
263652
264567
265551
265704
265800
267175
268921
269558
271812
271921
273537
275928
276275
279676
293764
293944
297302
303160
303635
304820
304881
308525
308998
309127
314652
320242
321145
321568
324385
324985
333472
334544
335400
336533
337693
339002
341023
343694
344891
346406
347235
351726
353299
355071
355942
361281
362743
363690
365613
367948
368495
371928
375618
381307
385880
390808
399087
399590
412481
414077
419738
421851
422567
426139
426731
427805
429973
430278
433622
434667
439081
445612
447576
450463
451153
455425
460099
460649
463858
465147
466057
467760
480218
483369
484879
485421
487104
489057
495441
498084
499532
501050
504488
505859
510699
517711
518800
519469
527600
528718
533921
537142
537357
539572
541799
543869
554368
557270
557428
561560
562802
567436
568267
578978
591870
592027
592724
594753
601992
612288
618336
626274
626711
630037
633165
651286
653580
656847
658129
666723
673938
687345
689069
697760
720619
738892
755136
765299
766771
790432
794841
796884
799041
804815
805683
808422
808622
809954
811079
814348
815881
820251
822185
824367
834181
842170
863402
864719
865908
876038
899152
912307
918480
918942
921598
945434
958385
969445
971267
985441
995054
995860
1017054
1027704
1038955
1052919
1069579
1093232
1094792
1140233
