100715
100882
101583
104122
104311
107724
107854
108285
111320
115189
117461
122194
122953
124558
126650
129532
132333
133014
136453
138076
138455
138755
138874
140050
140261
141519
142054
142933
145163
147495
147839
148673
151025
151591
151864
151984
152198
152989
155384
157573
157880
159390
160985
162382
164398
167292
167694
168011
168949
170122
172457
173559
175030
175380
176627
177158
178862
179122
180580
181308
182205
183542
184165
184272
186490
186567
187606
188603
192454
193219
193755
196079
197062
198094
200739
201947
204971
205440
208877
209038
209669
210401
211249
214010
214397
218551
220140
220201
221606
222422
223769
225250
225597
227535
228227
232158
236355
238172
240869
241262
241349
243199
244484
246504
247659
249103
250807
251220
258785
260835
261750
262354
263000
263990
264970
266313
272184
272418
272546
274452
275813
276531
276616
280075
282192
283101
283553
284718
284937
285334
286241
287834
290288
293261
293509
296054
296700
296939
299586
302336
302852
303182
304766
304895
305397
305919
307920
309113
310287
312412
315486
317365
319166
319732
321153
321596
323823
323850
327099
327491
327617
329479
331822
332928
333465
334092
334595
334851
335322
335408
338632
338862
340494
340868
342631
343860
344262
344568
346096
347928
348211
348663
351599
352286
352441
353917
355592
355952
356857
357492
358782
359239
365751
366154
368055
368413
369316
370185
370453
371195
371266
375211
376207
376929
377001
380388
381380
383055
384017
384337
386178
386287
388004
388248
389914
396903
397005
398830
408037
408070
409229
412850
413232
414915
415543
416265
421226
422630
422794
424917
425814
427662
427893
428185
429282
429896
431083
434281
434440
436727
438292
438350
438369
440297
440557
443448
444007
444381
446462
447519
447692
448379
450717
453449
454160
455558
456731
457637
459912
462236
462764
463837
467509
469008
469551
474002
474144
477100
477290
477469
478873
480061
481080
481113
483021
486598
486808
487105
488875
489487
490639
492286
493557
493989
495380
495638
495784
496594
496602
497545
502230
503104
505897
506662
507119
508424
512350
512746
513064
514643
515783
516054
517642
518888
519498
523012
523122
525242
525441
528388
534014
534476
535690
536284
537265
541513
541950
542549
545927
547831
551626
557623
557637
560069
563503
563875
566428
566775
567840
567863
569180
571013
582514
585392
585525
588525
592102
592916
593171
593807
597089
597814
598465
598574
603305
606579
606690
608203
610554
612375
613920
614747
615790
618484
618835
620725
623887
624442
647380
658072
658691
659309
672009
673228
675152
682613
697503
703490
725836
731766
733528
734827
740349
741019
744506
759889
761744
762002
765623
765773
766612
767494
771666
773468
792719
795020
800950
801364
813707
817083
817871
818420
821181
821419
824341
825190
831250
863491
869622
870787
871210
872120
872921
875275
876397
883283
883538
885967
890626
892685
895808
897709
904747
907543
909626
911537
919294
924203
936719
943173
943905
947757
951245
952288
953867
953914
956182
963812
967132
968286
971164
974838
980272
980726
988786
992180
993732
1000138
1011380
1011599
1014298
1016589
1020586
1024869
1025779
1027225
1029623
1030345
1031856
1033011
1033353
1033424
1036180
1048291
1049902
1051919
1059318
1060391
1062264
1062681
1067321
1074510
1074673
1080072
1081866
1092851
1109874
1111959
1114513
1156974
