100009
100169
100194
101105
101185
101318
101392
101796
102120
102168
102647
103653
103914
103922
104047
104293
104790
105047
105126
105293
105498
106150
107216
107493
107936
108396
108468
108875
108938
109302
109527
109665
109711
109730
109767
109828
110590
110899
111061
111432
111737
111828
111896
111906
111939
112006
112041
112511
112979
113036
113297
113313
113376
113425
113566
113699
113797
114423
114666
114771
114817
114932
115022
115679
116566
116969
117321
117790
117912
118302
118364
118478
118560
118763
119454
119521
119803
120262
120286
120461
120768
121128
121470
121576
121730
122130
122203
123499
123642
123777
123801
123949
124101
124132
124464
124681
125579
125918
126548
126619
126718
127790
128213
129105
129151
129525
130015
130464
130532
130752
130769
130996
131514
131572
131791
131834
132014
132046
132482
132739
133707
133892
134631
135063
135477
135514
135889
136649
136893
136996
137251
137677
137871
137982
138170
138187
138190
138395
138794
139035
140183
140566
140578
141196
141311
141312
141636
142418
143054
143116
144811
145209
145215
145566
146201
146720
147052
147410
147589
147715
147772
147896
148440
149020
149838
149886
149963
150817
151353
152266
152339
152715
152833
153185
153490
153850
153963
153970
154059
154248
154349
154544
154953
154982
155231
155710
156096
156121
156268
156366
156490
156514
156634
156688
156705
157047
157435
157561
157796
157861
158293
158672
160513
160892
160962
161206
161394
161742
161915
162048
162567
162689
162884
163264
163332
163470
163869
165109
165344
165377
165765
166603
166799
167012
167209
167298
167389
167520
168332
168584
168983
169558
170158
170515
170586
170729
170884
171002
171090
171664
171799
172406
172679
172838
173319
174115
174458
174525
174547
174942
175498
175596
176162
176424
176713
176862
176911
177160
177373
177528
177796
177933
178797
179013
179988
180223
180230
180397
180601
180654
180667
180826
180952
180990
181027
181421
181554
181867
182377
182535
182925
183178
183631
183912
184070
184841
185135
185215
186625
186748
187833
187947
188309
188482
188558
188588
189419
189637
191307
191426
191532
191561
191681
191747
191835
192198
192516
192624
193056
193575
193677
193818
194125
194335
195024
195200
195378
195998
196160
196232
196328
197219
197260
197421
198194
198355
198525
198566
198697
199021
199285
199576
199656
199673
199984
200111
200347
200375
200446
200525
200564
200596
200648
201253
201396
201941
202124
202371
202691
202754
203487
203590
203921
204080
204383
204400
205003
205109
205683
206040
206111
206426
206991
207033
207305
207309
207479
208332
208423
208744
208883
208904
209608
209659
210060
210409
210939
211109
211606
212871
213259
213730
214039
214177
214225
214303
214739
215126
215374
215849
215998
217160
217726
217779
218025
218258
219147
219965
220021
220023
221014
221900
222020
222650
222847
223493
223788
223966
224368
224522
225255
226086
226355
226621
226924
227626
230094
230410
230856
231687
231859
232183
233328
233501
234017
234140
234220
234859
235297
235462
235663
236115
236344
236773
237374
237375
237597
237738
238322
238581
238828
238881
239186
239412
239503
240151
240562
240683
241230
241533
241671
242000
242618
242913
242971
243592
243983
244198
244827
246715
247304
247377
247730
247735
247754
248072
248633
249173
249680
249715
249740
249865
250163
250397
250963
251002
251477
251654
252287
252901
253171
253296
253466
253749
253842
254144
254475
254490
254538
255620
255972
256060
256648
256728
256742
256884
257705
257886
258382
258880
259756
259947
260019
260114
260199
260419
260730
260808
261280
261384
261752
262090
262379
262427
262442
262604
263245
263477
263683
263706
263913
263940
264151
264263
264552
264688
265419
265438
265978
266087
266191
266265
266488
267463
267648
267739
267912
267947
267956
268141
269404
269732
269882
270189
270220
270237
270341
270380
270517
270690
271676
271779
271791
272307
272341
272966
273537
273864
273947
274199
274371
274754
274894
274953
275134
275398
275401
275548
275584
275763
275774
275782
275829
275864
275915
275928
276032
276275
277301
277677
277744
277766
278593
278702
278763
279218
279401
280156
280320
280433
280693
280890
280999
281256
281951
281988
282112
282315
282500
282570
282597
282802
283171
283194
283502
283533
284052
285626
285652
286170
286321
286384
286429
286584
287308
287468
287867
288502
288562
288642
288685
288842
289241
289916
290337
290355
290835
291218
291317
291512
291564
292347
293607
293839
293851
293943
293947
293992
294115
294156
294576
295084
295238
295265
295601
296181
296219
296795
296832
297113
297408
297874
297929
298174
298450
298548
298742
299637
299896
300145
300175
300218
300380
301591
301807
302117
302220
302223
302709
302871
303160
303696
303718
304298
304712
304901
305003
305343
305678
305717
305778
306257
306607
306906
306942
307173
307210
307573
307718
308695
308992
309021
309127
309153
309381
309429
309563
309792
310155
310170
310668
310920
311282
311524
311714
312314
312376
312509
312834
312931
313130
313291
314138
314607
314644
314647
314666
314813
314938
315186
315397
315504
315774
315996
316042
316368
316678
316991
317558
317586
317641
318300
318322
318678
319122
319484
319703
319839
319870
320316
321593
321639
322061
322851
323051
323453
323540
323871
324441
325309
325357
325831
325922
326483
326598
326961
327015
327129
327358
327452
327610
328141
328721
328787
328876
328952
329014
329339
329683
329711
329769
329800
330069
330072
330205
330939
331214
331511
332078
332133
332432
332635
332943
333067
333147
333577
333674
333899
334058
334185
334438
334806
334959
335156
335224
335469
335544
335716
336312
336696
336921
337309
337353
337617
337693
337840
338009
338042
339159
339428
339524
339822
340149
340253
341101
341166
341253
341270
341341
341501
341582
341716
342158
342442
342587
343189
343312
343449
343754
344415
344630
345108
345427
345500
346289
346406
346427
346829
347187
347476
347715
347752
348255
348542
348948
349015
349121
349164
349408
349622
350054
350143
350647
350783
350965
351503
351542
351763
352539
352980
353117
353144
353221
353361
353724
353744
354336
354684
354783
355203
355809
355942
356236
356448
356737
358021
358032
358331
358380
358497
359042
359175
359592
359909
360383
360566
360750
361047
361188
361488
361695
362611
363046
363093
363412
363692
363733
364284
364296
364367
365037
365043
365174
365294
365455
365989
366005
366033
366241
366974
367391
367609
368080
368170
369391
369474
369654
370988
371435
371498
372212
372225
372351
372468
372638
373747
374485
374604
374866
375021
375104
375108
375121
375230
375949
376043
376147
376854
377365
377366
377599
377785
378116
378200
378893
379043
380150
380689
380828
380944
381310
381313
381774
381797
381808
381832
382117
382431
383035
383043
383912
384261
384803
385199
385713
386196
386257
386271
386680
386756
387114
387239
387325
387373
387532
388275
388905
388999
389258
389285
389312
389853
390199
390756
390781
390982
391040
391197
391675
392200
392366
392599
392937
392994
393462
393559
394148
394345
394541
395023
395532
395817
395989
396038
396088
396106
396392
396962
397075
397272
397295
397622
398225
399356
399611
400253
400788
401082
401508
401699
402066
403154
403445
403759
403914
404827
405267
405310
406484
406626
406630
407030
407141
407242
407310
407553
407912
408071
408799
409376
409431
409613
409846
410330
410392
410397
410571
410581
410741
410806
410970
411677
411679
412666
412949
413059
413540
413908
414076
414193
415088
415447
415780
416537
416657
416684
417071
417111
417954
418229
418747
418965
419058
419307
419594
420597
420953
421137
421160
421796
422497
422530
422871
422901
422933
423161
423302
423459
423518
423574
424597
424857
424865
425951
425954
426406
426964
427035
427078
427096
427250
427408
427921
428202
428462
428651
429092
429748
430160
430438
430812
431192
431350
431592
431714
431870
432305
432312
433003
433073
433654
434088
434481
434499
435091
435521
436016
436333
436536
436940
437624
437885
438932
439171
440578
440622
440908
441047
441375
441993
442147
442248
443015
443070
443117
443377
444081
444143
444175
444678
444787
444802
445147
445207
445261
445481
445612
445663
446043
447050
447143
447204
447321
447576
447717
448259
448392
448590
448856
449176
449488
449529
449654
449671
449743
449919
450519
450524
450548
451082
451129
451363
451487
451639
451669
452092
453193
453207
453834
454161
454219
454299
454416
455312
455319
455425
455458
456059
456219
456258
456892
457287
457865
458081
458098
458339
458921
459305
459345
459932
460202
460228
460550
460771
460808
460839
460884
461322
461515
461875
462037
462055
462102
462636
462697
462736
462819
463253
463510
463550
463969
464208
464321
464331
464558
464605
464835
464842
465285
465370
465591
465645
466822
467398
467501
468192
468467
468551
468749
468837
469858
470042
470752
470805
471256
471529
471775
471923
471962
472112
472493
472871
473077
473585
473727
473768
474401
474598
475157
475296
475335
475440
475671
476137
476436
476443
477056
477520
477692
478306
478331
478530
478604
478931
479064
479253
479256
479474
479921
480899
481388
482021
482352
482699
483100
483533
483688
484135
484507
484939
485052
485071
485289
485938
486023
486127
486237
486791
487076
487374
488496
488754
488781
488992
489263
489485
490096
490190
490277
490581
490823
491168
491744
491803
491884
492444
492650
493464
493713
493782
493984
495304
495387
495507
496094
496456
496617
497131
497771
497798
498355
498489
498495
498969
499286
499532
499712
500021
500694
500777
500929
501269
501606
501835
501913
502556
502923
503775
503825
503953
504168
504317
504488
504723
504942
504949
504975
504984
505613
505787
505859
505960
506129
506588
506611
506753
506984
507197
507317
507489
509386
509785
510243
510627
510669
510973
511013
511024
511290
511792
513469
514478
515047
515307
515371
515602
516115
516505
516578
516711
516797
516890
517083
517784
517918
518075
518130
518398
518759
518800
518843
518902
519024
519306
519320
519327
519469
519499
519581
519627
519863
519887
519950
519997
520041
520071
520244
520599
520708
521161
521306
521418
521837
521885
522268
522628
522769
523147
523156
523818
524542
525202
525672
526727
526900
526976
527144
527677
528008
528700
528716
528757
528848
528869
529241
529466
529602
529688
530127
530240
530327
530814
530944
531053
532306
532337
532364
532369
532781
533162
533207
533693
534619
535838
535929
536398
536890
536971
537145
538133
538246
538955
539358
539410
539509
539653
539741
539813
540071
540226
540247
540736
540798
541286
541417
541453
541793
542084
542461
542513
542534
542908
543053
543323
543699
543993
545130
545865
545944
546043
546453
546750
546999
547328
547386
547635
547913
548345
548581
548678
548830
548999
549038
549049
549137
549392
549634
549754
549948
550156
550260
550387
550646
550799
550874
550893
550956
551221
551846
552282
552846
552896
552903
553151
553662
554300
554667
555005
555107
555540
555714
555797
555806
556204
556689
557011
557170
557390
557428
557541
557579
557602
557636
557871
558424
558462
558639
558641
558934
559661
560237
560369
560380
560724
560736
561354
561468
561615
561750
561989
562698
562758
563386
563483
563799
563837
563868
564071
564995
565260
565546
566430
567220
567321
567649
568128
568132
568859
568886
569268
569912
570444
571338
572285
572651
572859
573223
573259
573561
574168
574409
574634
574649
574855
574988
575050
575287
575459
575523
575557
575827
576380
576981
577134
578147
578301
578455
578507
578640
578715
579353
579539
579893
580123
580198
580533
581633
582665
583156
583460
583791
584174
584447
584471
584986
586117
587093
587703
587875
588002
588699
588730
589066
589124
589325
590237
590713
590747
591704
592510
592647
592824
593782
594142
594237
594535
594619
594866
594957
595081
595139
595227
595248
595857
596052
596217
596222
596440
597071
597681
598394
598886
599279
599725
600064
600388
600393
600407
600467
600773
601732
601940
601965
602293
602580
602649
602997
603156
603391
604947
605068
605098
605153
605319
605523
605763
605853
606450
606762
606879
607089
607784
608233
609205
611957
611967
612165
612288
612784
612824
613642
613804
614173
614220
614670
615076
615164
615217
615570
615774
616105
616170
616689
616767
617099
618634
618779
619106
619369
619453
619745
620014
620420
621048
621246
622143
622174
622271
622371
622767
623370
623440
623497
624701
625131
625376
625643
626070
626163
626395
626543
629677
634282
636853
637253
641006
645406
647915
653697
655294
655970
655983
657916
660191
662972
663939
667914
670675
671210
671927
673938
674245
675528
675569
683032
684785
685619
686005
686290
686919
690546
693153
693519
695135
698429
698889
702148
703692
704043
704970
705222
707341
708824
709143
712041
714679
714926
714981
714997
715147
715221
715274
715341
716095
716605
716646
717621
719763
719939
720145
721265
723560
723615
724230
724769
725052
726529
727800
729048
729626
729839
730825
731074
732484
733175
733876
734723
734911
736264
736787
737348
737724
738639
739258
739860
739929
740142
740249
740276
740735
740786
741170
741466
741468
742338
742861
742890
744146
745144
745446
745909
747446
747609
748989
749773
750245
750367
751456
751640
752577
752912
754409
755092
755525
755860
756073
756204
756564
756895
757597
758197
759265
760240
761107
761236
761442
762412
763217
764843
765409
765983
767578
769631
771250
773493
776007
776030
777179
777643
777707
777713
778466
778493
779241
779891
780125
780196
783600
783994
784065
790704
791569
791820
792003
793919
794611
795345
796587
797268
797398
798831
798930
798943
799041
799315
801580
804391
804528
804815
804991
805158
805164
806884
807386
808804
808909
809946
810351
810769
812459
812623
814142
814206
814542
815181
815942
816697
818139
819320
819522
819872
821001
821047
822198
824083
824254
826414
826897
827281
827410
827637
827893
828203
828730
829305
830062
832102
833102
833186
835707
836821
836943
837001
838066
838190
838634
839184
841343
841409
841816
842177
842240
842600
842941
843188
843326
844047
845238
845601
847038
847558
847693
849063
849398
849812
855528
860385
862846
863202
863452
864160
864534
864748
865871
866785
867193
867332
867784
867960
868830
869078
870078
870253
870316
871085
871314
871355
874128
874415
874591
874653
874736
875023
875200
875771
876389
876406
876659
876768
876791
877095
877227
878063
878173
879040
879507
879522
879794
880018
880408
881058
881500
881662
881754
881847
882215
882304
882436
882864
883222
883541
884018
884245
885674
885828
886050
886366
886899
887214
887504
887891
888449
888764
888898
890147
890387
890399
890518
890874
891055
892083
893080
893116
893132
894344
894584
895064
895429
895588
895812
895820
896048
896272
896485
896797
897071
897079
897112
897154
897280
897326
897783
898790
898831
899061
899326
899330
899601
899725
899788
899949
900951
901342
901399
901480
901879
902337
902830
903406
903623
903640
904661
904975
905482
906775
907579
907616
908076
908561
908982
909107
910448
910897
911400
911475
911614
911963
911967
913577
913899
914100
914699
915181
916245
917773
917858
918942
919805
920128
920333
920439
922200
922413
922746
923019
923888
923928
923982
926125
929119
929267
929495
929968
930235
931873
932374
932389
933681
934189
935624
937394
939073
939097
939342
939408
939545
940505
942017
943369
943482
946001
946068
946527
948892
949127
949334
949466
949782
950786
952141
953088
953681
954984
955102
955150
955263
955991
956000
956307
956341
956935
957469
957913
958863
959196
959459
960142
960639
960904
961140
963215
963523
963615
964485
964536
964558
964983
965326
965637
966233
966582
967612
967784
967786
968563
968664
969084
969445
970153
970375
970436
970580
970914
970916
971686
971894
971992
972656
972937
973075
973987
975853
977090
978466
978488
979705
982757
983244
983313
983432
983577
984430
984672
984775
985590
988472
988859
991765
992034
992218
992699
993844
993892
995513
995860
996186
996211
996363
996628
996797
998545
999010
999056
999488
999728
999796
1000503
1001489
1001996
1002608
1003159
1003424
1003499
1003675
1004644
1004943
1005523
1005776
1005793
1006069
1006960
1007158
1007975
1008949
1009030
1009417
1010069
1010123
1011392
1011547
1012481
1014033
1014685
1014979
1015022
1015043
1015214
1015768
1016343
1016473
1016700
1017573
1017855
1019250
1020428
1020856
1022346
1022785
1024715
1025439
1026214
1026225
1027170
1027646
1027696
1027971
1028287
1028364
1028864
1029318
1029676
1030140
1030310
1030391
1031553
1032002
1032507
1033518
1034893
1035023
1035449
1035774
1036266
1036452
1036517
1036808
1037190
1037198
1037809
1037937
1038325
1038506
1038540
1039399
1039640
1040091
1040323
1040595
1040936
1041531
1042088
1042614
1042827
1043069
1043083
1043104
1043581
1044423
1044582
1044793
1045120
1045593
1046200
1046714
1047505
1047905
1047955
1047997
1048011
1048518
1049064
1049657
1049835
1050419
1050479
1050999
1051587
1051734
1052397
1052503
1053110
1053853
1054237
1054560
1054887
1054902
1055069
1056070
1056112
1056332
1056600
1057085
1057197
1057511
1057638
1057679
1058036
1058591
1059954
1060176
1060821
1061637
1062335
1062519
1063946
1064097
1064192
1064200
1064793
1065001
1065235
1065311
1066122
1066192
1066512
1066548
1066628
1068315
1068889
1069295
1070412
1070572
1070970
1071020
1071331
1071450
1071706
1072004
1072489
1072631
1072676
1073032
1073895
1073949
1075341
1075356
1076431
1076514
1076586
1076612
1078330
1079124
1079464
1080510
1080578
1080645
1081768
1082060
1082539
1083441
1084846
1085088
1085236
1085849
1086407
1086750
1087105
1087871
1089689
1089775
1089901
1090057
1090202
1091502
1092742
1093004
1093278
1095891
1096278
1096379
1097119
1097548
1097740
1097861
1098337
1098492
1098547
1098836
1099079
1099947
1100051
1100266
1100632
1101214
1101837
1101858
1102967
1103098
1103163
1103368
1104744
1105782
1106191
1106461
1106966
1108055
1108138
1108254
1108766
1109186
1109301
1109533
1109853
1110423
1110941
1111362
1111436
1112088
1112194
1112698
1113856
1114085
1114152
1115724
1116005
1119605
1120736
1121094
1121384
1123496
1132196
1133574
1138487
1139056
1139357
1140233
1140364
1149164
1149491
1149581
1149848
1150092
1150208
1150209
1150453
1150585
1150694
1150728
1152207
1152434
1152864
1153387
1153425
1153745
1157432
1157557
1157926
1158336
1159069
1159082
1159190
1159705
1159818
1160568
1160772
1161081
1161406
1162067
1162081
1162156
1162167
1162191
1162193
1162683
1162920
1163442
1163690
1163691
1163966
1164112
1164133
1164182
1164184
1164265
1166148
1166865
1167207
1167617
1168173
1168767
1169643
1170148
1170356
1170526
1170775
1170800
1171265
1171591
1172598
1172616
1172744
1172790
1173611
1173867
1173969
1174484
1174591
1175680
1175910
1176487
1176948
1176997
1177002
1177442
1178195
1178295
1178332
1178435
1178525
1179522
1180366
1180756
1181464
1182559
1183011
1184015
1188579
1188909
1189171
1190233
1191955
1192664
1193377
1193718
1193778
1194486
1194669
1195165
1196227
1196697
1198445
1198475
1198815
1199905
1200703
1201683
1202458
1202481
1202965
1203263
1203306
1203510
1203522
1204097
1204127
1204361
1204414
1204480
1205093
1205188
1205586
1206265
1207037
1208199
1208292
1209772
1209987
1211308
1212353
1214239
1215038
1215206
1215448
1216244
1216762
1218364
1218664
1218881
1219891
1220228
