103316
106013
106845
112384
122074
129652
133955
134419
134811
137637
139918
140287
144223
148694
149358
150303
153146
154165
156003
164245
170455
173068
173576
177989
178316
179210
181447
183146
183627
186514
188096
190264
191656
199331
201704
205655
210875
218711
225646
227293
227466
230354
232647
235302
236787
238407
250156
274391
274448
282348
284704
285933
286698
286712
288519
292349
296844
296847
296978
297198
299262
300092
300426
300450
305396
306243
310821
311535
312106
312682
312694
313531
313574
314494
319861
321563
323816
325191
325217
326163
330626
333727
335124
335616
339517
339726
340892
343037
347996
349593
349914
350918
353926
357905
358193
360281
360619
361105
361274
361476
362574
364492
364512
365229
367316
369132
371346
373276
376752
379116
379504
381568
384413
384624
384798
388401
392166
392865
394767
395092
397173
397222
397391
398255
399114
399636
400675
400827
403119
404674
405963
407672
408695
411179
414487
417703
417739
418954
419573
420381
422146
426163
428499
430340
430600
432893
433359
433360
436155
436180
436538
441170
445865
446067
446759
456150
460048
460441
460608
461473
461604
466365
468001
471661
480255
481567
484511
485986
486113
487727
488163
488713
490250
491581
494428
494628
494986
496885
498315
499344
502005
503181
508716
508777
509781
511451
513037
513590
514356
514721
515936
516178
519415
519431
523421
526524
528623
529710
533840
535960
536854
536998
538455
539350
542988
543689
546531
551714
555991
558155
558271
562693
563152
564534
565670
566436
573896
576610
577207
577668
580585
583577
584064
585545
587734
589028
590436
592801
593140
593722
595074
596761
598314
600324
602068
603195
603359
604843
605982
607424
609131
610037
611076
619042
620265
620536
622040
624787
631865
659905
670485
683374
688975
691495
696179
698552
699965
705311
716465
717974
725689
756845
757296
758732
758819
765420
767398
772088
773647
789599
792139
797590
811558
821296
824284
825962
831456
832733
834995
840637
843033
849340
866455
867344
872580
880747
880786
881068
881190
882421
883810
885851
889372
892255
893725
895081
898275
917073
917243
922108
932709
933793
935817
936974
937734
939133
952663
956642
956686
963774
964541
966883
968904
975590
975801
976826
978084
979173
979326
989892
989899
991010
995880
1002086
1005407
1007139
1009063
1010656
1016026
1018026
1021123
1021980
1022103
1022699
1025140
1037254
1037259
1040750
1041024
1044348
1044697
1048715
1050325
1063103
1066878
