100715
106845
108559
111299
111320
113457
114078
114621
117305
120115
122194
122953
123927
126039
127367
133014
134419
139931
141519
143258
144223
146149
146680
147495
149358
150303
154330
156305
157573
159875
164245
164486
168139
168988
172457
173559
178316
179122
179210
181186
184407
185940
186567
188028
193219
197888
199410
200531
201169
205463
207999
211249
214134
215571
219557
223124
223769
225597
227391
227535
227713
229728
232780
233562
234582
235302
236355
237090
237991
239137
240997
241363
244703
246405
246570
247659
249736
252829
253259
259208
263990
265832
269795
271577
274391
278759
280075
283101
283553
284704
284718
285334
288540
289512
290288
290387
293878
294538
296054
296939
301949
302336
302783
306193
312682
313574
316085
318521
320951
324156
324435
325191
326027
327099
327491
327617
328075
332928
334851
335322
336083
336239
338748
338862
339517
340892
342294
342554
344568
345926
346967
347928
349205
351599
355592
355952
358089
358113
358782
358805
360617
364362
364492
364589
366154
367518
368471
369852
371266
371674
376091
376207
376752
378833
383671
384017
384413
384624
388551
389359
390831
391927
393298
393927
398295
399114
404674
405080
407466
408037
411179
412751
412754
414487
414915
416265
416877
417703
419573
419686
421188
422146
422630
423513
426042
426099
427662
427708
433359
435635
443448
446067
446165
447692
448379
450717
451772
456150
460069
460443
460592
461473
462236
467509
468488
469710
472574
477290
478873
480079
480255
482034
488325
489487
490250
491988
492884
495371
496594
496602
496885
498041
499395
502005
503411
507119
508424
508684
508777
509781
510744
512746
516269
522400
525441
527874
527976
529492
532721
536284
536998
537066
537965
538304
542913
544080
545927
546132
546438
548976
551256
552657
553406
555241
555991
556245
556676
561292
562287
563152
563848
567223
572243
574776
577372
577640
579194
579646
580605
581043
581289
584282
584297
589028
589169
589753
590436
591159
592368
592804
592916
593864
594943
595004
596504
599962
600135
601677
601993
610037
612375
614747
615032
615241
615790
615811
618835
620513
638361
640667
670266
673368
674348
678188
681971
687794
704548
719243
733528
739512
746592
748933
751399
755144
756427
758819
759058
766167
772088
773804
777174
777976
779227
789845
795020
796188
797569
798602
817871
818420
824222
824341
826217
827856
830520
830896
832272
832438
832733
833255
835247
863491
866455
866758
867344
869320
872921
872971
875530
875662
880747
881163
881628
882992
885851
886947
889372
894187
898275
899017
902131
905875
908547
914488
914853
915497
917073
919098
922108
924203
930862
931577
933289
933462
935817
937734
939722
942179
945372
946912
947206
952170
953867
956182
956580
956686
957846
958011
958904
960169
961246
961337
963812
967609
969405
970562
972285
974838
975791
976826
977704
978245
978356
979326
981625
982450
983326
987491
990348
991985
996587
997744
1000555
1001111
1004291
1007307
1010168
1010656
1017280
1020474
1021290
1022103
1022699
1027059
1033353
1034465
1034610
1036948
1039816
1044348
1044697
1048291
1048322
1049331
1050325
1052068
1054196
1057396
1060391
1067131
1067863
1072252
1072480
1074510
1077913
1081026
1083446
1097805
1098635
1102739
