100209
100212
100388
100577
100743
100817
101105
101165
101185
101749
101912
102043
102136
102168
102732
103019
103044
103046
103182
103371
103557
103580
103644
103814
103904
103922
104003
104231
104282
104293
104626
104940
105126
105149
105293
105429
105498
105661
105843
105892
106150
106174
106214
106565
106591
106713
107216
107305
107429
107811
107936
108063
108092
108163
108209
108321
108765
108805
108875
108938
109051
109068
109220
109242
109363
109381
109498
109572
109638
109711
109767
109910
110073
110196
110349
110531
110592
110731
111038
111074
111209
111342
111432
111456
111769
111996
112161
112166
112235
112511
112633
112979
113014
113036
113096
113109
113206
113425
113487
113595
113725
113794
113797
113838
113870
113954
114176
114258
114449
114474
114811
114932
114989
114995
115022
115144
115242
115513
115809
115880
116257
116388
116517
116969
117086
117249
117302
117321
117610
117622
118080
118229
118302
118355
118364
118478
118554
118560
118602
118606
118675
118763
118817
118849
118946
119296
119307
119310
119510
119906
120248
120259
120286
120771
120981
120992
121128
121147
121408
121437
121590
121606
121672
121691
121700
121730
122130
122168
122221
122263
122381
123050
123517
123777
123949
124042
124069
124233
124252
124326
124464
125212
125507
125579
125615
125629
125918
126035
126249
126277
126691
127111
127376
127739
127757
127760
127790
128197
128213
128265
128417
128570
128896
129105
129107
129318
129390
129415
129525
129748
129962
130188
130532
130640
130743
130799
130935
130996
131014
131208
131320
131348
131406
131494
131514
131516
131823
132014
132036
132046
132054
132099
132519
132571
132722
132739
133347
133438
133496
133707
133767
133892
133917
134163
134281
134473
134545
134585
134631
136067
136486
137163
137165
137677
138058
138169
138170
138296
138325
138520
138707
138754
138794
138923
139038
139064
139113
139179
139365
139544
139611
139742
140121
140183
140387
140439
140566
140784
140919
141100
141196
141322
141546
141642
141681
141815
141907
141964
142309
142372
142418
142984
143182
143234
143382
143415
143826
144206
144465
144834
145422
145478
145566
145747
145823
146029
146032
146275
146348
146423
146540
146701
146720
146777
147079
147391
147410
147432
148122
148461
148601
148671
148931
149020
149302
149423
149428
149797
149886
149963
149980
150269
150848
150865
151015
151645
151702
151758
152266
152462
152685
152801
152824
152897
153009
153358
153490
153557
153673
153780
153850
153943
153949
153970
154066
154132
154300
154386
154433
154741
154897
154982
155766
155913
156054
156295
156491
156644
156708
156779
156998
157246
157310
157357
157737
157796
157833
158388
158565
158639
158672
158707
158939
159032
159035
159071
159082
159399
159554
159880
160153
160791
160806
160907
160952
160962
161105
161156
161206
161394
161674
161748
161915
162048
162167
162190
162567
162754
162851
162884
163332
163674
163913
163934
163936
164038
164050
164382
164593
165005
165229
165402
165785
165897
166218
166799
167002
167017
167209
167248
167298
167382
167409
167870
168079
168201
168799
168842
168953
168956
168983
169558
169561
169946
170035
170158
170162
170167
170214
170293
170729
171002
171090
171287
171396
171480
171614
171647
171664
171799
172277
172679
172756
172821
172838
173001
173045
173162
173181
173210
173319
173324
173416
173418
173623
173746
174251
174296
174525
174547
174568
174617
174917
174930
174942
175183
175222
175450
175456
175596
175673
175937
176112
176214
176216
176379
176750
176752
176911
177045
177126
177148
177274
177373
177451
177483
177528
177796
177933
178252
178285
178794
178797
178829
178921
179416
179576
179604
179727
180171
180230
180273
180374
180557
180565
180625
180716
180874
180952
181027
181312
181495
181642
181648
181867
181931
181935
181964
182140
182297
182311
182361
182535
183055
183304
183398
183672
184070
184464
184558
184660
184756
184791
185016
185096
185126
185152
185215
185411
185459
185566
185724
185772
185798
186515
186625
186649
186815
186974
187200
187229
187330
187715
187813
187833
187947
188211
188309
188513
188528
188537
188551
188558
188564
188588
188766
188938
188982
189419
189473
189637
189769
190168
190458
190642
190844
190900
190942
191293
191307
191423
191426
191472
191561
191714
191857
192277
192445
192455
192512
192556
192647
192765
193104
193191
193240
193278
193469
193470
193548
193807
193858
193922
194099
194335
194430
194469
194636
195024
195197
195260
195749
195791
195864
196163
196232
196296
196577
197132
197201
197591
197750
197802
197892
197985
198270
198443
198805
198923
199036
199194
199323
199385
199576
199656
199673
199769
199779
199937
199984
200047
200082
200224
200347
200370
200414
200416
200513
200525
200564
200573
200862
200887
200898
201396
201410
201438
201448
201688
201887
202040
202075
202122
202307
202386
202535
202996
203089
203487
203511
203578
203707
203898
203999
204009
204034
204046
204060
204284
204383
204400
204431
204543
204764
204765
204821
205109
205162
205401
205626
205683
205793
205800
205954
206416
206426
206676
206757
206831
207001
207002
207233
207287
207829
208010
208423
208708
208744
208752
208883
209276
209514
209608
209659
209920
210484
210492
210628
210653
210934
210955
211046
211074
211149
211458
211606
211749
211900
212013
212022
212139
212256
212349
212581
212771
213461
214039
214066
214177
214332
214589
214739
214946
215060
215072
215267
215289
215351
215374
215378
215614
215782
215849
216089
216570
216732
216901
217476
217726
217797
217829
218025
218198
218299
218300
218865
219353
219384
219422
220023
220306
220584
220830
221102
221670
221788
221900
222000
222204
222244
222403
222499
222650
222968
223033
223053
223105
223109
223161
223517
223641
223788
223836
224186
224472
224478
224522
224646
225160
225166
225349
225358
225688
225796
225811
225855
226049
226086
226210
226508
226912
226924
226985
227234
227267
227628
227723
227944
227947
228020
228483
228538
228634
228704
228856
228929
229582
229711
229732
229974
230094
230124
230410
231266
231351
231597
231687
231893
232029
232696
232767
232785
233328
233415
233501
233534
233592
233634
233703
234017
234055
234140
234186
234220
234320
234661
234800
234803
234829
234859
235103
235297
235337
235663
235708
235762
235783
235859
236040
236046
236154
236239
236292
236506
236534
236843
237131
237181
237287
237432
237491
237682
237738
238217
238281
238581
238833
238857
238881
239129
239186
239370
239412
239503
239687
239730
239799
239835
240083
240151
240521
240557
240562
240766
241512
241533
241602
241606
241974
242000
242022
242033
242618
242802
242913
243039
243484
243592
243824
243983
244024
244049
244198
244544
245072
245076
245089
245141
245144
245180
245356
245639
245887
246424
246656
247374
247624
247730
247754
247792
248072
248295
248801
249024
249252
249443
249457
249680
249865
249979
250050
250116
250153
250163
250929
251114
251287
251428
251467
251477
251531
251875
251930
252019
252170
252287
252366
252505
252990
253171
253208
254203
254288
254316
254477
254538
254661
254815
254833
254847
254849
254986
255141
255198
255262
255535
255586
255973
256540
256735
256742
256884
256962
257024
257373
257484
257552
257832
257982
258020
258194
258366
258440
258523
258635
258658
258808
258896
259079
259143
259381
259561
259630
259705
259866
259927
259945
260048
260131
260244
260523
260525
261040
261090
261185
261215
261223
261240
261340
261509
261517
261658
261752
262044
262442
262604
262806
262924
263245
263293
263477
263706
263913
263921
264012
264205
264277
264417
264679
264687
264938
265084
265237
265301
265485
265739
265981
266087
266150
266177
266265
266430
266458
266716
266884
267030
267121
267125
267277
267343
267648
267739
267798
267956
268034
268251
268359
268397
268572
268666
268731
268807
268918
269187
269244
269455
269732
269975
270220
270310
270517
270690
270966
270968
271256
271343
271408
271477
271516
271553
271778
271779
271915
272097
272123
272307
272341
272408
272583
272943
273010
273229
273864
274132
274199
274211
274574
274836
274953
275025
275398
275433
275467
275782
275828
276046
276094
276121
276298
276676
276711
276720
276832
276839
277301
277351
277677
277744
277985
278491
278733
278763
278770
278827
278869
279110
279234
279311
279401
279756
280194
280433
280452
280508
280536
280745
280880
280966
281281
281322
281486
281951
281971
281988
282188
282393
282396
282632
282701
283194
283533
284386
284549
284600
284651
285090
285144
285365
285626
285828
285995
286054
286170
286429
286725
286963
287042
287131
287136
287308
287468
287608
287800
287831
288119
288466
288976
289259
289668
289781
290616
291218
291317
291363
291944
292179
292465
292710
292888
293020
293147
293473
293771
293965
294576
294838
294965
294969
295124
295143
295265
295879
295906
296174
296181
296308
296486
296975
297113
297431
297752
297988
298245
298493
298548
298591
298776
299417
299627
299637
300218
300238
300457
300625
301402
301486
301967
302471
302695
302937
302998
303023
303213
303397
303422
303450
303513
303546
303616
303696
303718
303917
304012
304421
304780
304794
305006
305370
305419
305487
305507
305678
305778
306257
306382
306731
306906
307039
307173
307659
307718
307874
307966
308821
309021
309153
309435
309563
309886
310133
310155
310223
310387
310389
310427
310528
310576
310581
311008
311176
311351
311654
311782
312029
312256
312415
312604
312821
312931
312955
313315
313674
313887
314740
314874
315068
315310
315416
315727
315870
316681
316959
317380
317558
317586
317710
317950
317966
318322
318354
318587
318678
318886
318895
318983
319024
319146
319243
319299
319461
319639
319935
320151
321198
322061
322436
322467
322537
322977
322989
323051
323131
323208
323804
323920
324062
324649
324664
325066
325302
325327
325354
325435
325619
326234
326897
327034
327074
327351
327658
328019
328812
328952
329506
329769
330487
330859
331214
331444
332432
332610
332635
332665
332696
332788
333036
333067
333577
333625
333674
333857
333899
334185
335036
335156
335282
335334
335544
335643
336247
336312
337309
337353
337424
337531
337752
337840
338063
338105
338288
338354
338762
338798
339051
339445
339505
339524
339905
340149
340253
340837
341101
341102
341173
341341
342266
342474
343015
343142
343202
343244
343306
343312
343449
343754
343805
343968
344181
344415
344469
344475
344630
344660
345108
345301
345500
345616
345624
345758
345762
346106
346125
346289
346333
346443
346950
347353
347680
347715
347942
348255
348281
348380
348948
349049
349239
349380
349408
349536
350093
350719
350732
350923
350969
351013
351230
351253
351612
351648
351763
352432
352539
352703
352815
352928
352939
353175
353221
354407
354421
354659
354853
355080
355466
355520
355661
355812
355831
356448
356721
357762
357820
358199
358338
358499
359113
359310
359561
360222
360297
360995
361047
361057
361488
362768
362898
362989
363692
364367
364672
364804
364809
364930
364948
365367
365455
365878
365989
366711
366982
367477
368080
368210
368452
368517
369274
369285
369302
369474
369666
369769
370593
370690
371575
371613
371690
371866
371882
372038
372104
372212
372225
372272
372524
372572
372592
372638
372690
373616
373699
373869
374229
374383
375021
375108
375197
375519
375578
376124
376247
376431
376847
377098
377445
377607
377790
378200
379359
379379
379576
380236
380828
381297
381310
381774
382043
382427
382469
382706
383035
383170
383172
383245
383464
383508
383585
384261
384301
384487
384542
384801
384893
384906
385298
385319
385414
385507
385681
385713
385901
386245
386308
386318
386709
387123
387267
387480
387532
387611
387635
387660
388222
388739
388979
389385
389425
389628
389693
390199
390670
390835
391099
391197
391203
391675
391758
392706
392712
392795
392833
392932
392994
393101
393647
393967
394073
394813
395532
396392
396761
396962
397538
397840
397953
398935
399468
399592
400288
400409
400662
400722
400916
401082
401304
402443
402693
402831
402834
402848
403177
403184
403598
403762
404019
404441
404757
405901
406029
406037
406630
406989
407187
407237
407241
407242
407808
407912
407955
408729
408906
409352
410697
410740
410856
411159
411276
411672
411679
411724
411926
412376
412666
413003
413024
413215
414036
414076
414104
415052
415122
415780
415901
415969
416080
416219
416657
416890
417444
417557
418074
418140
418617
418747
418780
419069
419307
419368
419439
419470
419628
420016
420269
420839
420841
420855
420958
421796
421831
422247
422261
422405
422871
422901
422921
423611
423653
423747
423811
423878
423893
424534
424857
425149
426673
427287
427572
427783
427936
428202
428816
429092
429163
429537
430159
430886
431192
431592
431816
432553
432669
432687
432858
432924
433538
434088
434210
434234
435521
435551
435733
435869
436090
436127
436940
437007
437011
437383
437413
438456
439252
439628
440725
440908
442697
442783
442800
443006
443009
443011
443171
443524
444175
444277
444316
444787
445481
445614
445774
446208
447011
447047
448228
448397
448486
449038
449176
449280
449358
449488
449531
449596
451204
451332
451717
452016
452425
452588
452589
453256
453338
453458
454013
454219
454478
454815
454907
455008
455141
455312
455625
455894
456005
456110
456790
457508
457591
457914
457930
458240
458746
459035
459070
459326
459497
459515
459554
459723
460243
460711
460884
461322
461842
462014
462037
462101
462132
462697
462699
462772
462976
463433
463512
464243
464331
464482
464519
464605
464787
464868
465004
465266
465308
465370
466147
466421
466493
466500
466822
466946
467113
467763
468195
468363
468426
468467
468541
468551
468661
469049
469163
469254
469770
469829
470065
470403
470636
470752
470874
471425
471775
471799
472393
472435
472673
473263
473727
474027
474598
474730
475440
475454
475671
476566
476680
477001
477305
477610
477785
477935
478530
478931
479114
479246
479256
479307
479332
479396
480369
480373
480968
481094
481424
481954
482021
482512
482965
483100
483502
483545
483622
484792
484848
484910
485071
485548
486075
486127
487336
487374
487885
488562
488742
488781
488823
490024
490090
490114
490297
490492
490823
491222
491646
492058
492444
493156
493464
493696
494061
494174
494920
495076
495304
495387
496109
496323
496463
496543
497232
497771
497772
498303
498326
498334
499063
499127
499566
499604
500237
500586
500777
500915
501092
502111
502622
502869
503775
504114
504200
504984
505184
505358
505468
505482
505641
505693
505981
506183
506206
506781
506895
506972
507755
508075
508501
508797
508999
509001
509007
509386
509778
509824
510303
510492
510635
510715
511024
511129
511557
511569
511956
512140
512483
512836
513263
514227
514478
515319
515329
515371
515638
515778
516389
516578
517260
517443
518130
518305
518494
518759
518871
518902
519310
519327
519472
519950
519997
520424
520531
520939
521161
521191
521656
521710
521883
521894
522140
522228
522268
522579
522769
522815
522871
523092
523303
523356
524408
524668
524735
524777
525022
525118
525249
526400
526693
526873
526985
527061
527062
527838
528179
528558
528757
529805
530118
530127
530240
530327
530433
531053
531164
531505
532008
532233
532334
533061
533159
533708
534619
534865
535047
535051
535729
535838
535916
535929
536074
536334
536398
536669
536890
537370
538091
538133
538928
538955
539324
539661
539677
540017
540247
540251
540700
540815
540942
540956
541417
541453
542073
542277
542461
542758
542971
543400
543430
543699
543877
544950
545023
545953
546180
546314
546453
546497
546706
547017
547077
547747
548180
548350
548581
548624
549005
549226
549238
549392
549403
549424
549580
549845
550155
550268
550646
550956
551221
551228
551934
552374
552703
552824
552903
552972
553188
553218
553463
554545
554567
554607
554760
555121
555151
555432
556024
556132
557339
557487
557541
557665
557871
558182
558685
558940
559000
560231
560373
560845
561354
561615
561850
562015
562982
563375
563799
563868
564220
564367
565117
565124
565260
565955
565973
566408
566430
567034
567224
567466
567787
568132
568849
568859
569268
569279
569528
569977
570365
570458
570702
571913
572690
572850
573519
574109
574855
574979
575459
575523
576271
576496
578038
578290
578640
578750
578902
579128
580580
580829
581042
581130
581841
582404
582720
583606
583691
583938
584045
584167
584447
585565
586116
586840
588382
588437
588699
589124
589209
589349
589776
590153
590204
591253
591465
592001
592214
592618
593390
593447
594114
595081
595227
595248
595389
596052
596217
596760
596824
597314
598334
598886
599061
599245
599308
599789
599808
600143
600505
600597
600607
601516
601900
602097
602289
603020
603391
603954
604075
604098
604653
604772
605068
605303
605319
605523
605763
606283
606450
606632
607673
608366
608975
609257
609922
610196
610365
610419
611456
612165
612603
612989
613272
613847
614630
614909
615053
615324
616209
616227
616924
618004
618224
618347
620083
621108
621843
621858
622174
622865
623370
623497
623614
623621
624174
626138
626161
626547
627204
627555
628778
630496
631244
631252
634282
634638
635473
636719
637053
640873
640895
642259
642550
642745
644203
645896
647256
647602
647915
648052
649714
649774
649942
651248
651982
652195
652309
655983
656209
657845
658355
658655
660059
660497
660970
661695
661747
662776
662972
663763
664064
664517
665738
666430
668770
669786
671878
679925
680074
680791
681336
681522
682307
682824
683849
688065
696497
700863
701861
704067
705424
707702
711308
711571
711978
714833
715147
715221
715341
715503
715862
717621
720284
721319
721566
722159
722327
722396
722815
723183
723560
723581
724133
724230
725404
725406
726503
727026
727356
727526
727607
727613
727656
728309
728393
728621
729550
731074
731403
731462
731934
733443
733909
736206
740272
740276
741045
742430
742903
743629
744128
745508
747609
749038
749466
751146
751190
751920
752415
752568
752912
756591
756722
757860
759286
759495
759858
760359
761637
761697
762144
763292
763942
764487
765564
766708
768034
769357
770844
771232
771564
773826
774498
776247
777457
777614
780709
783840
785336
786300
787610
787872
788249
788436
789245
790130
790557
792696
794978
796107
796172
796552
796787
797527
797618
797671
797757
797767
798472
798831
798943
800526
801187
801580
802104
802124
802143
802670
803745
804391
804528
804859
804972
804991
805158
805164
805743
806369
806515
807033
807093
807708
807828
808804
808909
809734
810001
810552
810858
811153
811620
812820
812927
813375
814129
814142
814206
814744
814748
815181
816093
817038
817519
818643
819320
819522
820248
821001
822198
822265
822437
823442
823500
824398
824567
825168
825189
825311
825378
826414
826642
826835
826936
828654
829902
831848
832293
833153
835405
835847
836172
836345
836943
837050
837799
837941
838376
838612
838936
839279
839662
840183
840790
841816
842018
842240
842314
842941
843401
843577
844047
845062
845154
845419
847660
847693
847910
852354
852509
863202
863705
864033
864160
864748
864992
865525
866133
866167
866185
866385
866723
867633
867805
868477
868750
869521
870078
871085
872014
874064
874591
874599
875200
875253
875358
875487
875691
875700
875771
876315
876389
877777
878246
879040
881500
881686
881754
881847
883193
883603
884221
884952
885180
885538
885740
886050
886277
886368
887080
887624
887891
888404
889627
890318
890351
890874
892554
892875
893117
894014
895569
896272
896444
896485
896576
897071
897079
897914
898484
899061
899725
899806
900394
901420
901981
902041
902458
902785
903006
904119
905773
906631
906775
907477
907710
908504
908872
908982
909799
910238
910272
911318
911369
911734
912398
912460
912494
912949
913577
913632
913787
913899
914109
915181
915275
916173
916702
917021
917727
917858
918260
919731
919805
920439
920654
923888
923982
924447
926491
927894
929044
929267
930665
932438
934545
934626
935108
939210
939232
939304
939342
941075
942717
942898
943376
945563
945594
946901
947030
948719
949127
950022
950963
951952
952297
953088
955102
955120
956341
956675
957394
957568
958444
958708
959199
960713
962022
962172
963096
963303
963615
964075
964878
964899
965006
965246
966233
966509
967024
967128
967280
970438
970654
971245
972364
972923
973075
973701
973987
975143
975853
976256
976894
978950
979457
980754
981076
981835
981853
982614
983363
984545
985381
987153
987275
989182
991052
991727
992235
993393
995479
996454
997163
998722
999584
999728
999737
1000349
1001220
1001550
1001821
1001837
1002826
1002915
1003159
1003984
1004644
1005611
1005767
1006254
1006950
1008762
1008866
1008949
1009400
1010069
1011163
1011324
1011392
1014033
1014663
1014944
1016343
1016615
1017811
1017880
1018638
1019258
1019568
1020524
1021696
1022654
1022740
1023595
1024511
1025065
1026160
1028259
1028287
1028364
1028504
1029030
1029580
1029987
1030087
1030140
1030880
1031126
1031383
1033381
1033497
1033941
1034014
1034508
1034515
1035978
1036517
1037693
1038025
1038238
1038325
1039029
1039714
1040091
1042399
1042696
1043199
1043250
1043631
1044035
1044106
1044118
1045120
1046018
1046162
1047195
1048452
1048518
1049535
1051621
1051971
1053121
1053129
1053208
1054084
1054914
1055071
1056379
1056766
1057511
1057554
1057638
1058491
1058591
1059459
1059922
1060176
1061853
1062651
1063343
1063726
1063912
1064257
1064323
1065028
1065517
1066122
1066512
1066548
1066628
1066967
1067487
1069182
1069245
1070513
1070534
1070941
1071135
1071254
1071706
1072790
1072832
1073088
1073664
1073860
1075341
1078103
1078690
1078750
1081716
1085128
1085225
1086963
1089472
1090194
1090202
1090739
1090866
1091087
1091593
1093004
1096278
1097548
1098337
1098683
1099219
1099507
1100710
1101214
1101858
1103089
1103752
1104276
1104545
1105926
1106966
1107311
1108138
1108766
1109049
1110740
1111022
1111244
1111284
1111658
1112698
1113856
1114857
1116356
1119605
1120736
1121384
1121622
1122221
1127403
1133175
1133555
1133574
1134756
1140442
1142122
1149541
1150092
1152325
1152604
1153875
1154021
1154207
1162329
1164560
1164608
1165070
1167617
1168448
1170356
1170800
1171591
1174500
1175278
1179522
