100397
100743
101105
101185
101205
101392
101796
101912
102043
102136
103371
103438
103557
103644
104293
104626
104940
105149
105377
105498
105649
105661
105843
106150
106351
106565
106591
107030
108163
108209
108765
108875
108938
109498
109638
109767
109828
110349
110899
111383
111432
111906
112041
112044
112166
112935
113036
113096
113109
113206
113487
113725
113797
113838
113875
113954
114449
114666
114989
114995
115022
116517
116969
117321
117790
117850
118229
118234
118478
118817
119296
120259
120461
120771
120927
120981
121672
121729
121892
122130
123035
123517
123801
123949
124396
124464
124681
124784
124913
125579
125918
126035
126217
126718
127111
127319
127376
127409
127760
127790
128037
128197
128496
128840
128859
129071
129105
129289
129318
129748
129757
130181
130464
130477
130555
130800
130935
130996
131014
131208
131348
131862
132099
132253
132260
132262
132286
132483
132519
132722
132739
132763
133438
133892
133917
134473
134527
135333
135600
136064
136380
136688
137060
137504
137677
138058
138118
138170
138296
138325
138794
139038
139365
140121
140183
140387
140480
140566
140809
141100
141181
141196
141648
141964
142056
142145
142418
143017
144164
144206
144811
144834
145147
145467
145614
145974
146029
146201
146314
146452
146540
146585
146720
146995
147391
147896
148475
148601
149020
149302
149318
149806
149886
149963
150109
150176
150377
151702
152266
152806
152824
153003
153656
153731
153850
153943
153963
154052
154132
154248
154953
155855
156096
156366
156490
156514
156581
157047
157246
157310
157357
157737
158293
158369
158939
159183
159219
159369
159399
159554
160153
160433
160892
160962
160974
161105
161156
161206
161742
161748
162055
162567
163315
163869
163913
164382
164593
164738
165402
165785
166603
166799
166992
167077
167097
167248
167298
167382
168799
169205
169946
170102
170782
170884
171002
171090
172277
172406
172599
172679
173181
173319
173410
173977
174458
174525
174585
174617
174917
175456
175596
175869
176750
176862
176911
177045
177451
177738
177933
178797
179750
179988
180223
180273
180374
180493
180625
180952
181027
181421
181495
182290
182311
182535
182809
183398
183834
184070
184236
184558
184726
184791
184841
185126
185156
185215
185411
186079
186758
186815
186974
187330
187813
187833
187947
188309
188537
188551
188938
189194
189357
189419
189637
190168
190868
190942
191307
191561
192277
192455
192512
192516
193056
193469
193677
193748
193807
193922
193943
194099
194469
195200
195791
195864
196163
196232
196296
196976
197718
197985
198355
199036
199285
199385
199656
199673
199769
199892
199911
199984
200370
200513
200887
201118
201127
201410
201438
201887
202040
202124
202307
202323
202371
202386
203578
203819
203898
204009
204013
204046
204284
204400
204431
204764
204821
204886
204947
205109
205320
205401
205668
205683
205777
205800
205954
206111
206416
206757
207233
207287
208343
208708
208883
210063
210355
210492
210955
211149
211458
211900
212022
212581
212783
213461
213600
214182
214517
214739
214946
215267
215374
215782
215911
215998
217351
217726
217797
217830
218299
219957
219967
220023
220306
220439
221102
221788
221900
222000
222204
222403
222426
222499
222640
222650
223053
223349
223536
223802
223836
224522
224646
225160
225358
225855
226049
226912
226924
226985
227267
227723
227947
228171
228416
228483
228538
228559
229711
229732
229974
230094
230440
231687
231859
232016
232029
232785
233328
233634
234017
234055
234661
235103
235297
235462
235527
235663
236292
236326
236506
237181
237374
237432
237582
237597
237682
238581
238828
238857
238881
239129
239392
239503
239730
239835
240504
240557
240562
241017
241230
241671
242022
242569
242913
243824
244024
244198
244827
245072
245141
245180
245356
245887
247304
247624
247730
247735
247754
248473
248530
249000
249024
249302
249457
249608
251002
251287
251307
251568
253171
253327
253466
253598
253734
253749
254395
254538
254815
254986
255141
255198
255973
256540
256735
256742
256884
257024
257398
257663
257995
258020
258038
258366
258635
259381
259866
259907
260048
260131
260523
261119
261185
261215
261223
261384
261469
261509
261761
262086
262105
263245
263293
263706
263913
264012
264151
264679
265005
265485
265739
266087
266150
266265
266488
266716
267030
267125
267277
267299
267648
267798
267956
268034
268342
268359
268572
269244
269326
269417
269603
269732
269882
269982
270220
270370
270517
270927
271921
272123
272301
272307
272341
272408
272651
272686
273010
273829
273854
273864
274330
274836
275684
276094
276275
277301
277313
277677
277744
277935
278763
278827
279110
279676
280194
280868
280880
281256
281274
281281
281486
281956
281971
281988
282269
282500
282701
283002
283194
283918
284386
284549
284689
284995
285626
285995
286890
287308
287447
287608
288466
288842
288910
289106
289259
289781
289822
289916
290616
291188
291344
291758
291962
292246
292347
292710
292856
292888
293851
293944
294412
294453
294838
295086
295601
296137
296174
296181
296219
296815
297431
297442
298245
298450
298493
298742
299637
299907
300218
300457
301157
301402
302619
302709
303230
303396
303403
303778
303808
303917
303934
304012
304298
304554
304787
304820
305006
305242
305516
305651
305678
306030
306257
306382
307536
307559
307573
307718
307874
307966
308467
308525
308821
308900
309027
309153
309563
309792
309886
309947
310155
310170
310380
310528
310920
311008
311176
311351
311782
312415
312774
312931
312955
313112
313130
313143
313887
313935
314138
314647
314652
315003
315166
315727
315762
315774
316042
316343
316368
316678
316835
316884
316959
317586
317641
317644
317653
317870
318300
318481
318677
319024
319146
319309
319461
319811
319895
320242
320316
321145
321172
321198
321348
322520
322537
323051
323131
323804
323949
325066
325208
325354
325622
326190
326603
326854
327025
327034
327351
327358
327800
327861
328376
328681
328709
328812
328876
328952
329264
329769
330069
330084
330312
330341
331214
331420
331511
332078
332348
332610
332696
332788
332850
333183
333577
334389
334544
335036
335094
335156
335282
335544
335918
336107
336312
336381
336514
336833
336921
337165
337309
337406
337592
338042
338063
338105
338354
338798
338947
339002
339048
339119
339159
339428
339445
339524
339606
339885
340253
340837
341101
341102
341173
341253
341270
341341
341582
341697
341716
341866
342062
342474
342688
343015
343117
343189
343312
343449
343694
343805
343970
344106
344181
344329
344415
344630
344970
345108
345758
345803
346071
346106
346333
347171
347235
347476
347516
347715
348322
348380
348809
348833
348948
349239
349622
350143
350647
350719
351013
351078
351612
351686
351712
351763
351897
351920
352108
352255
352527
352539
352623
352928
352980
353175
353337
353681
353824
354393
354421
354659
354730
355080
355203
355508
355520
355809
356187
356320
356721
356937
356980
357620
357845
358247
358331
358497
358499
358958
359002
359007
359592
359766
360562
360566
361022
361188
361281
361488
361859
362310
362768
363093
363387
363412
363690
363733
364367
364804
364809
364930
365690
365878
365989
366241
366535
366803
366974
367407
368080
368452
368495
368517
368624
368897
369654
369660
369769
371118
371336
371498
371519
371866
371928
372038
372212
372225
372351
372572
372592
372690
373006
373268
373743
374383
374507
375104
375108
375234
375393
375519
376107
376431
376513
376847
376854
377098
377365
377366
377445
377599
377790
378542
378893
378940
379021
379126
379133
379152
379576
380689
381069
381294
381310
381774
381808
382117
382469
382706
382947
382985
383170
383245
383464
383585
383912
384893
385713
385880
385979
386308
386703
386709
386748
387239
387459
387532
387862
388222
388716
388739
388999
389033
389285
389555
389945
390100
390199
390670
390756
390982
391099
391203
391675
392149
392200
392245
392937
392994
393462
393938
393980
394553
394811
395023
396088
396653
396894
397295
397538
398534
398960
398974
399462
399682
400253
400662
400722
400788
400916
401061
401272
401304
402120
402254
402443
402484
402637
403184
403445
403759
403762
404347
404628
404827
405626
406076
406484
406630
406750
406870
406989
407030
407134
407187
407237
407912
408056
408382
408799
410463
410697
410740
410741
410982
411672
411679
411926
412209
412376
413192
413547
414104
414193
415052
415088
415122
415742
415969
416219
416396
416657
416684
416959
416984
417071
417886
418129
418229
419307
419439
419470
419656
420016
420839
421851
422055
422151
422247
422261
422901
422933
423459
423548
423574
423611
423653
423811
424321
424534
424584
424857
424865
425381
425522
425686
425951
425954
426563
426673
426731
427096
427250
427408
427572
427936
428793
428978
429092
429442
429748
429826
429913
430018
430135
430278
430391
431481
432122
432312
432995
433003
433772
433793
434481
435091
435338
435733
436333
436940
437011
437383
437413
438169
438426
439081
439171
439252
439628
439800
440210
440578
441047
441565
441905
441986
442934
443780
444678
445147
445207
445370
445522
445720
445921
446208
446308
446431
446533
446878
447011
447204
447321
447368
447717
448076
448187
448228
448392
448585
448779
448792
449024
449166
449176
449280
449358
449531
449584
449925
450548
450575
450648
451082
451363
451497
451658
451669
452545
453207
453834
454013
455008
455312
455425
456219
456338
457399
457865
458098
459035
459155
459341
459345
459426
459933
460228
460304
460649
460805
460889
461276
461515
461624
462014
462132
462259
462697
462738
462976
463253
463433
463488
463510
463851
463969
464331
464473
464558
464753
464842
465013
465145
465308
465370
466075
466095
466214
466468
466493
466822
466895
466946
467246
467949
468192
468467
468541
468551
468745
468749
468837
469049
469167
469254
469896
470042
470065
470636
470752
470805
470958
471775
471956
472363
472393
472493
472871
473077
473263
473831
473939
474104
474394
474401
474598
475157
475353
475440
475454
475601
476566
476680
476798
476846
477305
477565
477610
477648
478530
478556
478604
478898
478931
479256
479396
479474
479753
480033
480136
480373
480432
480524
480775
480899
481036
481094
482313
482410
483161
483533
483622
483791
484149
484351
484792
484848
484879
484910
485052
485101
485149
485289
485312
485361
485693
485938
485956
486524
486749
487235
487374
487513
487798
488052
488496
488638
488823
490024
490090
490114
491154
491261
492152
492488
492536
493464
493553
493873
493937
493984
495387
495441
495544
495578
495625
496028
496109
497191
497232
497651
497771
497772
498303
498326
498334
498529
498613
498969
499063
499303
499333
499952
500021
500190
500586
500694
500716
500915
501050
501066
501317
501819
501913
502397
502923
502974
503035
503126
503231
503504
503953
504102
504538
505358
505641
505779
505787
505835
505859
506019
506588
506895
507563
507835
507844
507875
507911
508067
508101
509007
509350
509386
509778
509824
510060
510208
510492
510597
510669
510724
510973
511024
511129
511237
511737
511792
511953
512355
512836
513263
513774
513782
513907
514668
515264
515319
515371
516505
516744
516890
517402
517461
518075
518130
518488
518871
518892
518902
518911
519009
519232
519261
519383
519469
519885
519950
520041
520086
520267
520939
521191
521461
521724
521837
522268
522646
522905
523092
523099
523147
523242
523273
523545
523818
524222
524735
524910
525118
525166
525249
525365
525660
525748
525806
525889
525960
526400
526488
527199
527437
527677
528008
528165
528271
528757
529805
530127
530433
530834
530862
530944
531987
532007
532337
532475
532620
532781
533061
533449
533693
533789
534619
535243
535249
535729
535916
535929
536214
536334
537142
537370
537872
537976
538133
538286
538955
539054
539324
539446
539509
539572
539813
539984
540247
540798
540815
541365
541417
541453
542277
542513
542552
542908
542925
542971
543214
543430
543558
543869
544010
544077
544206
544826
544959
545877
545944
546403
546453
546497
546706
546750
547069
547482
547553
547712
548063
548345
548581
548821
548830
549845
550293
550372
550387
550646
550676
551589
552282
552823
552824
553151
553188
553463
553533
554173
554300
554607
555013
555151
555714
555793
555942
555981
556024
556062
557270
557390
557428
557636
557871
557959
558182
558424
558611
558639
558641
559000
559052
559252
559504
560139
560291
560373
561099
561560
561724
561850
561920
562169
562199
562656
562802
563169
563375
563386
563799
563868
563916
564367
564430
564995
565366
565802
565955
566081
566408
567220
567649
567971
568132
568465
569977
570299
570446
570894
571913
572285
572850
573126
573223
573766
574409
574634
574979
574988
575287
575459
575645
576237
576271
576380
576461
576496
576831
576919
576954
576981
577134
578038
578640
579353
579539
580178
580256
580384
580580
581042
581130
581622
582026
582622
583156
583460
583691
583721
584167
584447
584986
585369
586977
587703
588268
588320
588423
588437
588699
588730
589325
589776
589844
589952
591109
591116
591465
591704
591870
592031
592510
592545
592647
593355
593782
594027
594278
594535
594749
594776
595077
595248
595389
595454
596052
596228
597247
597442
598520
598989
599061
599245
599279
599670
599725
600143
600172
600388
600593
600624
600773
601211
601588
601900
601940
601992
602018
602111
602293
602481
602580
602814
603230
603339
603391
603954
604098
604365
604772
605068
605153
605261
605523
605763
605844
606283
606450
606922
607089
607223
607297
607784
607833
608169
608228
608366
608651
608950
609257
609478
610249
610365
610931
611043
611366
611397
611419
612824
612989
613847
614173
614220
614578
614909
615217
616209
616225
616227
616287
616329
616541
616689
616878
616924
618453
618634
618779
619463
619810
621006
621108
621200
621858
621991
622081
622174
622431
622857
622927
623370
623440
623497
623614
624033
624174
624367
625131
625377
625483
625643
625943
626070
626162
626293
626343
626395
626711
628667
628778
634282
638210
645318
647185
647256
647915
649715
653292
656847
657167
657916
658355
658655
660620
660994
661216
662776
662972
663763
663848
664064
664576
666223
668054
668724
674245
675569
676950
679263
679925
680074
680791
681336
681522
681566
682824
683508
684785
685380
685619
686041
687176
692799
694314
695103
697160
697228
697760
699477
700210
703679
703692
704816
705424
705461
706270
707394
708114
708119
708299
709021
709065
709409
712986
714679
714833
715147
715341
716095
716869
717186
717234
717935
718406
718890
719194
719763
722396
723183
723560
723771
724133
724230
725406
726503
727607
727613
727656
728393
728621
729116
731074
732714
733176
733909
734430
734723
738412
738639
738892
738974
739860
740249
740786
741170
741223
741468
742396
742903
745339
745508
746755
746930
748294
748897
748914
749217
749724
750189
751146
751640
752568
752912
752960
753087
753443
753456
754685
755136
756091
756204
756480
756483
756591
756621
756633
756856
756895
756903
757860
758594
758598
759265
759495
760007
760359
761625
761637
761697
762412
763495
764487
764899
765564
765780
765800
766771
767208
768034
769023
769357
769366
770844
771232
771517
771564
776007
776247
776789
776832
777643
778466
778587
778667
778698
780125
780196
780709
781591
783906
785674
787610
788680
789110
789433
790218
790376
791569
791686
794248
794611
794675
794978
797398
797527
797618
798831
798943
801007
802124
802670
802901
804528
804815
804996
805164
805459
806117
806597
806691
807033
807708
809954
810001
810552
812820
814206
814348
814744
815141
815181
815881
817595
818643
819320
819522
821001
821491
821526
822185
822265
822437
823514
824022
824083
824567
824931
825311
825378
825894
826835
826936
827072
828400
828612
829768
829902
830708
830899
831241
831848
832102
832974
833102
833614
834134
835212
836172
836821
836845
837001
838045
838066
838190
838376
838612
838936
839184
839279
839453
839662
840183
841409
842170
842314
842532
842941
842976
843401
843402
843577
844279
844362
845184
845238
845419
846545
847558
849063
849181
849812
849882
850287
852509
854407
860385
860435
863452
863647
863705
864036
864313
864534
864748
865067
865871
866133
866167
866185
866215
866385
866605
867332
867719
867846
867960
868830
869433
869696
869738
870976
871314
871654
872222
872734
872827
873281
873625
873712
873779
873863
874911
875691
876038
876079
876315
876389
876531
876659
877227
877238
877676
878198
878785
878855
879040
879068
879166
879507
879726
880018
880292
880558
880760
881500
881754
883193
883978
884176
884542
885458
885828
886050
886524
887722
888404
888898
889793
890141
890216
890276
890874
890908
891917
892083
892554
893080
893116
893132
893758
894014
894695
895023
895218
896260
896272
896292
896406
896576
897071
897079
897112
897154
897326
897979
898413
898484
899061
899949
901342
901480
901985
902475
902624
903230
903506
903640
904442
904633
904899
904975
905482
905659
906631
907235
907465
907616
908076
908232
908340
908504
910665
910897
911369
911475
911614
911734
912261
912949
913899
913902
913998
914109
914623
915181
915275
915947
916173
917601
918078
918260
918416
918922
919299
919805
919841
920654
920662
921298
921459
922213
923740
923982
924214
924447
924491
926491
926741
927411
928649
929267
930297
930308
931403
932389
932650
934189
934392
934545
934791
936248
936731
937549
938822
939210
939232
940391
940854
941075
941247
942111
943482
945327
945455
945563
945594
946107
946440
946557
946836
946901
948247
948835
949029
949334
949598
949782
950519
950583
950781
951420
951636
951912
952141
952954
953088
953343
954109
954307
955102
955120
955263
955533
956000
956307
956341
956525
956698
957036
957083
957240
957313
957394
957469
957813
958171
958258
958385
958444
958732
959459
959996
962022
963067
963585
963615
964075
964485
964711
964899
964983
965006
965172
965265
965400
965619
965663
966233
966930
967612
968811
969099
969236
970153
970173
970438
971686
971894
971992
972923
972937
973075
973274
973330
973676
975187
975486
975588
975853
976297
976383
976717
977224
978372
978552
980616
980754
980801
981371
983147
983856
984430
984812
985590
986037
986410
987275
987648
987770
987792
988004
988301
988692
988792
988971
989025
989343
989360
989745
990538
990856
991528
992235
993844
995311
995860
996363
996454
996508
997137
997163
997283
998193
998545
998722
999415
999584
999728
999796
1000572
1001550
1001837
1002608
1004943
1005611
1005767
1005776
1006731
1006747
1006960
1007158
1007555
1007611
1007975
1008376
1008507
1008663
1009010
1009030
1011662
1012882
1013535
1014295
1014685
1014944
1014979
1015043
1015057
1015214
1015566
1016098
1016135
1016700
1016887
1017310
1017523
1018008
1018706
1019039
1019250
1019568
1019603
1020769
1021428
1022740
1023410
1023595
1024526
1025281
1025869
1026182
1026225
1026569
1027170
1027704
1027715
1028287
1029030
1029318
1030310
1030391
1030629
1031126
1031280
1031553
1031740
1031992
1032002
1032507
1033289
1033497
1034014
1034684
1034783
1035023
1035268
1035275
1035440
1035774
1035874
1036212
1036452
1036517
1036736
1036807
1036960
1037482
1037533
1037646
1037721
1038325
1038540
1039029
1039249
1039714
1040091
1041221
1041551
1041657
1042399
1042827
1043083
1043765
1044035
1044106
1044423
1044582
1044710
1045002
1045083
1046665
1047195
1047955
1048011
1048305
1049535
1050999
1051621
1052000
1052503
1052919
1053121
1053208
1053405
1053562
1054084
1054186
1054188
1054525
1054709
1054887
1054911
1055071
1055722
1056019
1056508
1056766
1056892
1057456
1057476
1057563
1057638
1057823
1057887
1057904
1058185
1058393
1058415
1058591
1058945
1059343
1059459
1059661
1059674
1059708
1059954
1060578
1061200
1061317
1061637
1062651
1062858
1062941
1063883
1063946
1064257
1064563
1065028
1065428
1065517
1065798
1066122
1066192
1066512
1066625
1066859
1067834
1068315
1068613
1068889
1069182
1069245
1069371
1069812
1070069
1070412
1070513
1070534
1071020
1071135
1073949
1073989
1074445
1074909
1075546
1075891
1076336
1077111
1077899
1078677
1079464
1080244
1082060
1082751
1083110
1083396
1083441
1084492
1084846
1086500
1086750
1087105
1087572
1087581
1088207
1088554
1088671
1089040
1089409
1089901
1089932
1090057
1091087
1091593
1091834
1092210
1092420
1092681
1093004
1093232
1095891
1095944
1096278
1096379
1096411
1096595
1097861
1098337
1098547
1098836
1099079
1101003
1101858
1102873
1103089
1103752
1103857
1104276
1104666
1104744
1105240
1105782
1106081
1106546
1106911
1106966
1107189
1107311
1107420
1107619
1108055
1108061
1108114
1108175
1108254
1109049
1109186
1109301
1110424
1110811
1111244
1111284
1111303
1111332
1112122
1112194
1112698
1113856
1114097
1114432
1114857
1115470
1120037
1120736
1121094
1121384
1122125
1122422
1125216
1134152
1134756
1138473
1138775
1150092
1152434
1153518
1153875
1154207
1157521
