100715
100882
101652
104311
107724
107981
111320
111795
111800
115016
117461
117978
120178
122194
122953
123952
125170
129033
133014
134664
138455
140050
141002
141519
146762
148673
151984
152438
156285
156305
157573
159390
161827
167694
168949
170122
171931
172457
172822
173559
175030
177158
179122
180580
183042
186353
193219
200739
209038
211249
213832
216255
217456
220201
221606
221812
226572
227535
231223
234535
240869
241262
241363
242990
245375
252176
253595
253914
258785
260630
262502
263990
264998
268238
269795
269944
272184
273632
283101
283553
284718
285067
285334
286241
290288
293261
296144
302588
303182
303666
304895
305397
306568
308732
309113
310284
319166
319251
324435
327491
327617
332928
334092
338862
340494
340857
340868
343860
344568
347643
348456
350405
351599
352286
355592
355952
356763
359683
362698
366154
368055
368753
371095
376207
377001
378833
382160
382597
384017
388004
388248
391490
391840
396903
397005
398830
404229
405113
408037
408070
414915
415543
416265
418357
421479
422794
427662
429282
429896
433733
436727
438292
438350
438369
439351
440904
441471
444007
444381
446290
447519
448223
448379
450717
451572
455558
456648
459030
460592
462236
463264
467772
472186
473273
477469
480061
481113
490639
491979
493270
495380
495577
496421
496594
496602
507119
510326
511293
512350
512746
516054
518888
525242
525441
528388
535603
535690
537265
538681
541950
545300
545927
553907
557623
557637
567863
568233
569180
571013
572092
574776
588525
592916
596702
598769
606704
610554
612375
612644
614747
615790
618708
626955
652084
658691
673228
693193
716050
731766
733528
734827
765773
766612
778926
787888
792719
795020
796188
801380
804295
805211
809838
813707
817083
818420
820317
821181
824341
825190
827055
835247
863491
866758
904638
907543
912110
936719
942640
947757
953867
953914
956182
968286
980272
980970
988747
1011380
1012796
1019325
1028339
1029623
1029914
1031427
1034708
1048291
1060391
1088585
1109874
1114513
1159230
1168023
1181279
1191838
1200982
1225140
