100169
100351
101235
109665
109828
110417
111383
111896
114202
116116
117387
117669
117790
118234
119454
119803
120461
120734
122407
122466
122824
123290
124913
128645
130752
138543
139035
141312
141652
145209
153779
154536
156688
158293
159143
165109
165375
170515
170777
172406
178786
179185
181421
181796
186748
186801
189720
190629
192198
192911
193943
197452
197968
200111
204080
204208
204886
205515
206349
208598
213075
213259
219147
221014
225706
226355
227452
227768
230884
232016
236164
237038
241230
242569
246715
249000
249916
250397
251002
251568
255913
258797
259756
260730
261715
263683
265419
265704
265800
267310
267994
268921
269558
273537
275548
275829
275915
275928
276275
279676
303160
304346
305717
308525
309127
319718
320242
329800
337693
341023
341166
342716
343694
344797
344891
346406
351461
355942
356236
364900
367139
367948
368495
381307
385880
393038
399087
408071
409431
410330
419473
428604
430278
433622
436016
437624
439825
445612
447576
450463
450731
455425
456258
459451
460099
462102
478331
480218
483493
487104
489057
499532
500929
504488
505859
518800
518914
519024
519469
520719
522852
530131
541720
557270
557428
567436
569472
571020
592027
594753
601992
612288
626865
641006
651029
653580
653697
665673
673938
675881
697054
726529
732267
738892
747446
755330
777825
789650
799041
804815
806884
808622
816003
822185
827712
842170
864719
897105
918942
963215
969445
983266
995860
998061
1027704
1036275
1038955
1065311
1069579
1140233
1161856
1176948
1188909
1203522
1229846
1235047
