106541
106845
110527
112192
112384
114078
122470
124370
129652
129865
132873
134419
139665
141200
141674
142784
144223
145921
149358
150303
152024
153629
154165
157480
159875
162269
162835
165284
168589
170455
173068
174204
177989
178316
179210
181447
183146
188096
189290
189356
190264
192657
207265
212340
215571
216836
228047
228989
230354
232475
232647
233220
235302
238099
238407
241929
243852
244914
248651
249736
252539
253259
265472
268587
269349
274391
275145
277047
281388
282817
282961
284434
284704
285933
286077
286472
287925
288519
288540
289967
291839
295722
295911
296978
297198
299262
300092
300450
302133
303544
303660
304419
308103
312106
313531
313574
314494
316037
316971
317226
320493
321563
322611
323165
324153
325191
325217
325508
325824
328075
330626
332139
335616
337232
339517
339726
339771
340892
342111
345366
347897
347996
349038
349890
353700
356697
357585
357905
358261
358459
360286
360625
361328
362946
364492
365229
366496
367316
367989
368346
369359
371346
373276
375355
376752
377190
377990
378982
379116
380495
381568
384624
384798
386055
388367
392166
392865
398255
400827
402039
404286
404674
405080
407077
407922
408730
411041
411179
411697
411832
414485
414487
417703
419573
420381
424196
425600
428778
430340
430600
430985
431711
432460
432893
433359
433360
435267
436180
436868
440998
445611
446067
449661
449959
450466
450468
453626
456150
458452
459236
460069
460608
462415
463535
463601
464446
465179
466365
468528
471572
471661
472067
472574
472862
473484
474380
475260
479054
480106
480255
481567
482034
484060
484511
485986
486113
486586
486607
487727
488325
488731
490873
491581
492736
494647
494986
495718
496318
496885
498041
499990
508071
508684
508777
510761
511908
512805
513037
513245
515918
515936
516033
518763
519431
519834
520405
522308
522578
523187
523421
523772
525070
526184
526847
528320
529492
529543
529696
530101
531887
532288
532324
532366
535711
536854
537065
539575
540808
541009
541311
541473
542652
543298
545295
545570
549935
550322
551256
552096
555991
556559
557958
559206
559761
561292
561360
563152
564353
564534
565670
567300
572608
572727
573896
575595
577397
577640
578876
579194
579243
580605
581043
581289
581768
581927
583577
584297
585615
592368
592464
594319
595004
595074
595455
598314
599353
603598
605982
606928
607424
608795
613217
615241
615562
616601
618225
619611
620265
623517
624052
627027
638941
646143
655126
659905
662750
669659
671403
672563
677996
692563
696179
697207
699965
700038
705311
706051
708621
718364
721738
735749
738677
741718
743180
747951
749279
751399
753505
756427
757193
758732
758819
763902
768277
769024
771641
772088
773804
773862
774114
774914
777174
788604
792139
796358
820702
821505
823716
824213
824284
824734
825962
832733
834995
839227
849080
849340
862520
866455
869612
869786
871644
872216
872580
877522
880747
880786
881068
882245
882421
882992
884179
884298
884303
885287
887157
889372
892267
892944
893157
893721
893725
893939
898275
898615
899017
902131
905875
907021
908206
910954
912919
917073
917243
920759
921295
922689
925148
928003
929414
933462
933793
935817
937734
938021
940381
941597
941775
943536
944595
945271
949140
949836
952814
953795
955971
956642
956686
956992
958354
959205
961337
962765
963774
963894
964541
966883
967557
968904
971965
973601
973860
975746
976796
977871
978245
979326
980856
984832
985436
989892
990425
991767
996587
1004631
1005206
1007149
1009063
1010656
1012523
1013011
1015386
1015620
1015814
1017757
1018648
1019059
1020966
1021980
1022699
1026459
1032643
1034196
1034531
1034550
1035736
1039622
1039853
1040750
1041024
1042448
1044348
1044697
1045275
1047328
1048120
1050325
1052581
1053470
1058467
1059635
1062715
1063103
1064739
1065479
1066673
1066872
1069698
1071032
1073556
1074042
1074481
1075020
1076513
1077513
1078605
1085992
1089611
1093158
1097404
1098705
1098992
1099716
1099725
1104205
1104306
1105090
1105422
1106348
1106512
1107665
1108657
1112338
1112491
1121044
1123466
1150750
1155422
1156421
1165940
1173138
1177724
1180681
