100497
100784
100977
100984
101105
101749
101912
102080
102120
102179
102475
102532
103019
103286
103371
103662
103814
103904
104105
104277
104282
104293
104424
104518
104626
105149
105293
105524
105672
105919
106150
106717
107216
107884
107936
108163
108203
108228
108526
108805
108875
108927
108938
109051
109075
109220
109363
109525
109767
109910
110073
110196
110670
110691
110731
111102
111282
111432
111665
111880
111890
111996
112013
112161
112235
112717
112979
113036
113425
113527
113725
113794
113797
114216
114342
114932
114989
114995
115283
115409
115526
115559
116566
116628
116969
117302
117321
117759
118096
118229
118364
118456
118478
118554
118566
118606
118763
119307
119510
120086
120286
120672
121029
121128
121147
121314
121408
121440
121660
121730
122099
122110
122130
122384
122900
122918
123434
123517
123618
123777
123949
123953
124069
124073
124172
124326
124397
124464
125213
125579
125615
126035
126277
126875
126975
127111
127145
127376
127642
127739
127760
127790
127943
128150
128265
128289
128659
128896
129105
129129
129166
129318
129345
129390
129525
130044
130184
130527
130532
130635
130909
131014
131208
131348
131368
131461
131514
131516
131823
132014
132054
132099
132722
132739
133760
133892
134116
134163
134390
134473
134631
134917
135309
135317
135474
135889
136699
136805
137677
137810
138058
138169
138296
138312
138325
138794
138810
139038
139113
139683
140093
140121
140183
140340
140439
141220
141332
141377
141642
141681
142372
142418
142659
142984
143826
144032
144206
144681
145478
145566
145747
146540
146600
147334
147391
147513
148601
148775
148870
149020
149356
149886
150393
151015
151252
151412
151645
151893
152266
152462
152484
152520
152797
152801
153041
153213
153850
153949
153970
154544
154897
154982
155011
155211
156054
156491
156705
157181
157310
157503
157833
158085
158388
158466
158565
158639
159082
159351
159450
159567
160705
160867
160870
161156
161206
161748
161919
162167
162967
163293
163332
163470
163620
163753
163776
163840
163875
163931
163936
164308
164382
164949
165165
165229
165324
165402
165749
165785
166469
166799
167002
167209
167823
168079
168142
168201
168553
168799
168983
169261
169564
169796
170035
170293
170729
170791
170837
171007
171090
171222
171287
171396
171614
171664
171799
172147
172277
172305
172679
172821
172869
173319
174212
174251
174525
174578
174617
174648
175183
175456
176216
176713
176750
176911
177373
177469
177796
177919
177933
178289
178499
178797
178829
179727
180008
180172
180230
180826
180952
180990
181027
181639
181642
181935
181964
182140
182297
182375
182461
182535
183178
183398
183470
183500
183912
184045
184070
184343
184389
184464
184558
184629
184791
185096
185183
185724
185798
185799
186505
186815
186835
186974
187048
187153
187495
187833
187915
187930
187947
188309
188415
188558
188564
188588
188629
188766
188774
188938
188997
189283
189419
189637
189653
189807
189855
190062
190168
190199
191307
191455
191472
191561
191681
191835
191995
192277
192455
192512
192647
192709
192902
193469
193575
194411
194636
194891
195001
195024
195197
195642
195864
196163
196232
196296
196749
196861
197064
197210
197260
197394
197415
197678
197750
198135
198410
198697
198923
199036
199194
199656
199673
199779
200047
200082
200107
200366
200391
200405
200726
200862
200887
200898
201396
201410
201438
201575
201843
201868
201887
202040
202045
202075
202227
202507
202656
202754
203366
203487
203898
204037
204046
204288
204400
204431
204718
204804
204821
205683
206077
206779
207033
207233
207287
208410
208423
208708
208744
208838
208883
209608
209659
210060
210261
211044
211149
211399
211606
211657
211900
211948
212139
212771
213554
213730
214066
214739
214946
215341
215374
215791
215849
216618
217076
217160
217238
217476
218465
219303
219353
219936
220023
220306
220554
220763
220767
220808
221900
222000
222204
222403
222634
222650
223363
223788
224098
224365
224472
224478
224522
224529
224614
224910
225148
225255
225591
226007
226056
226183
226617
226924
226985
227267
227628
227677
227723
228538
228634
228704
228856
228918
229572
229711
229857
230094
230856
231136
231331
231687
231731
231893
232029
232048
232696
232785
232805
233068
233072
233135
233415
233501
233592
233791
234017
234140
234186
234661
235226
235308
235762
235979
236037
236091
236115
236566
236773
236843
237181
237437
237909
238112
238498
238857
238881
239412
239474
239503
239687
239730
240151
240521
240562
240630
240683
241864
241974
242000
242027
242062
242680
242920
243037
243039
243047
243228
243592
243783
244024
244198
245072
245076
245180
246424
247172
247236
247730
247754
248057
248627
248633
249024
249390
249457
249680
249855
249865
249934
250022
250116
250176
250204
250929
251114
251287
251477
251719
251965
252223
252606
252704
252901
252909
253107
253171
253296
253367
253730
253934
254276
254316
254661
254849
254994
255124
255586
255615
255634
256054
256742
256884
256962
257006
257048
257832
257974
258187
258366
258382
258412
258523
258658
258674
259413
259544
259627
259766
260019
260024
260131
260808
261092
261185
261223
261852
262231
262306
262442
262449
262604
262728
263245
263477
263805
263815
263913
264205
264526
264642
264687
265240
265391
265724
265739
266150
266161
266177
266265
266774
266878
266883
267125
267247
267277
267391
267607
267956
268112
268985
269187
269404
269666
269732
270220
270247
270310
270341
270517
270690
270966
270998
271035
271256
271511
271525
271736
271964
272097
272123
272128
272307
272341
272441
272454
272583
272597
272970
273276
273342
273691
273694
273864
273947
274001
274199
274400
274421
274467
274536
274953
275357
275398
275425
275433
275443
275763
275978
276121
276193
276298
276369
276711
276720
276857
276987
277301
277351
277677
277710
278166
278763
279511
279600
279798
280880
281281
281341
281890
281951
281971
281988
282188
282659
283351
283800
285144
285365
285626
285995
286217
287131
287308
287468
287565
287608
287754
287831
288051
288466
288520
288714
289259
289668
290045
290268
290860
291025
291218
291453
291553
291806
291944
292710
292888
293020
293120
293242
293702
293965
294576
294969
295003
295124
296038
296181
296427
296486
296603
297113
297431
297929
297988
298245
298257
298548
298971
299627
299971
300175
300238
300625
300649
301402
301967
302471
302565
303422
303437
303696
303718
303917
304012
304549
304639
304672
305006
305487
305510
305678
305694
306042
306182
306257
306583
306620
306731
307031
307039
307402
307631
307719
307874
307966
308069
308169
308393
308683
308936
308966
309021
309153
309435
309563
310133
310155
310576
310581
311351
311409
311524
312256
312801
312834
312931
313439
313674
314188
314555
314813
315068
315247
315718
316059
316309
317966
318322
319461
320170
321135
321180
321891
322061
322466
322597
322670
322860
322989
323051
323540
323804
323920
324062
325066
325354
326180
326234
326311
326475
327351
328019
328417
329014
329057
329675
330083
330142
331214
332099
332255
332432
332610
332635
332638
332883
333036
333674
333857
333899
335332
335334
335486
337309
337607
338063
338200
338288
338507
338547
339180
339505
339524
339905
340149
340253
341101
341113
341173
341717
341894
341993
342130
342442
343202
343312
343449
343805
343869
344181
344630
344702
345108
345301
345500
345616
345624
346333
346475
346950
346952
347322
347715
347888
347942
348371
348380
348387
348948
348997
349536
349841
350093
350732
350842
350864
350969
351013
351612
352539
352611
352815
352928
353175
353221
354088
354216
354659
355520
355661
355812
356448
357820
358199
358338
359053
359561
360222
360995
361239
361488
361683
361829
362444
362673
362768
363005
363368
364367
364407
364447
364850
365037
365989
367552
368496
369274
369769
370111
370216
370301
370630
370690
371575
371866
371882
372038
372225
372524
372572
372638
372779
372811
373747
374229
374383
374485
375021
375108
375197
375535
376045
376431
376468
376847
377445
377472
377790
378362
378698
378736
379259
379359
379466
379576
380131
380150
380236
380828
381310
381585
381698
381774
382314
382390
382812
383035
383043
383140
383172
383245
383464
383520
384135
384261
384485
384545
384906
385283
385713
386196
386201
387123
387532
387552
387660
388202
388222
388739
388979
389258
389628
390199
390670
390726
391675
392706
392932
393261
393439
393967
394073
394741
394813
395636
395643
396674
396962
397075
397384
397432
397621
397953
400208
400395
400477
400662
400722
400735
401036
401082
401190
401971
402443
402831
402886
403184
403598
403765
403828
404019
404047
404264
405901
405919
406430
406630
406772
406989
407242
407912
408096
408125
409126
410425
410740
410856
411215
411926
412127
412376
412666
412977
413059
414036
414069
414076
414104
414417
414738
415780
415969
416080
416219
416657
416890
417444
418371
418446
418585
418780
418815
419368
419944
420269
420839
420841
421122
421796
422261
422901
423486
423653
423778
423878
424534
424857
425149
425237
426472
426673
426894
427086
427936
428202
428661
428760
428788
428816
428892
429092
429537
429909
429924
431913
432669
432898
433073
433296
433579
434234
434897
435521
435733
435841
436726
437007
437011
437161
437336
437911
438114
439141
439310
440514
440533
441377
441643
441739
442764
442987
443006
443011
443377
443971
444175
444802
445001
446865
447011
447013
447474
449176
449358
449488
449694
450399
450695
451036
451204
451417
452645
453256
453458
454013
454219
454323
454366
454720
454907
455065
455312
455894
457125
457314
457820
458202
458450
459070
459282
459432
460584
460711
460884
461322
461997
462037
462636
462697
462699
464230
464243
464331
464482
464605
464868
465308
465370
468396
468426
468467
468661
469049
469254
469298
469387
469830
469962
470065
470636
470752
471775
472209
472435
472947
473475
474027
474269
474598
474879
475180
475440
475808
475848
475859
476436
476566
476901
477191
477677
477785
477935
478307
478530
478658
479256
479921
480046
480373
480968
481094
481341
481424
481617
482021
482919
483211
483545
484135
484792
485071
485130
485154
485548
485611
487221
487336
487746
488823
489225
490090
490114
490260
490381
491702
492119
493025
493340
493464
493696
493718
494061
494174
494503
494809
494954
495049
495076
495304
495424
495684
496253
496456
497232
497772
498151
498199
498303
498334
500586
500915
501514
502104
503075
503579
504114
505468
505482
505693
506199
506206
508058
508075
508330
508797
508803
509007
509386
510144
510303
511024
511129
512140
512400
512483
513268
514478
515371
515406
516389
516501
516709
516808
517323
517443
518130
518655
518902
519059
519718
519722
519873
519887
519950
520056
520094
520508
520939
522574
523303
523356
524408
524485
524542
525118
525249
525646
525957
527393
527838
527983
528558
528757
529805
529923
530127
530327
530688
530981
531053
531831
531924
532233
532504
533061
533207
533400
533525
534673
535047
535413
535563
535838
535916
535929
536074
536146
536398
536911
536990
537236
537370
537708
537810
537881
538670
538735
538928
538951
538955
539324
539583
539918
540247
540369
540815
540942
541286
541417
541453
541793
542068
542277
542971
543243
543430
544090
544950
546314
546453
547017
547651
547797
548350
548439
548624
548987
549091
549238
549247
549403
549424
550268
550578
551013
551228
551749
551987
552027
552555
552703
552824
553295
553790
554567
555151
555417
555432
555644
555806
556050
556969
557312
557456
557487
557871
558132
558182
558328
558940
559452
559947
560011
560231
560282
560614
561615
561850
562015
563379
563868
563908
564535
565175
565260
567637
567712
567787
568132
568859
569279
570365
571913
572636
572676
573477
573570
574821
575210
575459
575844
576233
576731
578038
578290
578301
578389
578902
579124
580773
583772
583989
584045
584377
585456
586677
587473
588437
588551
588699
589044
589124
589776
590204
591101
591465
592214
593447
594142
594666
596052
596217
597180
598156
598886
600391
600607
601900
602583
603122
603391
604098
604413
604530
604653
604772
605068
605319
605523
605763
606450
606632
609257
610054
610196
610472
612528
613209
613804
614909
615324
616783
616924
618347
619649
620083
621843
621858
622174
623497
623950
624990
625146
626138
626547
627641
628453
628778
630066
630496
631244
631461
632049
634000
634282
634638
637041
638992
639332
640895
642745
643684
645122
645215
645406
648052
649774
650912
651048
652195
653427
655983
656209
658355
658655
658662
661747
662972
670760
671210
674222
677551
681522
683074
685231
685988
687875
687941
690227
692542
696497
700863
703673
705206
708234
709185
711978
715147
715221
715263
717621
720705
721582
722396
722651
724230
726412
727027
727418
727613
729124
730072
732056
733146
733557
735001
736206
737170
740276
744128
744146
747609
747927
748438
749466
751146
752568
752912
753649
753906
759495
764102
765564
768034
769922
769936
770844
773466
773826
777457
777614
779241
780709
787610
788249
788436
788779
790557
792276
794072
794978
795191
796107
796552
796787
796862
797757
798089
798559
798831
798943
801580
802143
803745
804391
804484
804528
804991
805164
805293
806141
806299
806452
807430
807708
808787
808909
809734
810552
811153
811620
812820
812927
813114
813375
814206
814744
815181
815755
816074
816093
817852
817959
818643
819320
819522
820248
820725
821001
822198
822265
822437
824262
825168
825189
825613
825683
826083
826258
826590
831439
831915
833153
835363
836564
837799
837950
838600
838601
838612
839456
839662
840088
840183
840790
842545
843188
845419
845961
847660
852354
852509
853036
863202
863990
864160
864748
864992
865525
866133
866167
866385
867553
867633
868375
869206
870283
870883
871085
872524
874591
874733
875358
875487
875691
875771
876118
876237
876768
877262
878743
878784
879040
880923
881500
881754
881847
882396
882864
883193
885452
885686
886109
886368
887474
887624
887891
888269
888684
888861
889255
889323
889627
890318
892554
893091
896576
897079
897213
897914
898484
899049
899167
899725
900742
900950
902041
902458
903386
905059
905773
908504
909799
910272
911340
911352
911369
911734
912129
912345
912494
912949
913577
913869
913899
914699
915090
915181
915275
915453
915967
916428
916702
917021
917858
917932
918260
919306
919805
920439
923888
923982
926491
926494
926848
929267
929968
930084
932152
932438
932584
938182
938866
940303
941640
942090
942898
943036
946479
948013
948196
948855
949127
949637
950184
950715
951294
953088
953180
953314
954473
955102
955120
955625
955690
956341
956465
957231
957568
958444
963615
964386
964899
965246
965330
965473
966233
966509
967128
967536
968996
970438
971123
973987
975853
977226
977829
978906
980672
982772
983577
984547
986771
989859
991052
993432
997163
998202
998649
999728
1001133
1001980
1002826
1004644
1007928
1008762
1008949
1010502
1011113
1011189
1012045
1013923
1014033
1014234
1014944
1014956
1016343
1017859
1018051
1021208
1021721
1022691
1023595
1024511
1028550
1028886
1029030
1030087
1030936
1033300
1034014
1034111
1035557
1036517
1036819
1037693
1039714
1040011
1040091
1042734
1045705
1046459
1047997
1051240
1054084
1054643
1055174
1055988
1058235
1058591
1059459
1064287
1064820
1065028
