100194
101105
101235
101246
101392
101581
102120
102233
103904
103914
103977
104293
104345
105649
106730
107225
108773
108805
108824
108875
108938
109054
109498
109538
109910
110899
111906
111939
112013
112041
112044
112161
112436
113036
113109
113566
113797
114449
114666
114730
114995
116517
117387
118071
118478
119310
120248
120461
120768
120921
121128
121147
121408
121499
121672
121730
122203
122381
122861
123642
123777
123801
123949
124069
124464
124913
125555
125615
125798
127536
127760
127790
128213
128703
128737
128933
129390
129401
129461
130181
130184
130464
130532
130759
130760
130941
131188
131320
131516
131572
131823
131834
132062
132260
132262
132640
132739
133070
133162
133892
133917
134545
134631
134914
136072
136271
136646
137379
137504
137677
137806
137955
137982
138134
138170
138325
139113
140439
140555
140578
140965
141126
141311
141636
141642
141652
141681
141778
142659
142984
143116
143382
143598
143941
144221
144250
144465
144811
145147
145215
145395
145467
145566
146201
146720
147303
147410
147599
147772
149020
149579
149886
149963
150393
150817
152266
152339
152484
152797
152992
153490
153534
153656
153779
153850
153970
154248
154300
154536
154953
155063
155710
156054
156366
156491
156634
157047
157246
157267
157310
157319
157357
158388
158554
159143
159219
160378
161394
161674
161742
162167
162826
163470
163689
163869
163934
164174
164382
164508
165324
165375
165785
167209
167298
167870
168332
168423
168956
169955
170884
171151
171222
171664
171795
172406
172679
172838
172974
173071
173319
173656
174135
174525
174578
174604
174731
174839
175080
175673
175777
176162
176549
176750
176862
176911
177933
178786
178797
179113
179727
179750
180215
180230
181027
181642
181697
181964
182026
182535
183398
184070
184841
185183
185772
185798
185838
186738
186974
187011
187189
187833
188482
188551
188558
188938
189043
189419
189637
189769
189855
190280
191304
191307
191517
191537
191561
192038
192277
193677
193871
193943
194283
194749
195200
195246
196232
196867
197452
197939
197985
198355
198410
198674
199984
200082
200173
200391
200494
201396
201600
201887
202124
202371
203487
204037
204046
204208
204764
204827
204886
205024
205109
205683
206024
206111
206402
207002
207287
207305
208423
208598
208648
208744
209608
209659
209677
209794
209988
210060
210939
211038
211149
211606
211657
212581
213075
213211
214015
214039
214303
215168
215374
215998
216386
217276
218498
219384
219957
220594
222012
222020
222403
222551
222847
223493
224472
224478
225819
226056
226086
226924
227142
227452
227628
227768
228118
228704
229076
229099
230124
230822
230884
230896
233592
234495
234914
235297
235376
235462
236164
236773
237181
238005
238557
238828
238881
239990
239999
240151
240562
240630
241230
241388
241673
242524
242618
242901
242920
244198
244827
245493
247209
247218
247304
247730
247851
248072
248295
248336
248530
249024
249320
249602
249668
249680
249738
249916
250022
250397
250620
251002
251428
251568
252606
252901
252915
253171
253363
253379
253749
253781
254490
254833
254849
255972
256540
256884
256962
256993
257364
258658
258797
259881
260048
260131
260525
261280
261340
261384
261542
262086
263432
263913
264151
264417
265419
265463
266177
266263
266488
267310
267391
267648
267956
268251
268921
269603
269732
270220
270517
270809
271497
271779
271865
272234
272307
272454
272472
272943
273854
273864
274316
274953
275275
275298
275401
275684
275978
275987
276069
276275
277677
277935
278259
278593
278763
278827
279798
280081
280433
280536
280693
280966
281256
281281
281322
281890
281988
282068
283046
283908
284995
285611
285626
285828
286321
286384
286429
286476
286554
286890
287131
287447
287608
288010
288685
288714
289246
289259
289788
289918
290187
290337
290578
290945
291165
291345
291363
291553
291758
292474
292909
293020
293965
293992
294115
294156
294323
294335
294601
295124
296181
296915
297113
298450
298935
299397
300175
301431
302056
302709
303091
303309
303315
303422
303718
305242
305678
306030
307210
307874
308334
308612
308992
309153
309445
309475
309563
309792
310155
310380
311282
311494
311714
312256
312825
312856
313443
313887
313976
314138
314647
314666
315504
316368
317641
318322
319299
319718
319870
320135
320170
320242
320988
321172
321180
321198
322466
322467
322520
322537
322597
323540
323762
323804
324352
325031
325309
325450
325720
326234
326598
328876
329014
329057
330069
330072
330312
330866
331214
332348
332432
332850
333668
333793
334330
334781
336115
336730
336968
337309
337353
337424
337592
337743
337840
338091
338405
338798
338947
339524
339775
340260
340446
341023
341101
341270
341341
341716
342716
343202
343805
344696
344704
344891
346406
346952
347067
347476
347516
347545
347715
348100
348281
348948
349622
350054
350143
350541
350647
350732
351028
351040
351461
351763
352432
352539
353175
353715
353744
353820
353824
354088
355203
355524
355661
355676
355892
356791
356945
358331
358760
359007
359077
360011
360750
360794
361384
361488
361791
362768
363005
363105
364367
364804
364900
365174
365510
365679
365989
366535
366573
366803
366974
367391
368001
368080
368517
368772
369654
369769
370568
370690
372038
372104
372572
372731
373747
373929
374604
375021
375108
375519
375744
375851
376177
376341
376431
376513
376659
376854
377599
377790
378158
378300
378436
378547
378563
380150
380569
380689
380881
381294
381310
381313
381377
381915
382427
382915
382985
383170
383294
383912
385630
385713
386201
386618
386890
386947
387123
387239
387247
387325
387532
388097
388728
389285
389328
389628
389821
391108
391191
391816
392099
392301
392706
393038
393462
394541
394811
394813
395023
396088
396774
397187
397622
398236
398534
399087
400253
400749
400788
401087
401190
401255
402886
403184
403445
404347
405439
407134
407141
407187
407307
407912
408799
408811
409352
409935
410581
410856
411438
411571
411787
412127
412503
413192
413867
414017
414036
414193
415008
415088
415742
416517
416795
417111
417444
417557
417976
418129
418209
419033
420597
420751
421137
421208
421796
422151
422871
423574
424321
424345
424610
424857
424865
425276
425954
426472
427096
427250
427283
427408
428651
428760
429092
429527
429530
429767
430278
430812
430932
431547
431743
432888
432995
433073
433174
433827
433889
434135
434234
434730
435091
435338
436333
437665
437884
438421
440848
442885
443070
443377
443775
443923
444342
444540
444787
444802
444803
445147
446043
446169
447050
447084
447204
447321
448585
448590
449166
449468
449488
449531
449596
449743
449925
450003
450524
450658
450776
451363
451487
452589
452878
453036
453037
453193
453207
453338
453529
454219
454907
455312
455334
455342
455360
455425
455688
456287
456683
456775
457679
457930
458240
458443
458549
458615
458746
458921
459260
459305
459432
459451
459950
460089
460099
460228
460684
460754
460771
461875
462014
462037
462727
463253
463491
463711
464331
464519
464842
464928
465110
465266
465308
465370
466493
466690
466946
467225
468467
468551
469254
470165
470752
471039
471412
471799
471841
471956
472182
472468
472871
473077
474401
475335
475440
475454
475601
475803
476137
476436
476566
476646
476763
476819
477918
477935
478456
478530
478556
479753
479797
480366
480373
480829
480899
481341
482352
482512
482628
482699
482729
482817
482999
483545
483688
484505
485052
485071
485739
485876
485938
486237
487123
488635
488821
489263
489665
489993
490096
490114
490190
490277
490823
490858
490898
491395
491709
491884
492313
492488
492810
493263
493464
493535
493696
493984
494061
494923
495304
495382
495481
495617
496860
497620
497798
498303
498529
498969
499127
499286
499303
499532
499919
500021
500158
500694
502006
502104
502111
502397
502604
502923
503953
504317
504769
504984
506206
506588
506980
507214
507317
507605
507875
507933
508697
508797
508803
509007
509785
509809
510144
510208
510450
510669
510973
511024
511129
511527
511653
511792
512824
513469
514260
514668
515368
515371
515602
516505
516884
516890
517175
517323
518398
518800
518911
519059
519137
519310
519327
519802
519887
520014
520267
521461
521982
521986
522268
522574
522852
523099
523169
523545
523818
524613
525249
525748
526693
526727
527838
528346
528367
528757
528869
529783
529805
530814
531053
531554
531605
532781
533301
534467
535047
535929
536146
536214
536866
536870
537170
537182
538286
538955
539054
539289
539333
539410
539653
540071
541273
541286
541417
541720
542281
542513
543323
543325
543430
543699
543877
545049
545598
545605
545865
545914
545944
545984
546453
547651
548581
549038
549238
549392
549403
550155
550156
550268
550387
550893
551179
551446
551617
551934
552046
552846
552904
553151
554234
554760
555121
555468
555540
555653
555714
555942
556062
556822
557034
557270
557408
557537
557579
557602
557636
557871
558004
558255
558309
558424
558611
558685
558934
559052
559549
560139
560373
561920
562198
562339
562434
562758
563375
563386
563600
563799
563868
564535
565842
566034
566408
567436
567638
567649
567901
568039
568132
570365
570723
570894
571327
571338
571913
572285
572850
573126
573259
573477
573488
573766
574048
574168
574634
574836
574941
574979
575042
575050
575287
575459
576362
576831
576981
577476
578038
578150
578301
578455
578715
579353
579539
580256
580277
582201
582381
583460
583606
583889
584447
584801
585247
586110
586476
587093
588382
588423
588795
589124
589265
589425
590883
591620
591832
592446
592510
592647
592984
593085
593459
594142
594535
594551
594753
595305
596052
596154
596217
597071
597247
597370
597464
597710
598391
598520
599279
599789
600064
600143
600365
600388
600449
600467
600505
601110
601405
601588
601640
601900
601965
602293
602580
602997
603093
604098
604361
605153
605261
605523
606283
606290
606450
606879
607089
607223
607278
607312
607784
609205
612288
612518
612824
613272
613452
614557
614670
615164
615217
615358
615774
616225
616355
616689
618550
619106
621246
622174
622396
622579
623406
623440
623497
624033
624828
625006
625577
625643
626070
626162
626163
626543
631252
632049
632926
634043
634282
636341
642745
643227
654968
655399
657916
662312
664576
665575
667914
671315
673938
675318
675881
679482
684877
686919
687176
688328
690904
692658
694298
696120
696493
700437
703448
704043
704816
704970
711978
712041
714390
715453
716095
717234
717552
717621
717686
717833
717935
719359
719763
721265
723615
724230
725406
725596
725733
729883
731874
731934
732267
734723
737348
737370
739860
740249
741468
742006
742398
742751
742752
744741
746495
746930
747029
747540
748021
748250
748989
750685
751640
752912
752960
754789
755330
756073
758197
758395
758771
759495
759742
765780
768034
769443
770844
771232
772615
773493
775002
776007
777319
777825
780125
782706
784065
784359
785654
786504
787610
788356
790704
791569
793919
794535
794611
794978
797319
797398
798317
798831
798943
803600
804528
805459
806299
806884
807430
807917
808575
808909
810351
814206
815181
815942
818839
819522
821001
822198
822353
823956
826642
826897
827072
828173
828612
829305
829955
832102
832718
832883
832912
833153
835212
836821
837799
838190
838634
838936
839184
840183
841132
841343
841409
841590
841657
842170
844279
844499
845834
845932
845965
847558
847660
847910
848970
849063
852509
857103
863192
863202
863647
863773
863993
864160
864534
865313
866601
866805
867784
869696
869831
869865
869882
869888
870976
871314
872217
872222
872392
872454
873625
873712
873779
874415
874736
875141
875487
875601
875750
876060
876389
876615
876659
877262
877676
878894
879040
879125
879507
879726
880018
880102
880837
881192
881409
881754
881847
881978
882016
882335
882416
882474
882841
883193
883978
884366
884749
884807
886119
886366
886368
886899
887042
887474
887624
887891
888404
889070
889564
889768
890100
890216
890518
890908
892083
892959
893080
893091
893132
895064
895812
896272
896576
896583
897079
897112
897154
898398
899049
899176
899788
900152
901879
902696
903174
903640
903655
904661
904772
905059
905119
905482
905873
906287
906482
906775
907465
907522
907567
907710
907894
907974
908340
910272
910909
911475
911614
911887
911967
912494
912949
915181
915275
915587
915967
916245
917165
917205
917482
917561
917858
919299
919825
922200
922413
923299
923644
923982
925473
926153
927148
929267
929431
932372
932374
933342
934209
937410
938063
938188
942083
942245
942270
943482
944957
946440
946483
949334
950274
950699
950781
950817
950885
952141
952528
952954
953681
954984
955102
955120
955263
956341
956586
956698
956935
957469
957568
958171
958708
959903
961949
962975
963523
963615
963737
964075
964386
964915
964983
965726
966233
966582
967199
968551
968664
968700
968706
969099
970021
971686
971894
971992
972779
972937
973330
973987
974417
975143
975449
975853
979705
980703
981107
981371
982083
982129
982344
983363
983577
984430
984508
984556
985590
986629
986779
987269
987275
988472
988923
989996
990538
992218
995709
995860
996790
997163
997283
998226
998545
998999
999796
1000572
1001604
1001919
1002608
1003298
1003407
1003499
1004718
1006214
1007158
1007975
1008663
1009123
1009163
1010123
1011028
1014685
1015043
1015145
1015214
1016894
1017581
1018818
1018851
1019039
1019250
1020488
1021380
1021696
1022283
1022740
1022785
1023349
1023800
1025269
1025285
1025324
1025474
1025942
1026225
1027783
1027791
1029030
1029264
1029318
1029886
1029987
1030310
1030391
1030590
1030971
1031060
1031252
1031383
1032078
1032314
1032954
1033381
1034683
1034783
1035023
1035774
1036212
1036452
1037188
1037482
1038025
1039138
1039589
1039714
1042524
1042827
1043161
1043253
1044363
1044582
1044821
1045791
1046018
1046200
1046279
1046545
1047955
1048011
1048305
1049835
1051361
1052000
1052503
1052838
1053328
1054295
1054887
1056379
1056508
1056892
1057343
1057511
1057638
1058393
1058415
1058591
1059122
1059920
1060176
1060917
1061471
1061637
1061853
1062651
1062852
1062858
1063343
1064323
1064491
1064563
1064793
1065235
1065428
1065591
1066512
1066628
1066649
1066844
1066859
1066952
1067480
1068195
1068268
1068315
1068448
1068889
1070388
1070408
1070412
1071012
1071450
1071491
1072489
1073818
1075341
1075836
1077588
1079464
1080578
1083396
1083441
1084000
1084345
1085057
1085603
1086227
1086407
1087105
1088306
1088833
1089709
1089775
1089919
1091079
1091502
1091593
1091864
1091976
1093004
1095891
1096379
1097825
1097861
1099347
1099359
1099947
1101032
1101317
1101837
1102748
1102967
1103098
1103163
1103368
1103976
1106081
1106191
1106546
1106966
1108055
1108114
1108193
1108254
1108350
1109186
1109301
1111244
1111303
1112698
1115415
1116016
1117132
1120037
1120736
1121072
1121384
1123580
1124305
1150209
1150728
1151977
1152207
1153022
1157557
1158085
1158305
1158336
1158450
1159084
1159102
1159127
1160717
1160772
1160845
1161198
1162193
1162433
1163690
1163691
1164184
1164196
1165070
1166138
1166148
1166747
1166865
1167088
1167207
1167436
1168051
1168082
1168259
1168320
1168767
1169210
1169319
1169349
1169506
1169924
1169974
1170419
1170526
1171591
1172049
1172388
1172598
1172616
1173969
1174350
1174695
1174871
1176241
1176487
1177137
1177347
1178332
1178802
1179385
1179611
1180497
1180587
1180756
1180978
1182118
1182430
1182559
1183358
1184076
1184199
1184678
1186493
1187369
1187723
1188909
1189232
1190088
1191161
1191297
1191389
1192303
1192664
1193469
1193729
1193879
1194623
1194832
1195165
1196697
1196711
1198352
1201406
1201800
1202458
1202496
1202909
1204097
1204127
1204437
1205093
1205586
1206265
1206731
1207037
1207773
1208292
1209189
1209219
1209542
1210851
1211373
1212318
1213768
1214239
1214331
1214496
1215438
1215448
1215924
1216429
1217691
1218083
1218364
1218664
1220228
1220258
1221274
1224008
1225976
1226798
1227221
1227732
1227762
1228130
1228206
1229846
1232187
1232568
1232832
1234764
1234999
1235047
1235638
1235780
1236516
1237802
1238217
1239591
