101234
103438
103618
104088
108208
109665
109828
110071
111543
112498
112768
117387
120461
121729
121796
122824
122976
123035
124913
132351
135030
141718
143238
144552
151802
156688
157745
160974
163878
164110
166316
169277
171711
171771
172406
175616
180493
183921
184920
186748
186801
190629
193943
199622
202323
203325
204208
204886
205363
205515
209656
216241
218521
219147
228171
235527
236452
236748
237038
241230
241897
242569
246715
246987
247160
247551
250397
251002
251568
252075
253172
253255
254903
255765
255913
256174
259329
262270
263583
265244
267007
268921
276275
276358
285306
288021
289020
297762
300688
303635
308525
308998
309127
313286
317109
320242
321318
324385
334544
346406
352671
355942
361281
367948
368495
375618
377063
403551
408044
411850
414077
426731
432996
433622
434667
437624
439081
445612
447576
449807
455425
459248
483284
487104
489057
499532
499840
500929
501050
505681
505902
510699
518800
519469
538979
555633
557270
557428
561560
569472
571020
592027
595037
597738
602830
626274
633165
640517
640694
666723
673938
723421
726808
747446
755330
766771
783483
805683
806884
808422
808622
813958
818259
822185
842170
854494
898489
945434
966333
969445
981480
985441
995860
1002296
1008070
1009707
1027704
1055360
