106442
109078
126039
150201
190081
199410
232528
313330
315521
318521
324156
326027
354817
364362
376091
378081
402629
405252
406180
407466
411476
416877
419686
420524
421188
429671
431767
444738
445219
448629
454486
463380
469453
469710
480079
481450
482037
482054
485828
488841
495371
495463
495748
496799
504536
512934
513933
516269
522400
527626
534349
537066
537653
538304
542913
548976
555048
556676
560803
562287
562572
562740
564203
564954
567223
578537
580138
580438
584282
584815
586050
587888
589753
591159
593864
595959
596504
599293
600135
601677
601993
606679
610342
614928
615032
620513
622812
624419
654957
701944
717302
719243
741582
743895
748683
759058
764000
830520
837578
868054
872909
872971
873394
875744
881163
884390
886947
896790
898609
906246
908547
912544
914678
914853
919098
926689
930862
930991
931577
933289
935849
939722
939837
945568
956580
967609
969405
970562
971790
975212
975791
977832
977837
978356
978400
980992
981625
983947
991985
997744
998432
1000555
1002380
1004291
1007307
1008808
1013485
1013919
1014510
1014576
1016068
1017280
1020474
1021290
1036948
1043904
1048322
1049330
1049331
1052068
1052762
1054196
1057396
1060604
1063450
1063627
1064451
1065030
1067131
1071120
1072480
1074416
1075171
1077913
1081922
1094910
1098635
1101551
1102129
1102739
1107835
