103047
108486
111320
111911
112192
112384
116964
117305
117461
122194
122953
124558
129865
132333
138076
138755
140050
141519
142054
145163
145921
148673
149358
149662
150303
151864
151984
154165
154529
158079
159390
159875
164398
165284
167694
168850
168949
169094
170455
172457
174204
175030
175380
177989
178316
179122
179452
184272
193058
193219
198094
200739
204971
205463
207265
211249
218551
221606
222422
225597
227391
228227
232475
235302
236355
243199
244703
244914
246680
247659
249736
250807
251220
252539
258785
260835
263990
265472
266313
268587
272546
274391
280075
282961
284704
284718
285334
287834
288540
290288
296700
298513
300450
302336
302852
304766
305919
307920
313531
313574
316037
316085
317226
319166
323165
323823
324400
325191
325217
325824
327099
328075
330626
332139
334092
340892
342631
343860
344568
347928
348211
348780
349205
352286
355952
356697
357076
357492
360625
362946
366154
367316
369316
370185
371266
381380
381568
383055
384624
384798
388004
390288
392166
397005
398255
407709
407922
408070
408730
411041
411832
415543
424196
425814
427893
430600
430985
432893
436868
438276
438350
440297
443448
444007
447519
449959
452539
453626
456150
458452
459236
459912
460069
460608
461439
462236
462415
467509
471661
472067
474002
474380
475260
477290
478873
479054
480255
481113
481567
483021
484060
485828
486113
487727
490873
496594
503104
508071
508424
508684
513037
514643
518080
518763
518888
520405
522578
525441
529492
529566
530101
531887
532288
535690
536284
536854
537065
537265
537392
538322
540808
541009
542485
542549
545570
549935
552096
557623
563503
565239
566428
566775
567863
569180
571241
577397
581043
581289
581768
582194
582514
583577
585525
589753
592102
592464
592916
593807
594319
595074
598465
602687
605982
613619
614928
615032
615241
618413
621705
623887
624419
624442
630096
631762
655126
659309
659905
696179
697503
705311
706051
708621
718364
731766
733528
738677
740349
741718
743180
751399
755984
756427
757193
758819
759889
761437
762002
765623
767494
768277
769024
771641
772088
773862
774914
788604
792139
792719
796358
797879
810251
813707
817236
818420
849080
849340
866455
868054
869786
870068
871644
872120
872216
872317
872580
872971
873394
876096
880747
881068
881163
882421
884298
886947
887157
892944
893157
893725
893939
898275
898615
899017
904747
907021
907543
909058
917243
922536
922689
924203
931112
933462
936719
939722
939837
941597
941752
945271
945568
947757
948701
953867
956182
956265
956642
963812
969405
971886
971965
978245
979326
980727
980856
984832
986547
986985
989892
990425
992180
997744
1004631
1005572
1009063
1011380
1011599
1012912
1014298
1017757
1024869
1025779
1030345
1031856
1033011
1034196
1037406
1042722
1043782
1044348
1044697
1048120
1052581
1058467
1059635
1060391
1063103
1064739
1065835
1066673
1067564
1069723
1071032
1072480
1073556
1074510
1076700
1078605
1079768
1081866
1085992
1094910
1099716
1099725
1104205
1104306
1106348
1106512
1108657
1111712
1112491
1114513
1121044
1150750
1155422
1156974
1160628
1164032
1165940
1173138
1174346
1177724
1180681
1181387
