100128
100186
100202
100219
100351
101105
101165
101185
101205
101392
101682
101742
101749
101763
101816
102086
102116
102120
102136
102168
102233
102475
102509
102917
103240
103286
103540
103655
103922
104231
104345
104513
104518
104626
104749
105377
105649
105919
106150
106351
106904
107030
107216
107400
107591
107844
107936
108063
108163
108228
108521
108526
108600
108765
108805
108938
109051
109242
109302
109363
109527
109634
109730
109765
109828
109978
110196
110349
110518
110552
110592
110899
110961
111383
111432
111668
111737
111828
111931
111939
112013
112041
112044
112161
112455
112498
112511
112768
112979
113297
113333
113425
113487
113595
113699
113870
114176
114342
114363
114474
114495
114539
114666
114771
114886
114932
114995
115068
115438
115588
115862
115880
116388
116485
116737
116969
117302
117321
117334
117387
117850
118229
118478
118554
119110
119510
120021
120055
120099
120461
120768
120786
121029
121128
121147
121222
121408
121590
121607
121672
121691
121730
122243
122503
122824
122976
123264
123499
123777
123801
123949
124132
124414
124681
124784
124913
124985
125509
125579
126035
126059
126217
126231
127014
127104
127119
127136
127376
127523
127536
127790
127960
128083
128155
128265
128359
128593
128645
128843
128896
129001
129114
129345
129390
129409
129415
129525
129958
129962
130053
130366
130464
130532
130571
130752
131014
131071
131188
131208
131256
131263
131325
131494
131514
131516
131554
131823
131862
132046
132082
132253
132260
132519
132690
132936
132966
133022
133113
133707
133789
133892
134035
134440
134483
134527
134585
134691
135414
135531
135716
136045
136291
136375
136688
136805
137060
137090
137133
137251
137260
137379
137677
137685
137806
137845
137982
138017
138058
138325
138395
138510
138794
139038
139113
139124
139446
139602
140121
140183
140231
140392
140480
140578
140714
140911
140919
141004
141196
141311
141312
141592
141636
141642
141648
141664
141681
141815
141887
142018
142030
142122
142418
142520
142694
143182
143234
143488
143668
144009
144027
144032
144465
144626
144834
144896
145215
145467
145566
145592
145875
145974
146201
146208
146314
146540
146573
146883
147066
147432
147589
147896
147898
148445
148603
148920
149020
149299
149579
149598
149886
150043
150221
150337
150865
151015
151260
151409
151531
151565
152260
152590
152647
152715
152897
153003
153009
153291
153850
153949
153963
153970
154084
154132
154214
154248
154300
154589
154647
154862
154953
154982
155211
155231
155710
155855
155879
155896
156121
156268
156366
156490
156514
156634
156708
156715
156779
156974
157047
157172
157267
157745
158032
158123
158184
158304
158369
158554
158565
158639
158671
158939
159071
159554
159567
159880
160010
160952
160992
161027
161355
161394
161401
161742
161861
162055
162167
162567
162826
163124
163620
163641
163810
163869
164110
164198
164263
164315
164525
164904
165058
165076
165105
165229
165647
165690
165693
165785
166079
166250
166603
167298
167350
167351
168584
168983
169206
169208
169242
169564
170102
170158
170162
170167
170280
170293
170515
170782
170837
170884
171002
171039
171287
171396
171706
171799
172277
172560
172631
173210
173319
173410
173418
173968
173977
174296
174525
174537
174578
174604
174617
174811
175111
175456
175596
175621
176105
176267
176404
176750
177627
177933
178285
178315
178334
178751
178829
179724
179750
179792
180008
180085
180207
180215
180230
180374
180415
181027
181085
181387
181607
181686
181700
181726
181758
181867
181887
181964
182535
182794
183140
183212
183418
183500
183631
183978
184045
184731
184791
184841
185724
185798
185934
186240
186292
186974
187589
187830
187833
188040
188309
188482
188528
188537
188558
188576
188579
188588
188747
188766
189014
189419
189632
189637
189720
189769
189858
189929
190119
190384
190490
190629
190867
190868
191307
191426
191455
191463
191561
191930
191975
192058
192277
192624
192647
192763
193056
193191
193223
193278
193333
193469
193677
193871
194077
194407
194411
194430
194561
195105
195197
195228
195495
195749
196163
196232
196389
196465
196749
196822
197380
197394
197624
198355
198525
198548
198697
198923
199094
199285
199576
199656
199673
199929
199984
200564
200596
200853
200887
201021
201253
201322
201396
201410
201553
201688
202023
202045
202122
202124
202222
202371
202428
202535
202591
202691
203225
203366
203468
203487
203707
204013
204029
204046
204068
204400
204764
204804
204886
204947
205109
205166
205515
205626
205654
205668
205683
205702
206040
206093
206123
206416
206426
206676
207033
207166
207287
208010
208232
208404
208423
208598
208629
208744
208804
208815
208838
209010
209145
209514
209794
209850
209988
210355
210460
210628
211149
211647
212031
212139
212581
212771
212834
212891
213268
213412
213461
213545
213730
213803
214516
214517
214721
214775
215168
215351
215782
215849
215998
216089
216584
216606
216705
216882
217160
217162
217181
217287
217323
217476
217615
217618
217726
217797
217932
218237
218238
218865
219146
219147
219356
219957
220378
220401
221102
221236
221424
221595
221708
222000
222001
222416
222562
222847
223033
223161
223293
223641
223906
223965
224478
224522
224971
225015
225166
225183
225324
225819
226026
226056
226924
227837
227960
228856
229076
229711
230094
230440
231331
231620
231729
231859
232016
232070
232183
232548
232805
233072
233133
233135
233534
234478
234661
235462
235938
235952
235979
236091
236423
236533
237038
237181
237374
237582
237738
238112
238326
238423
238827
238828
238857
238881
238925
239075
239186
239503
240151
240268
240504
240562
241230
241388
241558
241604
241632
241673
241897
241956
242000
242062
242281
242480
242618
242868
242883
242971
243283
243592
243783
244198
244550
245092
245144
245356
245440
245493
245775
246558
246853
247624
247730
247735
247754
247766
247822
247851
248072
248194
248295
248336
248530
248676
249336
249680
249926
250153
250163
250232
250397
250400
250963
251002
251287
251307
251425
251477
251568
251654
251765
251826
251957
252181
252287
252324
252444
252901
253171
253172
253208
253598
254338
254815
254833
255494
255620
255765
256174
256395
256540
256962
256993
257026
257552
257643
257663
257995
258020
258366
258382
258523
258658
259190
259381
259866
259945
260131
260237
260606
260914
260950
261185
261223
261340
261384
261464
261517
261715
261727
262086
262106
262270
262444
262604
262871
262919
263652
263913
263921
264012
264020
264151
264206
264526
264552
264679
264688
264727
264917
265084
265419
265428
265485
265595
265630
265739
265921
265981
266150
266161
266265
266458
266488
267234
267956
268279
268731
268782
268854
268916
268921
269330
269417
269492
269732
270220
270237
270310
270370
270808
270998
271265
271452
271779
272307
272378
272583
272651
272683
272880
273002
273537
273694
273864
273947
274132
274199
274377
274405
274657
274742
274836
274856
275156
275298
275364
275425
275684
275829
276032
276046
276112
276275
276878
276951
277766
277922
277989
278239
278602
278763
279676
280194
280400
280487
280508
280693
280766
280868
280890
280994
281142
281256
281274
281279
281283
281584
281890
281988
282050
282208
282632
283027
283194
283428
283533
283918
284033
284219
284655
285365
285609
285732
285803
285828
285995
286035
286161
286170
286215
286321
286387
286429
286476
286554
286799
286890
286926
287042
287131
287308
287468
287608
287730
287754
287867
288039
288119
288213
288466
288714
288754
288795
289065
289106
289246
289392
289822
289839
290045
290503
290588
290616
291022
291180
291293
291317
291344
291499
291605
291752
291899
292347
292482
292856
292873
292885
293305
293442
293451
293839
293965
293992
294115
294333
294412
294495
294838
294965
294993
295041
295084
295086
295124
295189
295787
296286
296294
296486
296603
296604
296815
296907
297113
297139
297341
297354
297420
297718
298041
298245
298424
298450
298451
298548
298742
298935
299083
299373
299397
299637
299754
299768
300136
300145
300175
300218
300349
301157
301512
301967
302086
302520
302695
302709
302965
302998
303160
303309
303315
303422
303450
303546
303718
303934
304026
304298
304391
304445
304487
304549
304554
304712
304780
305003
305264
305270
305370
305507
305516
305678
305861
306030
306257
306607
306731
306911
307158
307173
307210
307244
307536
307573
307699
307719
307874
308169
308273
308815
308900
308992
309021
309520
309563
309792
309947
309991
310030
310088
310155
310313
310380
310389
310581
310668
311282
311654
312029
312163
312256
312509
312856
312870
312877
313130
313387
313439
313509
313674
313685
313887
313942
314138
314234
314356
314607
314647
314652
314666
315305
315416
315504
315508
315579
315587
315727
315762
316042
316209
316368
316391
316587
316852
316884
316959
317027
317211
317586
317644
317812
318075
318322
318354
318414
318587
318677
318886
319122
319133
319461
319824
320144
320151
320316
321145
321172
321198
321672
321965
322061
322085
322207
322278
322395
322486
322520
322537
322670
322776
322922
323029
323034
323046
323155
323257
323281
323729
323912
323920
323926
324104
324205
324242
324352
324385
324531
325127
325151
325265
325302
325309
325322
325354
325446
325619
325622
325831
326070
326112
326190
326234
326292
326485
326520
326750
327189
327351
327554
327681
327997
328019
328086
328183
328468
328876
329014
329339
329426
329685
329769
329867
330312
330450
330991
331165
331214
331420
331511
331551
332078
332133
332418
332432
332924
332943
333067
333423
333472
333530
333674
333857
333899
333924
334323
334544
334634
334775
335083
335097
335224
335334
335363
335469
335918
336312
336514
336730
336921
337054
337309
337353
337406
337630
338042
338619
339119
339159
339428
339445
339505
339606
339880
339885
340147
340253
340260
340295
340311
340329
340373
341023
341101
341131
341501
341582
341697
341989
342130
342524
342688
343312
343385
343869
343979
344007
344469
344630
344704
345467
345563
345616
345887
345921
346106
346164
346690
346950
347169
347187
347476
347715
348104
348361
348380
348809
348810
348948
348997
349360
349756
350054
350143
350390
350732
350767
350768
350800
350965
351040
351230
351253
351455
351613
351686
351752
352108
352255
352539
352897
352928
352980
353175
353299
353313
353438
353681
353694
353744
353820
354216
354659
354972
355520
355661
355676
355812
355942
356160
356448
356498
356721
356886
356945
357957
358021
358032
358331
358497
359007
359158
359310
359492
359909
360222
360303
360562
360750
361019
361022
361024
361488
361677
362181
362260
362310
362743
362768
362806
363564
363690
363692
364367
364644
364658
364672
364804
364895
364930
365028
365174
365203
365455
365536
365900
365989
366052
366096
366241
366422
366711
366919
366974
366994
367391
367405
367948
368080
368138
368210
368222
368456
368495
368496
368517
368624
369391
369769
369927
370111
370392
370417
370933
371498
371519
371690
371866
372524
372638
373078
373230
373863
373869
373929
374158
374454
374485
374511
374519
374604
374677
375021
375108
375230
375519
375618
375851
376109
376147
376431
376532
376596
376613
376616
376648
377365
377380
377384
377483
377599
377790
378158
378563
378650
378893
378962
379021
379133
379221
379359
379365
379896
380150
380236
380333
380551
380864
381033
381159
381273
381294
381310
381313
381377
381585
381774
381808
381915
382063
382117
382314
382891
382944
383043
383172
383508
383585
383619
383621
383805
383912
383930
384386
384542
384876
384940
385630
385979
386196
386748
387123
387239
387267
387373
387532
387660
387830
387862
388275
388716
388739
388999
389186
389285
389328
389628
389860
390199
390217
390469
390693
390808
390982
391445
391816
391928
392366
392504
392566
392706
392712
392932
393314
394135
394148
394741
394811
395023
396004
396088
396106
396326
396392
396554
396719
397384
397622
398224
398236
398410
398681
398960
399261
399356
399468
399542
399682
399755
399971
400126
400253
400788
401036
401053
401082
401087
401413
402221
402635
402886
403019
403184
403388
403445
403598
403729
403759
403828
404019
404236
404281
404441
404491
404535
404628
404757
405439
405700
405997
406430
406447
406484
407134
407270
407276
407307
407347
407610
407912
407955
408096
408175
408196
408547
408811
409846
409957
410111
410330
410806
410856
410985
411679
411901
411926
412247
412311
412436
412468
412949
413024
413192
413796
413973
414662
414831
415145
415780
415887
415901
416219
416555
416684
416910
416959
417564
417954
418074
418126
418129
418229
418335
418780
419033
419062
419307
419395
419439
419470
419594
419711
419983
420016
420529
420839
420841
420953
420968
421214
421466
421796
421800
422778
422933
423574
423611
423673
423878
424321
424333
424345
424865
425210
425522
425686
425954
426406
426430
426964
427012
427062
427096
427108
427250
427283
427408
427892
428418
428462
428651
428793
429527
429534
429748
429826
430096
430159
430319
430438
430778
430886
430904
431120
431359
431746
432122
432300
432312
432995
433003
433073
433174
433916
433959
433987
434197
434210
434342
434481
434667
434798
434944
435281
435521
435684
435834
436127
436386
436587
436617
436751
436940
437007
437142
437409
437625
437840
437974
438114
438646
438686
438712
438718
438754
439081
439106
439171
439252
439910
439953
440578
440622
440757
440924
441047
441117
441482
442103
442178
442216
442250
442392
443011
443105
443356
443377
443524
443706
443929
443971
444058
444143
444161
444640
444776
444802
444803
444898
445147
445292
445370
445481
445612
445614
445678
446002
446324
446391
446739
446830
446878
446979
447321
447717
448108
448228
448486
448585
448590
448779
448833
448886
448909
449038
449358
449488
449529
449596
449890
449919
449925
449942
450524
450548
450648
450685
451204
451279
451363
451487
451658
451669
451685
451909
452286
452650
452774
452878
453193
453207
453256
453458
453834
454083
454197
454354
454468
454538
454692
454907
455312
455319
455334
455505
455688
455780
456059
456391
456685
456772
457077
457314
457599
458081
458098
458323
458651
458921
459432
460228
460550
460711
460754
460756
460839
460884
461078
461107
461322
461611
461875
462037
462048
462636
462697
462727
462890
462891
463016
463350
463488
463491
463550
463851
463903
463969
464208
464243
464331
464482
464519
464558
464605
464662
464753
464835
464842
465110
465145
465370
465591
466057
466214
466568
466690
466979
467169
467667
467716
467764
467949
467993
468297
468467
468745
468749
468837
468848
469049
469167
469830
470023
470042
470403
470564
470752
470967
471376
471412
471672
471775
472435
472493
472669
472871
472947
473077
473263
473727
474006
474027
474073
474401
474442
474598
474673
475078
475170
475440
475454
476164
476259
476702
477097
477193
477279
477413
477520
477565
477616
477648
477692
477808
477918
478065
478306
478437
478470
478530
478604
478780
478853
478898
478916
479114
479246
479302
479553
479921
480033
480193
480218
480307
480899
481388
481424
481537
482021
482313
482352
482542
482628
482649
482729
482827
483100
483128
483369
483402
483533
483550
483857
484604
484669
484879
484910
485289
485421
485876
485938
486075
486173
486237
486268
486427
486524
486727
486748
487104
487374
487513
487746
488496
488580
488638
488781
488785
489057
489485
489993
490090
490114
490207
490282
490375
490381
490454
490737
490898
491120
491154
491304
491744
491803
491884
491895
492313
492488
492536
492720
493029
493502
493535
493553
494174
494444
495047
495076
495082
495136
495304
495409
496463
496563
496856
497169
497232
497326
497772
497798
498326
498489
498529
498644
498661
498748
498969
499303
499476
499532
499566
499840
499855
499991
500586
500619
500694
500716
500915
501168
501191
501514
501635
502013
502104
502111
502397
502470
502556
502923
502970
502974
503081
503474
503538
503769
503953
504200
504538
504540
504549
504614
504769
504984
505184
505510
505787
505859
506013
506382
506585
506632
507358
507835
507869
507911
508045
508075
508397
509007
509138
509386
509394
509539
509547
509785
509835
510065
510208
510587
510627
510669
510710
510816
510886
510973
511024
511109
511179
511360
511557
511757
511792
511860
512147
512170
512340
512483
512886
513098
513268
513469
514471
514478
514913
515009
515047
515406
515602
515778
515788
516115
516184
516223
516505
516709
516711
517157
517175
517196
517413
517461
517820
517856
517916
518130
518439
518488
518714
518800
518843
518892
518902
518911
519059
519137
519232
519261
519304
519327
519452
519454
519469
519593
519604
519885
519887
519950
520008
520071
520616
520840
521837
521912
521931
522574
522852
523099
523192
523242
523327
523356
523515
523545
523586
523667
523687
523822
524117
524207
524222
524408
524542
524648
525118
525481
525806
525897
526047
526049
526088
526326
526376
526400
526441
526488
526840
526886
526976
527664
527838
527840
527983
528008
528153
528271
528601
528716
528757
528821
528848
529296
529602
529620
529629
529677
529783
529805
529874
530055
530118
530688
530862
530944
531250
531392
531398
531416
531554
532007
532233
532334
532369
532387
532504
532633
533108
533587
533789
533921
534063
534268
534299
534523
534767
534904
535243
535413
535895
535916
536146
536398
536669
536696
537105
537236
537580
537630
537708
537872
538286
538928
538955
539054
539130
539188
539324
539446
539488
539572
539741
539813
539857
539879
539966
540017
540071
540234
540247
540268
540428
540788
540798
540956
541417
541758
541763
541799
542059
542281
542534
543196
543214
543375
543400
543430
543642
543699
543895
544077
544206
544281
544364
544399
544498
544950
544963
545590
545672
545944
546453
546628
546634
546750
546757
546904
546986
547017
547082
547328
547386
547651
548624
548690
548967
549038
549392
549403
549728
549954
550149
550227
550293
550509
550646
550676
550874
550893
551098
551179
551221
551540
551617
551627
552027
552046
552282
552485
552715
552778
552813
552824
552903
552904
552972
553151
553463
553662
553832
554157
554521
554567
554586
555005
555013
555398
555704
555714
555753
555793
555797
555806
555962
556024
556062
556610
556628
556689
556969
557170
557270
557428
557537
557636
557668
558182
558639
558641
558685
558887
558940
559009
559419
559504
559549
560139
560291
560369
560373
560380
560614
560724
561007
561280
561468
561615
561724
561860
562015
562031
562199
562434
562456
562758
563064
563386
563600
563837
563868
563904
564419
564753
564966
564995
565117
565124
565366
565546
565584
566129
566211
566225
566430
567206
567220
567447
567455
567466
567581
567638
567649
568128
568132
568646
568735
568796
568859
569032
569268
569279
569472
569912
569977
570060
570223
570299
570365
570458
570477
570702
570723
570894
571180
571753
571913
572037
572285
572333
572557
572636
572643
572850
572954
573259
573521
573561
573848
573956
574048
574109
574409
574518
574537
574604
574634
574649
574757
574855
574979
575287
575459
575645
575826
576239
576240
576380
576867
576975
576981
577449
577476
578038
578147
578455
578902
578978
579124
579132
579165
579353
579398
579539
579607
580125
580384
580695
581042
581622
581633
582160
582735
582952
583146
583156
583553
584045
584126
584167
584249
584447
584471
584495
585130
585548
586233
586653
587560
587703
587925
588138
588165
588320
588412
588437
588620
588699
589044
589066
589121
589179
589209
589322
589811
590237
590358
590630
590831
590913
591620
591832
591897
592027
592510
592618
592647
593382
593390
593459
593782
594027
594063
594114
594535
594753
594866
595026
595081
595148
595321
596052
596217
596228
596510
596619
596760
597001
597071
597314
597464
598167
598439
598520
598679
598957
599279
599365
599639
599725
599812
599919
600143
600263
600341
600607
600773
600873
601110
601306
601588
602018
602097
602580
602649
602814
602830
602861
603130
603391
604098
604413
604947
605006
605008
605153
605261
605844
606446
606450
606469
606632
606879
607089
607223
607278
607433
607590
607784
608210
608228
608425
608527
608982
609104
609178
609205
609414
609538
610081
610196
610249
610365
610441
611456
612082
612288
612824
612851
613132
613206
613224
614493
614578
614630
614754
614909
615114
615171
615217
615570
615774
616081
616225
616561
616565
616689
616767
616783
616827
616924
618147
618374
618409
618866
619193
619437
619574
620005
620486
620532
621094
621246
621358
621583
621843
622027
622092
622174
622481
622532
622586
622616
623335
623370
623440
624106
624395
624471
624519
624879
625131
625152
625462
625483
625637
625648
625753
625943
625944
626070
626106
626122
626152
626293
626335
626547
628458
628778
631244
631252
631932
632049
632926
633476
634282
638210
639907
642860
645122
645215
647988
648052
650179
651647
651715
653292
655103
656209
656857
657611
657916
658355
658489
659088
660318
661750
662972
663848
664887
665336
668054
668634
674245
674326
675569
681500
681522
681566
684296
684948
685619
685984
690846
693691
696047
697228
697825
698889
699157
699324
699477
700863
703617
703679
704043
704816
704909
704970
706270
707716
711135
711308
711341
711515
711978
715147
715221
715296
716325
716605
716607
717565
717621
717686
718379
719194
719340
719452
719763
721265
721582
721848
723234
723407
723581
723771
724230
725406
725674
725796
726988
728050
728228
729550
729727
730419
730652
731036
731074
731462
731930
731934
732484
732666
732714
733800
734723
735561
736206
737370
737667
738412
738717
738892
739371
739860
740042
740276
741223
741468
741484
741648
742006
742338
742518
743028
743629
744093
744146
745257
745508
746930
747446
747609
748021
748294
748770
748914
749038
749414
749466
749724
749773
750189
750392
750685
750689
751181
751190
751640
752203
752568
752586
752912
753456
754409
754685
755136
755143
755417
755506
756073
756204
756399
756591
756605
757044
757147
757332
757740
757850
758029
758123
758197
758478
758594
759248
759495
759858
760228
760240
760572
761035
761107
761111
761277
761471
762147
762412
762646
762727
763690
764009
764487
764518
765299
765409
765564
765948
766037
767252
767723
768034
769023
769123
769479
769631
770127
770747
770844
771596
772615
772616
773026
773493
773805
773826
775182
775570
776007
776030
777581
777614
778698
778982
779204
779242
779524
779784
780709
782003
782321
782913
783477
783906
784734
785904
785985
786534
787727
788080
788133
789167
789245
789362
789767
791569
793296
793957
794248
794611
794675
794721
794818
794841
794869
795122
795567
796107
796552
797398
797618
797767
798022
798464
798831
798930
798943
799107
799315
800526
801007
802670
803745
803876
804391
804528
804991
805041
805158
805459
806614
807093
807149
808422
808622
808804
808909
809954
810351
810796
812459
814142
814206
815181
815756
815803
816092
816223
816978
817038
817778
818643
819522
819570
820251
820725
820747
821001
822265
822353
822437
822613
822868
824931
825168
825311
825755
826083
827281
827344
827637
827712
827754
828186
828469
828612
829834
830062
830180
830201
830560
830622
832102
832234
832293
832718
833102
834134
834629
834953
835212
835254
835609
835819
836821
837001
837705
837799
837831
838066
839184
839359
839662
839968
840790
841132
841816
842170
842240
842314
842941
842962
844047
844122
844269
844279
844575
845666
845932
846545
846937
847660
847693
849095
849181
849812
849882
852354
852509
858634
860385
863109
863202
863464
863705
863786
864033
864160
864534
864948
864992
865207
865658
865852
865871
866016
866022
866133
866185
866385
866495
866605
866805
867283
867332
867553
867719
867805
867846
867960
868000
868289
868295
868830
868873
869213
869471
869611
869865
869888
870253
870293
870316
870318
870420
870706
871314
871508
872009
872014
872139
873049
873614
873625
873712
874064
874128
874591
875212
875352
875487
875691
875771
875955
876212
876406
876615
876788
877173
877227
877676
878172
878894
879068
879125
879166
879335
879388
879452
879602
880018
880558
880754
880981
881061
881389
881614
881662
881754
882338
882841
883223
883606
883978
884176
884245
884508
884542
884749
885182
885525
885686
886368
886876
886924
887049
888336
888404
888777
888861
888976
889070
889111
889283
889768
889816
890216
890276
890351
890518
890821
890900
890978
891560
892082
892083
892098
892510
892554
892616
893116
893132
893310
893758
894273
894344
894647
894695
895064
895072
895339
895405
895429
895975
896048
896260
896272
896406
896485
897079
897112
897141
897154
897326
897826
898398
898484
898779
899049
899152
899330
899574
899788
899914
899949
900394
900554
900685
901254
901326
901480
901588
901879
901984
902293
902337
902470
902519
902624
902855
903051
903623
903640
904664
904772
904975
905059
905482
906224
906775
907465
907796
908021
908504
908561
908659
909107
909180
910897
911071
911400
911475
911665
911734
911887
911963
912180
912374
912494
913363
913577
913872
913899
913998
914352
915090
915181
915275
915340
915453
915561
915947
916106
916245
916428
916702
916838
917021
917490
917773
917858
918099
918537
918855
918922
919345
919731
919778
919805
920128
920333
920725
920765
922085
922122
922214
922618
923019
923614
923740
923982
924231
924491
924671
925269
925531
926125
926266
926371
926491
926660
926956
927249
927319
927492
928931
929119
929267
929431
930235
930297
930308
931146
931432
932279
932372
932389
932438
932981
933161
933901
934189
934354
934392
934545
934931
936540
936731
937009
937394
938561
939342
939545
939835
940391
941247
942645
942717
942775
942898
943369
944216
945563
946254
947030
947390
948279
948321
948337
948710
949285
949712
949782
950699
950781
950786
951912
952756
952954
952959
953088
953213
953473
953991
954028
954226
954244
954249
954307
954996
955102
955120
955263
955533
956000
956307
956320
956341
956518
956935
957469
957568
958064
958316
958708
958810
959028
959196
960713
961444
961949
962029
962373
963422
963585
963615
963737
964075
964386
964437
964636
964806
964818
964899
964919
964983
965246
965400
966129
966233
966445
967024
967612
967786
969008
969099
969236
969958
969993
970021
970438
971477
971686
971894
972595
972883
973080
973128
973759
974102
974145
974191
974536
975853
975895
976041
976245
976575
976717
977224
977610
977943
978950
979729
979782
980109
980513
981371
981616
981835
982179
982757
982947
983577
984204
984511
984551
984988
985381
985441
985590
986410
986878
987308
987415
987750
987788
987792
988004
988587
988692
988914
988923
988971
989025
989289
989737
989745
990110
990135
990538
990570
992130
992235
992452
992477
992661
992699
993325
993844
994004
994191
994453
994922
995076
995311
995548
995709
995860
996278
996363
996421
996790
997085
997980
998545
998589
998627
999021
999452
999584
999660
999737
999796
1000212
1000572
1001453
1001471
1001604
1003119
1003133
1003499
1003984
1004718
1005523
1005776
1006344
1007010
1007535
1007975
1008376
1008413
1008562
1009010
1009078
1009112
1009400
1009619
1009734
1009849
1010419
1010948
1011201
1011493
1012296
1013224
1013457
1013730
1014033
1014587
1014685
1014847
1014856
1014944
1015022
1015043
1015214
1015341
1015669
1015959
1016615
1016700
1016712
1017395
1017461
1017619
1017704
1018363
1018394
1019250
1019603
1020231
1020711
1021438
1021696
1022949
1023595
1023800
1025269
1026225
1026479
1026496
1027170
1027704
1027715
1028470
1028636
1029030
1029318
1029446
1029676
1029970
1030038
1030087
1030310
1030391
1030458
1030527
1030739
1030863
1030936
1030971
1031280
1031553
1031560
1031629
1031701
1032002
1032314
1033454
1033497
1033542
1034014
1034508
1034683
1034783
1034825
1035023
1035563
1035978
1036212
1036452
1036736
1036807
1036935
1037084
1037646
1038520
1039249
1039354
1039536
1039714
1040091
1041073
1041310
1041531
1041708
1042707
1043027
1043083
1043361
1043765
1044582
1044945
1045083
1045705
1045781
1046018
1046145
1046200
1046322
1046422
1046714
1046826
1046906
1047109
1047955
1048011
1048263
1048305
1048317
1048536
1048849
1049197
1049627
1049675
1050419
1050603
1051341
1051441
1051452
1051587
1052000
1052838
1053073
1053473
1053562
1054188
1054205
1054244
1054616
1054709
1054887
1055071
1055101
1055221
1055360
1055722
1056397
1057085
1057307
1057343
1057456
1057461
1057511
1057667
1058036
1058415
1058491
1058591
1058725
1058945
1059225
1059954
1060124
1060176
1060608
1061200
1061548
1061637
1061785
1061789
1062047
1062447
1063143
1063785
1063883
1064594
1064793
1065028
1065031
1065517
1065616
1066512
1066565
1066642
1067295
1067609
1068315
1070069
1070388
1070513
1071138
1071450
1071508
1072004
1072390
1072434
1072706
1073228
1074445
1074900
1075153
1075341
1075356
1077570
1077708
1079464
1079554
1080352
1080540
1080578
1080761
1081425
1081723
1082751
1082943
1083396
1083441
1083534
1083655
1085057
1085088
1085158
1086102
1086180
1086295
1086500
1086518
1086750
1086963
1087105
1087232
1087572
1088554
1088671
1089040
1089618
1089824
1089901
1089932
1090194
1090818
1091025
1091502
1091958
1092210
1092488
1092704
1093004
1095891
1096289
1096332
1097181
1098732
1098937
1099037
1099079
1099203
1099359
1099677
1100158
1100632
1101120
1101837
1102876
1104105
1104666
1104776
1105240
1105854
1106273
1106643
1106792
1106966
1107201
1107926
1107968
1108055
1109853
1110027
1111612
1112122
1115415
