100119
100397
101170
101205
101389
101392
101532
101796
102375
102917
104345
104394
104749
105047
105377
105649
106186
106232
106351
106867
106982
107030
108294
108599
108680
108787
109279
109302
109765
110211
110487
110552
110899
111668
111906
112006
112041
112044
112335
112387
112935
113566
113661
113699
113700
113875
114029
114281
114363
114577
114601
114666
114730
114817
115437
115438
115514
116281
117388
117730
117850
117912
118750
120043
120124
120927
120954
121892
122926
123501
123801
124132
124396
124500
124520
124681
124784
124985
125148
125349
125485
126059
126217
126231
126367
126619
126662
126718
127319
127409
127536
127538
127960
127979
128037
128496
128840
128859
129071
129151
129189
129289
129757
130015
130053
130132
130181
130366
130464
130477
130508
130555
130571
130769
130800
131188
131190
131263
131572
131834
131862
132260
132262
132286
132417
132483
132640
132763
132936
133022
133259
133633
134035
134285
134483
134527
134691
135736
135996
136064
136375
136688
137060
137090
137270
137310
137504
137871
138395
138691
138950
140168
140480
140555
140809
140965
141181
141592
141648
142056
142122
142145
143017
143322
143397
143472
143725
143988
144164
144171
144626
144811
144896
145017
145147
145215
145467
145550
145592
145614
145694
145875
145928
145974
146201
146208
146314
146419
146452
146554
146574
146585
146803
147480
147589
147896
148200
148360
148416
148475
148590
149318
149350
149454
149579
149838
150109
150176
150221
150337
150448
151216
151873
152033
152080
152509
152806
152992
153003
153656
153731
153799
153963
154052
154184
154214
154248
154542
154570
154647
154737
155231
155710
155855
155896
156096
156366
156514
156581
156590
156634
157047
157125
157359
158671
158972
159183
159219
159369
159748
160378
160433
160892
161010
161429
161742
161975
162055
162618
163124
163178
163315
163318
163869
163984
164043
164134
164453
164738
165072
165377
165496
165609
165690
166524
166603
166992
167097
168009
169205
169488
169955
170102
170131
170586
170782
170884
171039
171177
171393
171725
171795
172599
172631
172938
173410
173528
173876
173968
174576
174585
174604
174731
175498
175869
175990
176123
176262
176286
176862
177545
177689
177767
178222
178334
178751
179466
179724
179750
179988
180207
180223
180415
180834
182377
182794
182809
183067
183228
183834
184236
184838
184841
185156
186079
186758
186832
187156
187750
188380
188989
189043
189194
189929
190394
190868
191747
191909
191954
191975
192058
192516
192624
192950
193056
193333
193348
193677
193748
193871
195023
195200
195228
195241
195246
196143
196190
196329
196875
196976
197627
197718
198355
198525
198610
199285
199892
199911
200253
200888
201118
201127
201188
201322
201984
202119
202124
202371
202591
203373
203518
203538
203819
204013
204068
204947
205071
205320
205470
205668
205777
205925
206111
206991
207105
208904
209033
209145
209734
209794
209850
210063
210355
211109
211111
211379
211647
212031
212576
212783
212932
213109
213583
213600
213874
214182
214303
214487
214517
214721
214798
215998
216882
217342
218739
219746
219806
219957
219967
220407
220439
220889
221236
221782
221843
222416
222426
222847
223220
223293
223458
223536
223739
223802
224262
224710
225819
227151
227314
227626
228416
228559
229076
229137
229278
229349
230440
230762
231859
232159
232553
234495
235462
235878
235886
237023
237374
237582
237597
238481
238716
238828
239203
239224
241017
241420
241558
241673
242200
242201
242212
244673
244827
245092
247304
247735
247822
247851
248336
248473
248530
248676
249302
249608
249740
250145
250700
250963
251307
251365
252589
252620
252915
253466
253598
253734
253749
253778
253781
254153
254322
254395
254548
254830
255031
255407
255972
256281
256993
257398
257605
257643
257663
257700
257705
257793
257995
258025
258038
258405
259650
259947
260334
260419
260993
261214
261226
261321
261384
261469
261502
261547
261761
262086
262105
262166
262318
262440
262919
263546
264151
264582
264688
264727
264893
265005
266488
266648
266879
266917
267090
267299
267467
268124
268342
269417
269603
269882
269982
270370
270435
270915
270927
271265
271452
271570
272301
272542
272599
272651
272686
273829
273854
274176
274330
275684
277313
277766
277935
278602
278613
278811
279218
279345
279504
280320
280419
280693
280786
280792
280868
280999
281111
281114
281158
281279
281377
281584
281646
281894
281956
282068
282500
282570
283002
283278
283502
283918
284050
284573
284689
284995
285285
285360
285609
285803
286035
286104
286173
286215
286306
286412
286584
286637
286890
287447
287730
287854
287867
288098
288213
288910
289065
289106
289246
289707
289773
289822
289833
289916
290089
290337
290413
290585
290667
291165
291188
291344
291564
291752
291758
291962
291990
292246
292347
292422
292451
292856
292873
292878
292885
293040
293451
293561
293839
293851
293992
294115
294116
294335
294412
294453
295086
295458
295601
295946
296137
296219
296294
296343
296725
296815
297364
297442
298041
298368
298450
298879
299083
299397
299907
299926
300136
300145
300380
300960
301157
301872
302246
302619
302654
302715
302871
302892
303230
303315
303396
303403
303778
303808
303934
304006
304298
304391
304487
304554
304857
304860
305242
305264
305651
305861
306030
306373
306466
306638
306911
307109
307210
307559
307573
308241
308273
308467
308695
308900
308992
309018
309027
309792
309947
310170
310380
310841
310978
312105
312418
312509
312700
312774
312825
312856
312870
312919
313472
313650
313685
313839
313976
314018
314126
314138
314356
314475
314607
314636
314644
314938
315003
315166
315168
315233
315504
315575
315579
315762
315774
315897
316042
316343
316368
316412
316599
316678
316705
316835
316859
316884
317378
317434
317590
317641
317644
317653
317870
318300
318455
318481
318677
318872
318927
319179
319219
319309
319484
319630
319811
319824
319839
319895
320144
320316
320791
320846
320988
321098
321172
321348
321895
321909
321965
322146
322193
322387
322486
322520
322776
322922
323029
323046
323396
323479
323627
323762
323949
324352
324362
324441
324616
325140
325208
325265
325357
325446
325450
325831
325922
325972
326190
326276
326483
326598
326603
326781
326854
326935
327025
327189
327358
327361
327599
327610
327681
327766
327773
327800
327861
328183
328201
328681
328709
328721
328876
328971
329264
329426
329514
329578
329685
330056
330069
330072
330084
330231
330312
330341
330406
331203
331316
331511
332078
332121
332217
332348
332418
332850
333450
333530
333924
334159
334310
334330
334389
334431
334438
334775
335094
335224
335363
335918
336107
336243
336381
336514
336833
336921
336968
337009
337165
337386
337406
337574
337592
337630
337711
337736
337743
338009
338042
338619
338678
338947
339048
339119
339159
339606
339885
339977
340311
340393
340456
340820
341253
341270
341458
341582
341648
341697
341716
341866
341989
342221
342226
342292
342524
342546
342688
343117
343189
343886
343970
344033
344106
344298
344329
344970
345215
345337
345369
345467
345660
345780
346071
346164
346427
346539
347169
347171
347220
347476
347516
347542
347981
348100
348261
348322
348809
348833
348957
349360
349622
349769
349893
350143
350390
350498
350647
350800
350965
351078
351455
351569
351602
351686
351712
351893
351897
351920
352108
352255
352527
352980
353107
353265
353319
353337
353647
353681
353780
353820
353824
354101
354393
354558
354730
354806
355203
355402
355508
355676
356178
356182
356187
356217
356320
356529
356828
356937
356977
356980
357276
357309
357620
358021
358181
358331
358497
358869
358932
358958
359002
359007
359592
359766
359909
360284
360303
360562
360566
360750
361022
361188
361480
361695
361859
361926
361977
362058
362310
362425
363093
363412
363564
363733
363953
363976
364206
364658
365043
365174
365262
365510
365690
365986
366177
366241
366396
366435
366567
366573
366803
366986
367199
367391
367407
367628
367973
368030
368138
368247
368624
368666
368897
368964
369159
369206
369390
369391
369484
369614
369654
369660
370127
370417
370988
371118
371336
371498
371519
372049
372108
372351
372468
372699
373006
373371
374158
374365
374507
374511
374519
374522
374604
374677
374847
375104
375230
375234
375393
375587
375617
375663
375986
376043
376486
376505
376513
376532
376854
377059
377109
377365
377366
377424
377599
377785
378052
378065
378092
378116
378183
378436
378563
378650
378940
379021
379043
379126
379133
379306
379365
379534
380333
380689
380881
381294
381313
381377
381452
381668
381808
381915
382117
382334
382530
382663
382693
382985
383075
383425
383660
383912
383930
384122
384238
384267
384452
384803
385364
385979
386015
386169
386257
386703
386748
386800
387239
387297
387325
387373
387738
387862
388000
388275
388315
388500
388634
388716
388905
388923
388999
389033
389285
389299
389821
389823
389830
389945
390100
390487
390756
390824
390982
391329
391425
391630
391797
392099
392149
392200
392245
392301
392366
392599
392604
392769
392937
393334
393462
393938
394026
394121
394541
394799
394811
394887
395023
395351
395548
395989
396088
396106
396326
396653
396859
396894
397035
397187
397295
397622
398410
398534
398960
398974
399107
399352
399462
399542
399682
399735
399755
400253
400788
401053
401061
401087
401272
401963
402004
402120
402221
402254
402484
402637
403042
403154
403729
403759
404347
404367
404628
405213
405310
405314
405535
405626
405997
406191
406484
406534
406750
406809
407030
407049
407134
407141
407270
407276
407514
407610
407638
408175
408266
408443
408799
409547
410175
410433
410462
410463
410508
410741
410806
410814
410982
410985
411438
411452
411571
411591
411787
411815
412173
412209
412414
412949
412959
413192
413547
413867
413937
414193
414473
414758
415088
415236
415447
415605
415695
415742
415765
415967
416684
416795
416799
416910
416959
417071
417111
417411
417886
418129
418551
419033
419594
419656
420485
420571
420597
420953
420968
421214
421381
421395
421496
422055
422151
422933
423093
423518
423574
423602
423673
424114
424318
424321
424333
424458
424584
424638
424865
425062
425381
425424
425522
425538
425686
425951
425954
426406
426430
426511
426563
426722
426807
427096
427250
427408
427921
428148
428418
428651
428720
428820
428875
429151
429339
429442
429530
429719
429767
429826
429913
429914
430018
430096
430129
430135
430160
430391
430438
430566
430802
430812
430821
431359
431481
431547
431743
432122
432305
432519
432640
432703
432995
433560
433654
433793
433889
434135
434313
434481
434798
434826
435091
435229
435281
435338
436332
436333
436587
436693
437840
438169
438426
438754
438932
439171
439358
439383
439800
439932
440622
441047
441156
441565
441905
441986
442178
442934
443015
443780
444266
444398
444678
444752
444938
445147
445381
445522
445646
445663
445921
446166
446237
446308
446397
446431
446830
446878
447321
447368
447645
447717
448076
448187
448392
448590
448792
449024
449166
449584
449654
449743
449890
449925
450147
450524
450548
450575
450623
450648
450685
450776
450950
451082
451363
451497
451511
451645
451658
451669
451909
451914
452331
452464
452545
452661
453193
453207
453529
453834
453918
454083
454161
454342
454400
454672
454796
454834
454904
455319
455342
455749
456040
456219
456338
456446
456558
456750
456892
457002
457077
457399
457624
457865
458081
458098
458101
458268
458584
458615
458651
458671
458798
458921
459155
459305
459341
459345
459426
460089
460228
460304
460389
460550
460805
461078
461118
461276
461515
461611
461624
461699
461875
462055
462181
462259
462738
463016
463030
463253
463363
463488
463507
463510
463767
463851
464167
464208
464662
464753
464781
464842
464909
465145
465158
465462
465591
466095
466307
466390
466468
466723
466937
466979
467169
467594
467667
467719
468072
468493
468570
468675
468745
468837
469167
469896
470042
470235
470255
470393
470805
470866
470944
471461
471956
472019
472022
472493
472871
473077
473831
473936
473939
474045
474394
474649
474673
475157
475353
475420
475467
475506
475545
475561
475601
475637
475803
475804
476137
476652
476798
476846
477385
477413
477565
477616
477648
477692
477918
477969
478065
478326
478556
478604
478615
479087
479392
479474
479553
479753
479797
480033
480136
480366
480384
480432
480524
480775
480899
481036
481208
481388
481678
482018
482274
482352
482458
482622
482699
482764
482999
483161
483533
483818
484149
484351
484934
485052
485098
485101
485312
485361
485384
485693
485721
485901
485956
486173
486524
486749
486936
487176
487235
487513
487798
487956
488052
488496
488981
489543
489631
489768
490035
490096
490190
490207
490375
490523
490573
490673
490737
490898
491022
491154
491168
491304
491721
491803
491895
492152
492173
492313
492368
492488
492536
492616
492885
493013
493372
493553
493713
493873
493937
493984
494303
494444
494592
494923
494940
495409
495578
495625
496028
496238
496563
496573
496856
497223
497651
497798
498489
498529
498823
498824
498956
499303
499333
499519
499712
499732
499991
500021
500190
500301
500694
500716
501066
501191
501662
501790
501819
501913
501994
502006
502161
502397
502539
502556
502688
502863
502923
502974
502999
503035
503081
503126
503242
503496
503504
503953
504100
504102
504500
504538
504878
505338
505510
505779
505787
505941
505960
506019
506580
506588
506632
506980
507216
507563
507605
507729
507835
507844
507875
507911
508067
508100
508877
509350
509835
510060
510208
510386
510479
510597
510669
510724
510863
510973
511109
511179
511237
511360
511732
511737
511757
511792
512204
512355
513029
513054
513418
513469
513782
513907
513990
514317
514668
515264
515901
516201
516229
516464
516744
516890
517175
517243
517402
517461
518075
518398
518429
518488
518762
518911
519232
519306
519357
519593
519736
519885
519917
520041
520071
520086
520204
520267
520331
520539
521183
521350
521355
521461
521549
521724
521912
521982
522260
522497
522646
522851
522862
522905
523099
523147
523192
523273
523339
523346
523545
523818
524222
524613
524678
524910
525193
525386
525481
525748
525806
525815
525889
525960
526027
526047
526457
526488
526886
526976
527199
527677
527764
527821
527840
528008
528165
528271
528367
528666
528821
529466
529602
529633
529667
529795
529874
529911
530139
530317
530366
530834
530944
530950
531118
531160
531554
532337
532369
532387
532475
532620
532781
533116
533162
533693
534156
534265
534267
534490
535212
535831
536214
536861
536971
537036
537131
537542
537879
538243
538286
538559
538835
538893
539054
539301
539488
539508
539509
539795
539813
539857
540071
540337
540788
541099
541365
541447
542020
542084
542113
542552
542733
542925
543125
543214
543323
543354
543558
543563
543676
543724
544003
544010
544206
544528
544826
545329
545535
545598
545605
545671
545865
545944
546031
546403
546839
546986
547069
547482
548063
548135
548219
548315
548345
548369
548379
548570
548821
548835
548841
548967
549038
549263
549433
549659
549759
550149
550293
550387
550506
550676
550893
551179
551533
551589
551617
551627
551846
551883
551892
552286
552998
553151
553533
553745
553832
553841
554521
554565
554586
555398
555714
555793
555942
556224
556628
556739
557170
557306
557390
557537
557579
557959
558611
558934
559024
559042
559052
559082
559334
560291
560324
560369
560427
560736
561007
561099
561915
561920
561989
562031
562169
562199
562434
562473
562656
562758
563064
563386
563531
563600
563748
563837
563904
564106
564371
564419
565366
565566
565802
566034
566257
566577
567045
567220
567280
567395
567649
567971
568128
568646
568931
569539
569912
570873
570894
571501
571753
572013
572265
572285
572389
572651
573223
573259
573413
573488
573561
573766
573952
574409
574537
574634
574753
574920
575118
575229
575287
575625
575826
576267
576349
576380
576831
576902
576919
576981
577046
577134
577193
577267
577441
577984
578455
578608
578639
579353
579539
580125
580178
580198
580256
580277
580384
580839
580942
581310
581622
581827
581869
582026
583146
583460
583500
584126
584495
584801
584973
584986
585069
585130
585186
585369
585694
585712
586206
586233
586476
586828
587074
587513
587715
587730
587870
587925
588268
588320
588423
588688
588730
589179
589322
589325
589844
589952
590237
590713
591109
591116
591704
591864
592015
592031
592135
592510
593355
593459
594027
594239
594278
594535
594723
594866
595077
595152
595170
595226
595417
595841
596160
596440
596510
597247
597442
597446
597464
597681
597899
598391
598520
598957
598989
599279
599480
599725
600101
600388
600449
600652
600773
601110
601588
601732
601745
601940
602018
602111
602481
602707
602945
602997
603230
603975
604159
604365
604451
604551
604667
604947
605008
605153
605261
605844
605886
606703
606841
606922
607089
607278
607784
608651
608653
608950
609070
609104
609414
609478
609538
610120
610249
610332
610441
610931
611397
611419
611598
611740
612082
612790
612925
614129
614493
614578
615217
615358
615752
616105
616225
616278
616287
616308
616541
616594
616635
616689
616757
616767
617111
617124
617832
618127
618311
618550
618617
618779
619240
619369
619437
619562
619574
620005
620014
620290
620425
621048
621134
621175
621200
621337
621583
621743
622086
622396
622433
623250
623261
623440
623604
624033
624070
624367
625377
625753
625943
626070
627846
628667
633179
634606
638210
641861
645318
648383
649715
652827
653292
655399
655970
657167
657916
658266
658494
659054
660620
660994
661216
663848
664576
664718
665377
667007
667314
667427
667778
668724
674245
674344
675303
675569
675592
679263
681427
682457
683508
684214
684785
685380
685619
688016
689592
690298
691229
691554
692658
692799
693455
694314
695103
695988
696019
697160
697802
697825
697903
698889
699477
699957
700210
701257
703493
703679
703692
704970
705081
705288
705461
706270
707394
708299
709021
709065
709409
709764
711980
712021
712041
713072
714299
714981
716607
716771
717234
717565
717686
717935
718818
718890
719763
719939
721055
721553
723234
723771
724477
724876
725674
728035
728050
729030
729116
729727
731036
732484
732666
732714
733176
733269
733800
734313
734723
735115
735561
736264
736787
738639
738929
738974
739371
740142
740249
740786
741170
741223
741466
741468
742396
742518
742599
742909
742980
744475
744836
744898
745178
745339
745567
746755
746862
746930
747112
747719
747781
748294
748897
748914
749584
749724
749773
750189
750638
750685
750920
751640
752203
752577
752586
752960
753087
753439
753443
753456
753583
754357
754685
754776
755525
756073
756091
756204
756209
756480
756483
756486
756621
756633
756856
756895
756903
757332
757634
757924
757950
758197
758395
758478
758594
760240
761137
761471
762412
764009
764703
765146
765409
765780
765800
766358
767208
768860
769366
769479
769631
769777
770069
770195
771250
771517
771876
772750
774798
775671
777046
777319
778017
778462
778466
778667
778695
778698
779027
779524
779710
779784
780055
780125
780132
780196
781591
782020
782166
782321
782913
783600
784065
785590
786253
788080
788356
788680
789110
789433
790218
790376
791569
791686
793919
793957
794248
794611
794675
794721
794818
795109
795192
795277
797398
797667
798317
798464
798749
798930
799315
801007
802901
803600
804328
804359
804996
805459
806117
806345
806597
806691
809376
810351
810769
815700
816971
817595
818839
819444
819749
820747
821338
821491
821526
822376
823514
824022
824083
824931
825894
826897
827095
827281
827344
827385
827410
827564
827637
827754
828400
828612
829305
829768
829955
830708
830899
831241
831612
831729
832102
832234
832297
832974
833102
833186
833614
833945
834134
834868
835212
836821
836845
837001
837554
837997
838045
838190
838634
838683
839359
840115
840854
841132
841409
841680
842532
842962
842976
843326
843402
844279
844362
844499
844535
845184
845238
845834
845965
847038
847383
847558
849063
849181
849812
850287
857878
860435
863427
863647
863729
863874
863993
864036
864313
864829
865051
865067
865207
865461
865800
866170
866370
866495
866598
866605
866620
866670
867153
867332
867719
867846
867960
868045
868289
868873
869019
869696
869738
869879
869886
870255
871596
872009
872365
872392
872511
873049
873281
873712
873779
874415
874911
875212
875431
875683
875937
876067
876531
877238
877438
877676
878044
878198
878785
879068
879166
879452
879507
879726
879865
880018
880296
880558
880616
880760
881389
881409
882180
882335
882341
882698
882785
882841
883223
883606
883667
883818
884004
884018
884176
884542
884582
884749
885458
885828
885861
886119
886926
887042
887722
887769
887818
889405
889460
889793
889830
890020
890216
890276
890908
891167
891560
891917
892083
892098
892371
892846
892889
893080
893634
894105
894695
895023
895064
895314
895618
895765
896260
896854
896923
897154
897326
897878
898398
898564
898879
899176
899257
899326
899574
899601
899788
899895
900152
901075
901326
901480
901588
901879
902440
902467
902624
903197
903230
903406
903493
904149
904154
904661
904772
904899
904975
905119
905810
906081
906338
906394
906442
906957
907465
907616
907922
908076
908232
908340
908561
909180
910241
910475
910665
910897
911180
911208
911305
911475
911614
911619
911967
912128
912261
912323
913331
913902
913998
914623
914668
914974
915947
916245
916377
916607
916933
918021
918070
918198
918735
918855
918922
919299
919667
920725
920997
921298
922012
922213
922413
922480
922589
922746
923572
923740
923784
924027
924491
924723
925541
925876
926741
926951
928649
928931
928997
929119
930297
930308
931146
931403
932372
932389
932650
932988
933077
933168
933469
933511
934154
934189
934392
935003
936248
936731
937410
937549
938145
938188
938584
938822
941247
942111
943482
944165
944339
944844
945308
945327
945455
946254
946440
946557
946836
947390
948321
948947
949029
949250
949285
949334
949439
949782
950015
950534
950583
950589
951912
951964
952141
952528
952954
953343
953991
954109
954244
954307
955533
956000
956307
956380
956652
956698
956935
957083
957197
957240
957469
957858
958171
958314
958606
958732
958863
959196
959459
960146
960264
960904
961105
961599
962846
962847
962902
963067
963372
964187
964189
964919
964983
965032
965265
965326
965400
965619
965663
965727
965732
966773
966930
967255
967612
967784
969035
969236
969958
970359
970436
970916
971146
971894
971904
971992
972779
973330
973573
973676
974145
975486
975522
976717
976749
976825
977224
977610
977978
978293
978372
978552
979018
979928
980616
980801
981085
981371
982734
983147
983291
983856
984130
984204
984274
984430
984556
984803
984972
985307
985710
986410
987107
987308
987358
987412
987770
988004
988692
988792
988971
989029
989093
989289
989394
989745
989826
990090
990518
990777
991528
993066
993213
993741
994406
994488
994612
995066
995311
995447
996264
996363
996508
996628
996693
996698
997283
997332
998009
998226
998545
998708
999021
999796
1000230
1000572
1000780
1001471
1001489
1002608
1003312
1003366
1003675
1003899
1004766
1006344
1006729
1007010
1007388
1007555
1007706
1007975
1008413
1009030
1009078
1009304
1010123
1010411
1010844
1012044
1012882
1014295
1014929
1015057
1015214
1015566
1016098
1016135
1016646
1016700
1016882
1016887
1016894
1016985
1017058
1017310
1017395
1017461
1017523
1017619
1017852
1018140
1018363
1018702
1018706
1019039
1019126
1019250
1019603
1020769
1022785
1023148
1023410
1024323
1024487
1024526
1025269
1025281
1025324
1025942
1026059
1026182
1026225
1026443
1026754
1026912
1027170
1028096
1028216
1028263
1028636
1029468
1029514
1030195
1030310
1030410
1030527
1030590
1030629
1030739
1030758
1030770
1030863
1030971
1031152
1031280
1031335
1031512
1031553
1031992
1032002
1032314
1032507
1032925
1033289
1034073
1034094
1034783
1034893
1035440
1035567
1035652
1036212
1036452
1036645
1036673
1036736
1036960
1037167
1037533
1037721
1038493
1038540
1039081
1039249
1039517
1040044
1040595
1040853
1040980
1041090
1041276
1041551
1041694
1042234
1042524
1042827
1043027
1043689
1043765
1043865
1044232
1044261
1044582
1045493
1046125
1046665
1046830
1047023
1047166
1047905
1048011
1048125
1048305
1049064
1049197
1049933
1050540
1050603
1050864
1051441
1052000
1052302
1052838
1053169
1053562
1054102
1054186
1054205
1054237
1054548
1054911
1054957
1055721
1055722
1055947
1056019
1056387
1056508
1056600
1056623
1056892
1056909
1057085
1057197
1057214
1057307
1057456
1057461
1057476
1057563
1057759
1057904
1058185
1058393
1058415
1058449
1058725
1059122
1059177
1059343
1059661
1059674
1060578
1061567
1061717
1061837
1062597
1062941
1062983
1063160
1063364
1063946
1064200
1064219
1064563
1064793
1065001
1065428
1065798
1065901
1066276
1066281
1066625
1066642
1067114
1067495
1067834
1067907
1068315
1068613
1068909
1069371
1069521
1069690
1069811
1069812
1070333
1070388
1070445
1070565
1071020
1071864
1072004
1072065
1072071
1072489
1072599
1072676
1072979
1073180
1073476
1073502
1073579
1073949
1074747
1074909
1075009
1075083
1075134
1075258
1075480
1075546
1076144
1076330
1076336
1076586
1077111
1077452
1077855
1078099
1078414
1078872
1079464
1079482
1080102
1080244
1080706
1081436
1082060
1082527
1082751
1083110
1083396
1083441
1083753
1084735
1085057
1085088
1085119
1085199
1086080
1086180
1086500
1086750
1087232
1087486
1087572
1087581
1087583
1088207
1088554
1088642
1089040
1089409
1089689
1090029
1090652
1090818
1090991
1091502
1091680
1091926
1091993
1092210
1092282
1092420
1093208
1093717
1095220
1095721
1095891
1095944
1096379
1096595
1097043
1097119
1097486
1097686
1097861
1098547
1098732
1098836
1098850
1099079
1099331
1100162
1100853
1101825
1101837
1101895
1102684
1102832
1102967
1103163
1103450
1103961
1103976
1105056
1105395
1105782
1105911
1106191
1106244
1106530
1106546
1106911
1107189
1107619
1107720
1108175
1108254
1109077
1109186
1109458
1110562
1111303
1111332
1111553
1112122
1112948
1114097
1115415
1115470
1120715
1122422
1122960
1123126
1124305
1134152
1145587
1150381
1150587
1150728
1151811
1152090
1152228
1152434
1152822
1153518
1153614
1154254
1157432
1158494
1159102
1160888
1161198
1161524
1161779
1162081
1162082
1162191
1162278
1162529
1162686
1163248
1163376
1163691
1164184
1164616
1166682
1167207
1167436
1168767
1169009
1169277
1171370
1172145
1174219
1174695
1175583
1176241
1176950
1180356
1180907
1185543
1187758
