100009
100194
100577
100945
101105
101185
101246
101581
101682
101912
102120
102136
102168
102233
102475
102550
103653
103904
103922
103977
104047
104231
104293
105126
105293
105498
106150
106565
106748
107216
107225
107936
108122
108228
108468
108520
108765
108805
108824
108875
108927
108938
109054
109144
109363
109498
109527
109538
109551
109572
109711
109767
109910
111061
111303
111432
111828
112013
112161
112436
112511
112979
113036
113109
113313
113425
113487
113797
114176
114342
114423
114449
114811
114886
114932
114995
115022
115334
115526
115679
116388
116517
116566
116969
117249
117321
117757
118071
118302
118364
118478
118554
118560
118606
118763
119310
119510
119521
120086
120248
120286
120768
120966
121128
121147
121408
121470
121499
121576
121672
121730
122130
122203
122381
122433
122685
122861
123777
123949
124069
124464
124732
125555
125579
125615
125798
125918
126426
126548
126566
126667
127111
127136
127376
127760
127790
128213
128265
128703
128896
128933
129105
129345
129390
129401
129525
129670
130019
130184
130532
130759
130760
130996
131208
131320
131348
131514
131516
131554
131791
131823
132014
132046
132482
132641
132721
132722
132739
133070
133113
133707
133892
133917
134545
134631
134914
134917
135889
136646
136649
136893
137233
137581
137677
137982
138058
138134
138170
138187
138325
138794
139038
139113
140183
140234
140439
140465
140566
140784
141196
141220
141311
141636
141642
141681
142418
142659
142984
143054
143234
143382
143941
144009
144465
145566
146540
146720
147052
147333
147410
147513
148440
148601
148775
149020
149886
149963
150393
150865
151353
151702
151793
152266
152339
152484
152797
153490
153534
153850
153970
154059
154066
154300
154349
154544
154890
154982
155063
155907
156054
156268
156491
156705
157246
157310
157319
157357
157435
157561
157796
157861
158388
158554
158672
159555
159564
160513
160728
160962
161206
161394
161674
161915
161919
162048
162148
162167
162402
162567
162689
162826
162884
163264
163332
163470
163620
163689
163934
163936
164308
164382
164508
165076
165145
165324
165402
165765
165785
166799
167012
167209
167298
167389
167520
167870
168799
168956
168983
169558
170158
170293
170729
171002
171090
171103
171222
171287
171480
171615
171664
171799
172277
172560
172679
172838
173071
173319
174135
174236
174525
174547
174578
174839
174942
175080
175183
175450
175596
175673
175777
175847
176424
176488
176713
176750
176911
177045
177373
177483
177528
177531
177796
177933
178285
178797
178911
179013
179416
179727
179792
180215
180230
180397
180654
180667
180826
180952
180990
181027
181626
181639
181642
181657
181697
181867
181964
182026
182535
182925
183178
183398
183482
183631
183912
183931
184070
184251
184791
185135
185183
185215
185724
185772
185798
185838
186625
186738
186835
186884
186974
187011
187189
187715
187833
187930
187947
188309
188551
188558
188588
188747
188938
189419
189637
189769
189855
191304
191307
191358
191426
191532
191537
191561
191681
191835
192277
192445
192455
192763
193469
193470
193575
193796
193807
193818
194125
194283
194335
195024
195211
195384
195864
196232
196293
196328
196540
196867
197201
197260
197985
198410
198697
199021
199576
199656
199673
199769
199984
200047
200082
200173
200347
200375
200391
200446
200494
200525
200564
200596
200648
200907
201359
201396
201410
201600
201887
202674
202691
202754
203487
203563
203740
203921
204037
204046
204288
204383
204391
204400
204431
204764
204765
204821
205109
205683
206024
206040
206402
206416
206426
206659
206676
206905
207002
207033
207177
207287
207305
207309
207479
208423
208744
208883
209608
209659
209677
210060
210409
210484
211038
211149
211447
211606
211657
211749
212231
212581
213211
213511
213730
214039
214086
214177
214225
214739
214946
215126
215168
215324
215374
215782
215849
216064
216386
216808
216979
217160
217276
217726
217779
218025
218258
218498
219384
220021
220023
220521
220594
221102
221900
222012
222403
222551
222650
223161
223729
223788
224368
224472
224478
224509
224522
225255
225614
225811
226007
226056
226086
226621
226924
226985
227234
227628
228020
228118
228538
228704
229711
230094
230124
230410
230856
230940
231687
231893
232183
233328
233501
233592
234017
234140
234220
234320
234859
234914
235259
235297
235376
235663
235783
236115
236344
236443
236595
236773
237181
237375
237437
237738
238423
238581
238881
239129
239186
239412
239422
239503
239835
239990
239999
240151
240562
240630
240683
241533
242000
242524
242607
242618
242901
242913
242920
242971
243592
243983
244198
245076
245144
245493
246323
247077
247218
247730
247754
248072
248295
248633
249024
249173
249602
249668
249680
249865
250022
250163
250176
251428
251477
252184
252287
252606
252901
253171
253230
253296
253363
253379
254144
254208
254219
254538
254833
254849
254873
255198
255620
255686
255954
256060
256540
256648
256669
256697
256728
256735
256742
256884
256962
257364
257886
258366
258382
258658
258880
259520
259881
260019
260048
260114
260131
260199
260525
260808
261280
261340
261367
261542
261722
261752
262090
262442
262444
262604
263042
263245
263432
263477
263706
263913
264263
264417
264552
264687
265350
265463
265739
265978
266087
266150
266157
266177
266191
266263
266265
266873
267391
267648
267739
267912
267947
267956
268141
268251
269187
269404
269732
269800
269906
270189
270220
270237
270341
270380
270517
270690
270809
270966
271256
271676
271779
271791
272307
272341
272454
272472
272583
272943
273214
273864
273947
274199
274316
274409
274657
274754
274894
274953
275025
275134
275275
275398
275584
275763
275782
275835
275978
275987
276032
276069
276667
277301
277677
277744
278763
278827
279401
279798
280081
280433
280498
280536
280850
280880
280890
280966
281281
281322
281890
281951
281971
281988
282188
282315
282597
283046
283171
283194
283533
284177
285626
285828
286170
286429
287042
287131
287308
287468
287608
288466
288642
288714
289259
289918
290045
290187
290835
290945
291218
291317
291345
291363
291553
291944
292097
292710
293020
293147
293965
294323
294576
294601
294965
295124
295238
295265
295823
296038
296181
296486
296832
297113
297929
298245
298548
298759
298971
299627
299637
300175
300218
300649
301807
302220
302471
303422
303696
303718
304012
304157
305343
305678
305778
306257
306906
307173
307718
307874
307966
308612
309021
309153
309381
309475
309563
309886
310155
311351
311524
311655
312256
312834
312931
312955
313674
313887
314813
315139
315186
315397
316991
317527
317558
317586
318322
318678
318886
318895
318956
319122
319299
319703
320170
321180
321198
321639
322061
322466
322467
322537
322597
323051
323540
323618
323804
325354
326234
327909
328019
328141
328952
329014
329057
329769
331214
332133
332432
332635
333067
333577
333668
333674
333899
334185
334781
334959
335156
335544
336005
336115
336312
337309
337353
337358
337424
337617
337840
338091
338762
338798
339051
339524
339775
339905
340149
340253
340412
340446
341101
341341
342158
342442
343202
343312
343449
343754
343805
344415
344630
345108
345427
345500
345506
345616
345624
346289
346829
346952
347067
347545
347715
348255
348281
348948
349015
349408
350541
350732
350978
351013
351763
352432
352465
352539
352975
353175
353221
354088
354336
354684
354783
355520
355524
355661
355892
356448
359175
360297
360383
361047
361090
361488
362768
362989
363005
363105
363692
364296
364367
364671
364672
364804
364850
365037
365367
365455
365989
366522
366525
368080
368517
369285
369474
369539
369769
370111
370690
371435
371456
371575
372038
372104
372183
372212
372225
372572
372638
373747
373929
374485
375021
375108
375197
375519
375535
375744
376341
376431
376659
377790
378200
378300
378547
379459
380131
380150
380828
381310
381774
381797
382427
383035
383043
383170
383464
384261
384801
385199
385319
385713
386196
386201
386271
386756
386947
387114
387123
387532
388202
388739
389258
389312
389328
389628
390039
390199
391197
391675
392706
392994
394813
395270
395532
395817
396038
396392
396962
397075
399468
399611
400722
400749
401082
401190
402831
402886
403184
403598
404019
406630
406772
406989
407187
407242
407553
407912
409352
410425
410571
410856
411215
411677
411679
412127
412666
413059
414017
414036
414076
415780
416219
416517
416657
416890
417444
417557
418371
418451
418585
418747
419307
419668
419944
420958
421208
421796
422261
422871
422901
423811
424610
424857
425197
425276
426472
427035
427078
427283
428189
428202
428273
428760
429092
429527
429537
429617
431192
431592
431714
431870
433073
433538
434088
434234
434342
435521
436726
436940
437259
437458
437885
437932
438114
439034
440848
440908
441225
441375
441993
442697
443377
444167
444175
444410
444787
444802
445481
446548
447011
447013
447658
448856
449016
449176
449280
449468
449488
449529
449531
449596
449919
450003
450519
451204
451458
451487
451854
452092
452589
453036
453037
453338
454219
454907
454965
455008
455312
455688
457930
458240
458339
458746
459070
459432
460202
460711
460771
460884
461322
462014
462037
462636
462697
464321
464331
464519
464605
464928
465266
465285
465308
465370
466493
466822
466946
467225
467501
468396
468467
468551
469254
469858
469924
470065
470165
470636
470752
471256
471412
471630
471775
471799
471923
472112
472947
473727
474505
474598
475440
475454
475671
476436
476566
476763
477056
477808
477935
478306
478456
478530
478823
478931
479114
479256
479549
479921
480373
480782
481341
482021
482512
482921
483100
483545
484135
485071
486127
486237
486628
487123
487374
488754
488781
488821
489263
490024
490114
490277
490823
492444
493263
493464
493696
494061
495304
495387
495684
496456
496617
497232
497239
497771
497772
498303
498334
499127
500777
502104
502111
503538
503775
504769
504942
504984
506206
506753
507197
508697
508797
508803
509001
509007
509386
509577
510144
510635
511024
511129
511290
511464
512483
514044
514478
515371
515636
516399
516578
516884
517083
517323
518130
518759
518902
519059
519310
519320
519327
519472
519499
519679
519718
519802
519887
519950
519997
520014
520244
520508
520708
520939
521161
521885
522268
522574
522769
522815
523169
523356
524542
525118
525202
525249
526693
526887
527150
527231
527838
528431
528558
528700
528757
529241
529805
530127
530240
530254
530327
531053
533207
534619
535047
535413
535449
535454
535838
535929
536146
536398
536890
536990
538091
538133
538246
538955
539289
539324
539358
540247
541273
541286
541417
541453
541793
542461
543430
543699
543877
543958
544248
545130
545138
546453
547386
547651
547913
548581
549238
549392
549403
550155
550268
550646
550799
550956
551221
551934
552046
552896
552903
552972
554760
554880
555005
555107
555121
555151
555806
557011
557339
557541
557816
557871
558440
558462
558685
558940
559549
560373
561354
561615
562015
562339
563375
563799
563868
564233
564535
565260
565955
566408
566430
567466
567901
568132
568859
568886
569268
570365
571338
571913
572850
573477
573519
574855
574979
575459
575523
576362
577442
578038
578301
578507
578640
580118
581841
583606
584447
587875
588382
588699
589124
589776
590883
592001
594142
594237
594619
595081
595227
595248
595321
596052
596217
596875
598334
598886
599061
599592
599789
600143
600505
601900
602457
602583
603391
604098
604361
604433
605068
605296
605319
605523
605763
606283
606450
606626
608890
612165
613272
613804
614909
618347
621246
622174
622271
623192
623370
623497
624174
624769
625006
625462
626305
628778
629549
629677
630502
631244
631252
631975
632049
634043
634282
635279
636341
636853
637253
639907
642745
642835
645406
647915
648052
652134
655294
655983
657257
658355
660497
662972
663939
670675
671210
671927
675318
680679
681522
683032
690904
693153
695135
696120
705222
711978
714997
715147
715221
715341
717621
720145
721265
722159
723560
723615
724230
725052
725406
725596
727800
729048
729550
730825
731074
731934
731969
733146
733175
733909
737348
737370
740276
740685
744146
747609
751456
752568
752912
754409
755229
759495
763292
765983
766708
768034
770844
771232
774498
775380
775827
779241
781302
782330
784887
787610
792003
794978
796107
796552
796587
797268
797319
797767
798831
798943
801580
804391
804528
804991
805158
805164
806299
807430
807917
808575
808804
808909
809946
810018
811153
811620
811951
812623
813375
814142
814206
814542
815181
815942
816697
818139
818643
819320
819522
821001
822198
824398
825189
825683
826414
826642
829902
831848
832883
833153
834534
835707
836943
837799
838612
838936
840183
841343
841816
842240
842941
843188
844047
847660
847693
847910
852509
855528
863202
864160
864748
866133
866385
866723
867699
867784
869831
870078
871085
872217
874064
874591
874653
875023
875200
875358
875487
875771
876389
876615
876768
877095
877262
879040
879803
881500
881754
881847
882416
882864
883193
883541
885740
886050
886368
886537
887080
887474
887624
887891
888404
890874
893091
893459
895429
896272
896485
896576
897071
897079
897783
899049
899061
899725
905059
906631
906775
907710
907974
908982
909107
910238
910272
912460
912494
912949
913577
913899
914100
914699
915181
915275
915587
915967
916702
917858
918260
919731
919805
920439
920814
923888
923928
923982
926491
929267
929968
930421
934545
934626
936000
937696
939342
940354
940505
941075
941543
942017
943036
945563
946001
946068
946527
949127
950184
950699
953088
955102
955120
956341
956675
957393
957568
958708
960142
960639
963615
964075
964386
964558
966233
968551
968706
970654
972923
973075
973987
975143
975449
975853
978950
979998
980754
983363
983577
984508
986629
986807
987275
988472
991727
992034
997163
998202
999584
999728
1001604
1003159
1004644
1006767
1008949
1009912
1010069
1011392
1014033
1015768
1016343
1018818
1020524
1021696
1022740
1024511
1025065
1025439
1027743
1027971
1028287
1028364
1029030
1029264
1029987
1030140
1030889
1031252
1031383
1033381
1033497
1033518
1034014
1036517
1036808
1038025
1038325
1039714
1040091
1045120
1046018
1046714
1047195
1047997
1048518
1054084
1054560
1056100
1056112
1056332
1056379
1057511
1057638
1058491
1058591
1059920
1059922
1060176
1061853
1062335
1062519
1062651
1063343
1064323
1065235
1065517
1066122
1066512
1066548
1066628
1066967
1067245
1068448
1071012
1071135
1071706
1072832
1072966
1073088
1073747
1073977
1074015
1074343
1075341
1080645
1085603
1086407
1089919
1090194
1090202
1091593
1092043
1093004
1093278
1094567
1096278
1097548
1098337
1100710
1101214
1101858
1104212
1104276
1105926
1106966
1108138
1108766
1111244
1111411
1112698
1113092
1113856
1114152
1119605
1120736
1121384
1132196
1133574
1149541
1150092
1152333
1153022
1157721
1159084
1159190
1160845
1161406
1161862
1162067
1162193
1162329
1162433
1162683
1163690
1164133
1164608
1165070
1167617
1168051
1168082
1169643
1170356
1170800
1171227
1171591
1174500
1175680
1177060
1178195
1178435
1178525
1178802
1179522
1184230
1185433
1186493
1187369
1191297
1191955
1192512
1194669
1196227
1196711
1204097
1204414
1206731
1207773
1208199
1209772
1210851
1211308
1212318
1213768
1215438
1216244
1219891
1226798
1227732
1234764
1234999
1235780
1238217
