101583
103101
103556
106013
111911
116964
122074
129652
132328
133955
134811
137637
139918
141519
143739
146149
147495
149005
149358
149662
150303
152189
153146
155384
156003
156480
157573
159390
167416
170455
172457
173068
173559
173576
175030
177989
178316
179122
181186
181447
183365
183627
190264
191656
193058
199331
201704
203896
209038
210875
211249
216902
220201
223769
224628
227466
232647
235302
236787
241262
242041
243151
248818
249703
250156
253595
258006
261750
263990
265250
272184
274448
280075
282348
284718
285334
288519
290288
293261
293878
296054
296939
297198
298513
299262
299586
300092
300450
303666
305396
308866
313574
314494
315486
318521
319251
319861
321596
321730
324435
325191
326163
327491
332928
333727
334513
335124
335599
336771
338744
344262
346967
347996
349205
349914
350918
351599
355592
355952
357905
358193
358583
358782
360619
361105
361274
361476
361776
362574
364492
367316
367540
370185
373276
374935
376752
377865
378687
378833
379116
381380
381568
384249
384399
384624
387599
388509
390696
393298
395092
396610
397222
398255
399636
400827
404674
407672
408037
408070
412751
414915
415543
415579
417739
419573
420524
421273
422630
430600
436180
438350
438369
439351
445865
446067
446759
447537
447692
447748
448223
450717
452539
454311
460441
460608
461473
462764
466365
467940
468001
471661
480255
481080
481492
481567
484511
484880
486113
486598
486768
488713
489428
490059
490639
491581
492286
494428
495380
496594
502005
506197
507119
508716
508777
509781
511451
513037
514356
516054
518080
519415
523421
528623
535603
535960
536854
537265
537392
537653
538455
542121
542549
543689
545927
555991
556676
557637
558155
558967
563152
564534
567840
568319
568382
569180
576610
577207
577668
580438
581071
583577
583822
587759
589753
590436
590899
592916
593722
595074
595959
596702
598314
599293
602068
603195
607017
607424
609131
612284
612375
615032
618413
618835
619616
620265
624303
624787
649359
658691
678781
683374
688975
698552
699965
725689
733528
734827
738293
757296
765802
767398
772088
783674
792139
796188
797590
818420
821296
830520
831250
831456
832733
833255
843033
849340
863491
866455
866623
866758
868054
870553
872580
872971
881163
882421
885851
889372
892255
893725
895081
898275
909058
914853
917243
924203
933793
935817
937734
939837
941776
943173
945568
952663
956580
956686
960607
965875
966883
968904
969405
974838
975590
975791
976826
978084
979173
979326
980727
989892
991010
991732
1002086
1003225
1007139
1008919
1009063
1010656
1021123
1021980
1022699
1025779
1026472
1027974
1031480
1037254
1041024
1043904
1044697
1048291
1050325
1055690
