100270
103316
103556
106845
114621
117305
122194
122953
126650
128096
134956
138455
140050
140287
143739
144223
146149
147495
149358
150201
150303
152189
152198
152989
154165
157573
162971
164245
167694
170122
172457
173576
178316
179210
186567
188096
190264
191656
193219
198773
205440
205463
206396
211152
214134
220201
223769
230354
235302
236355
236991
240869
244703
247659
251434
258785
263990
268398
274391
277556
280075
284704
284718
285254
285334
285933
286712
290288
292349
293261
293878
296054
296844
300450
303666
310284
310821
312106
312682
312694
313531
314494
315659
321127
321563
323278
327099
329479
332928
335616
343037
343860
344262
344568
346052
349205
354157
355952
357076
358782
360281
361353
364512
364871
365229
367316
368040
371346
371614
376091
376752
377865
384017
384798
388401
388509
392166
392865
393927
397005
397391
400675
400827
402013
403119
405963
408037
408070
408695
411179
414915
416265
416480
418954
419573
427662
428499
430340
431083
433359
433360
435106
436155
436538
436582
438350
441170
446067
446759
447627
447692
447748
448629
452539
456150
460048
460441
460608
461604
466365
467509
473273
480255
481113
490250
491581
494474
494628
495371
495898
496602
506197
510744
512746
513064
513590
514721
515936
518080
519431
522400
525441
526524
527874
533840
536284
536673
536998
538455
544269
546376
546531
551714
551992
552657
555991
556676
562693
565239
566436
567223
571539
573896
578537
580148
580585
581071
583577
585545
587734
589028
596761
597907
598052
598314
598465
600135
602068
603359
604843
605982
606704
608531
610037
611076
613501
618835
619042
621494
624787
631865
683374
691495
696179
699737
705311
717974
733528
748683
756845
758732
765420
765773
766167
773647
781095
783674
789599
797879
816718
818209
818420
821419
822408
824284
825962
829012
834995
849340
857175
864648
865294
866455
866696
869622
872971
875662
880747
881163
881190
882421
883810
885851
886879
905453
908631
911537
912544
914678
917073
919098
919294
930557
932709
933793
933867
936974
937734
939722
941809
956642
956686
958388
959811
963774
963812
963858
969405
975791
975801
977832
978356
980992
995880
1005407
1009063
1010656
1011380
1016026
1018026
1022103
1025140
1030370
1030778
1034545
1037259
1040750
1044348
1048715
1050325
1051945
1052068
1052762
1063103
1066878
