126039
150201
232528
298513
315659
318521
324156
326027
354817
358016
358583
361353
367540
368040
376091
377865
388509
396610
402013
416480
420524
429671
435106
445219
447537
447627
448629
454311
481450
489428
490059
494474
495371
495898
496799
513933
518080
521874
522400
537392
537653
551992
556676
565239
567223
571539
578537
580438
581071
582826
583822
584282
585469
586050
589753
590899
591159
595959
598052
599293
600135
608531
613501
614928
615032
616647
618413
733873
738293
748683
759870
781095
783674
830520
864648
865294
866696
868054
870553
872971
881163
886879
899264
900203
906246
912544
914678
914853
919098
923924
930557
933867
939722
939837
941809
945568
956580
958388
959811
969405
975791
977832
978356
980727
980992
985156
991732
992853
1008919
1022521
1026236
1026531
1030778
1031480
1034545
1043904
1051945
1052068
1052762
1055690
