100169
100194
100351
100577
100945
101105
101205
101392
101682
101912
102136
102475
102550
103904
103914
103977
104231
104345
105649
106150
106186
106565
106748
107030
107874
108122
108228
108396
108520
108765
108805
108927
108938
109144
109302
109363
109498
109551
109572
109730
109828
110417
110899
111061
111303
111383
111432
111939
112006
112013
112041
112511
113036
113487
113699
113797
114176
114202
114342
114658
114666
114771
114811
114886
115022
115068
115334
115511
115526
116116
116388
117249
117669
117757
117790
118234
118478
118554
118560
118606
119510
119521
120086
120734
120954
120966
121128
121147
121730
122407
122433
122466
122685
122824
123290
123642
123777
123801
124132
124396
124464
124500
124681
124732
124784
124913
125348
125576
125579
126006
126231
126426
126566
126662
126667
127111
127136
127376
127536
128265
128568
128593
128645
128737
128896
129105
129345
129390
129670
130019
130464
130532
130555
130769
131208
131348
131514
131554
131572
131823
131834
132014
132260
132346
132641
132721
132722
132739
133022
133035
133113
133892
133917
134527
134545
134691
134917
137090
137233
137504
137581
137677
137806
138058
138170
138325
138395
138543
139038
139598
140234
140465
140578
140784
141181
141196
141220
142870
143116
143234
143382
143668
143988
144009
144811
145215
145566
145592
146201
146540
146585
146720
146934
147333
147513
147896
148601
148775
149020
149886
149963
150448
150865
151353
151702
151793
152266
152992
153200
153656
153850
153963
153970
153994
154052
154066
154184
154248
154300
154647
154890
155231
155371
155748
155907
156096
156121
156490
158554
158671
159219
159506
159555
159564
160378
160728
161919
162055
162148
162402
162567
162585
163470
163620
163869
163934
163936
163950
164225
164308
164525
165076
165145
165324
165402
165690
165785
166799
166992
167298
168799
170293
170777
170884
171039
171090
171103
171206
171222
171287
171480
171615
171664
171795
171799
172277
172406
172560
172838
173169
173319
173876
174236
174525
175183
175203
175450
175847
176488
176713
176750
176862
176911
177045
177373
177483
177531
177933
178285
178315
178911
179113
179185
179416
179724
179792
180230
181027
181421
181626
181639
181657
181796
182535
182809
183178
183482
183931
184070
184251
184502
184791
184841
185724
186801
186835
186884
187715
187833
187930
188309
188482
188588
188747
188933
189419
189637
189720
189769
190629
190868
191304
191307
191358
191561
191747
192445
192455
192513
192516
192763
192901
192911
193056
193469
193470
193677
193796
193807
193871
193943
195200
195211
195384
195757
195864
196174
196232
196293
196540
196667
197201
197219
197421
197957
197968
197985
198355
198410
198697
199616
199655
199769
199984
200047
200391
200564
200907
201118
201127
201359
201410
202124
202371
202674
203487
203563
203740
204046
204208
204288
204391
204400
204431
204765
204821
205109
205320
205515
206349
206416
206659
206676
206905
207177
207287
207309
208332
208744
209659
209677
209988
210060
210484
211111
211149
211447
211749
212097
212231
212450
213511
214086
214303
214517
214721
214946
215324
215374
215782
215998
216064
216808
216979
219957
220023
220521
221102
222403
222650
223161
223220
223458
223493
223729
224306
224478
224509
224522
225614
225706
225811
226007
226621
226924
226985
227234
228020
228538
228704
229076
229546
229711
229768
230094
230124
230940
230980
231687
231893
232016
232439
233042
234017
234320
235209
235259
235297
235462
235596
235783
236344
236443
236595
237038
237181
237437
237597
238161
238423
238481
238881
239129
239422
239503
239835
240151
241230
241420
241558
241673
242569
242607
242913
243447
243592
244198
244550
244827
245076
245144
245493
246255
246299
246323
246715
247077
247209
247730
247735
248530
249000
250022
250176
250397
251002
251568
252184
252901
253171
253230
253734
253778
253842
254208
254219
254830
254833
254849
254873
255198
255686
255913
255954
256540
256669
256697
256735
257663
257995
258038
258366
259520
259756
259881
260419
261061
261367
261384
261715
261722
262090
262427
262442
262444
263042
263882
264151
264687
265350
265704
265739
265800
266150
266157
266488
266648
266873
266879
267947
267956
267994
268921
269187
269558
269732
269800
269906
269982
270220
270517
270966
271256
272234
272301
272307
272583
273214
273854
273864
274409
274657
274796
274894
274953
274971
275025
275377
275835
276275
276667
278259
278593
278763
279676
280156
280498
280575
280693
280850
280880
281256
281882
281890
281971
281988
282188
282269
282726
282802
283533
283554
284023
284033
284050
284177
286215
286306
286321
286753
286932
287042
287131
287447
287468
287490
288466
288842
289220
289246
289747
290045
290405
291174
291345
291553
291564
291899
291944
292097
292246
292347
292710
293147
293965
293992
294109
294965
295823
296038
296181
296343
296486
296818
297354
297929
298245
298450
298742
298759
298971
299627
299637
299907
300145
300649
301157
302471
302619
302709
303396
303422
303602
303934
304012
304157
304346
304487
305003
305516
305651
305678
306030
306257
306607
306788
306906
307173
307536
307559
307874
307966
308273
308525
308695
308900
309153
309321
309348
309792
309886
310155
310184
310220
310380
311351
311655
311714
312856
312955
313472
313674
313887
313925
314253
314356
314647
315139
315504
315575
315579
315631
316412
317027
317108
317424
317527
317586
317884
318245
318265
318322
318339
318886
318895
318956
319122
319299
319309
319870
319895
320316
321180
321182
322156
322922
323034
323051
323618
323804
324206
324352
324362
324679
325309
325354
325831
326190
326234
326483
326598
327015
327138
327358
327554
327610
327681
327909
328019
328376
328876
329819
330072
330084
330312
331165
331214
331247
331412
331420
331448
332286
332348
332719
332943
333120
333577
333643
333674
333899
333924
334136
334330
335544
336005
336514
337358
337592
337743
338405
338409
338762
338798
339051
339293
339428
339905
340253
340412
340456
341023
341101
341166
341270
341341
341648
341716
342442
343202
343449
343694
343754
344415
344797
344832
345506
345616
345624
346245
346406
347169
347476
347568
347715
348948
349360
350143
350390
350978
351013
352108
352405
352429
352465
352527
352539
352975
352980
353820
353991
354101
354730
355520
357053
358021
358701
358932
359007
359219
360284
360297
361047
361090
361384
361607
362310
362516
362814
362989
363138
363405
363412
364367
364671
364672
364850
365037
365174
365367
365690
366008
366033
366522
366525
366567
366803
366974
367139
367948
368001
368030
368080
368495
368517
369285
369391
369539
369654
369769
370111
370988
371456
371519
371575
372038
372108
372183
372638
372863
373006
373230
373743
374085
375108
375197
375535
375633
375772
376043
376147
376532
376854
379139
379272
379459
380131
380333
380828
380944
381069
381307
381310
381628
381774
381808
381915
382180
382334
382427
382961
383170
383464
383617
383964
384073
384122
384261
384267
384801
384851
385149
385319
385630
385713
385880
385979
386618
386750
386756
387239
387373
387459
387532
388202
388275
388392
388634
388739
388801
389285
389628
390039
390982
391139
391816
392301
392504
392937
393980
394148
394811
395023
395270
395351
395384
395817
396894
397272
397506
399427
399468
400253
400722
400788
401190
401213
401272
401848
402831
403445
403598
403759
404019
404347
404358
404367
404882
405267
406484
406772
406987
406989
407134
407141
407270
408382
408799
408811
409260
409613
409846
410111
410397
410425
410921
411215
412127
412740
413540
414036
414076
414193
415088
415967
416219
416537
416684
416795
416890
416959
417444
417954
417961
418371
418451
418585
419033
419473
419668
419944
420597
420848
420958
421137
421558
421796
422261
422530
422871
422933
423811
424597
424865
425197
425686
425954
427096
427250
427283
427408
427921
428189
428202
428273
428547
428604
428820
428931
429092
429537
429617
429826
429959
430695
432122
432305
432995
433073
433538
433622
433827
434342
435404
436583
436726
437142
437259
437458
437932
438114
439034
439087
439171
439383
439825
440622
441047
441144
441225
441660
442178
442250
442570
442697
443070
443117
443152
443262
443552
443618
443780
444143
444167
444410
444555
444898
445147
445481
446043
446169
446533
446548
446830
447011
447013
447140
447204
447321
447658
448585
448590
448856
449016
449280
449529
450463
450524
450548
450623
450731
450776
451204
451363
451458
451669
451854
451897
452092
452308
453193
453834
454907
454965
455008
455312
455425
456219
456435
456538
456884
457077
457399
458101
458323
458615
458921
459070
459204
459345
459432
460089
460228
460550
460711
460805
460915
461163
461324
461624
461991
462697
462727
463507
463550
463711
463969
464331
464605
464781
465110
465158
465285
465370
465591
466084
466468
467022
467169
467636
468192
468241
468396
468493
468745
468749
468837
469924
470065
470564
470636
470752
470774
471011
471267
471628
471630
471775
471962
472182
472370
472871
472947
473077
473727
474006
474048
474401
474505
474566
475440
475454
476566
476658
476721
477056
477692
477808
478470
478823
479114
479256
479549
480033
480218
480366
480782
480899
482352
482531
482649
482740
482761
482921
483161
483402
483490
483493
483533
484328
484493
484507
484669
485052
485101
485289
485876
485938
486050
486628
487104
487374
487513
488638
488781
489057
489631
489886
490024
490096
490190
490282
490581
490823
491395
491767
492137
493372
493464
493930
494444
495304
495544
495684
496238
497021
497131
497223
497232
497239
497772
498298
498334
498489
498613
498969
499303
499532
499748
500206
500694
500716
501269
502397
502556
502923
503081
503187
503202
503254
503538
503765
504317
505613
506129
506206
506588
507605
507933
508067
508618
509001
509182
509577
509879
510635
510669
511109
511112
511464
511747
511792
512147
512483
513907
514044
514478
514668
515602
515636
516399
516402
516505
516578
516890
517461
518003
518075
518661
518759
518800
518902
518914
519045
519137
519290
519383
519469
519472
519593
519679
519718
519802
520041
520267
520508
520708
520719
520930
520939
521161
521982
521986
522268
522815
522862
522905
523099
523132
523356
523403
523545
523586
524775
525118
525481
525897
526047
526399
526887
526900
526976
527150
527231
527677
528008
528271
528415
528431
528558
528700
528757
529761
529783
529805
530055
530131
530240
530254
531053
531554
531565
531729
532387
532781
535047
535243
535249
535306
535413
535449
535454
535929
536398
536487
536861
536971
536990
537145
537573
537872
538091
538133
538243
538955
539324
539333
539399
539737
539741
539813
540071
540247
541162
541177
541417
541985
542448
542576
543430
543642
543699
543877
543958
544248
544498
545138
545368
545406
545914
545944
545984
546140
547328
547651
547660
548557
548581
548830
548866
549038
549049
550156
550293
550387
550602
550893
551098
551179
551221
551420
551846
551892
552282
552846
552903
552972
553151
554300
554519
554521
554580
554586
554667
554880
555013
555062
555151
555398
555653
555714
555753
555942
556719
557170
557339
557390
557428
557537
557579
557636
557816
557871
557931
558424
558440
558611
558641
558940
559399
559419
559504
559713
560724
560820
561280
561354
561724
562015
562434
562758
563799
563868
563904
563916
564071
564110
564233
564749
564995
565546
565802
565955
566430
567220
567321
567466
567649
567823
567923
567971
568132
568646
568859
569472
570060
571020
571874
571913
572013
572139
573126
573223
573259
573393
573519
573753
574168
574409
574649
574988
575050
575459
575827
576241
576301
576380
576608
576975
576981
577442
577768
578147
578192
578455
579353
579539
580118
580384
580665
581051
581841
582527
582545
582842
583711
583933
584082
584126
584447
584986
585291
585524
586193
586233
587093
588412
589104
589124
589776
589952
590237
592001
592015
592027
592510
593782
594027
594239
594310
594535
595043
595081
595172
595321
596052
596217
596222
596875
597071
597442
598334
598679
598886
598989
599061
599592
599725
599919
600064
600101
600143
600388
600449
601148
601640
601900
601965
601992
602293
602457
602580
602583
602997
604098
604159
604433
604625
605153
605261
605296
605523
606450
606626
606741
607089
607267
607312
607453
607593
607784
607833
608651
608890
609205
609319
609712
609743
612288
612824
613642
613855
614220
614286
614573
614909
615119
615217
615570
615712
615774
616594
616635
616689
616858
618347
618387
618550
618634
619437
619463
620486
620744
621358
621627
621738
622174
622465
622970
623192
623440
623841
624122
624174
624519
624769
624871
625462
625577
625637
626070
626305
626343
626543
626865
628778
629549
630502
630663
631244
631975
635279
638210
639907
642835
648052
651029
652134
653580
654290
655399
655970
657257
657916
658355
660497
662972
665377
665673
670260
671210
674245
674374
676950
680679
681522
683192
684785
686919
688849
691435
691791
697054
697228
698499
699477
702529
703679
704970
707394
709764
711978
713391
715934
716095
716317
716607
717621
718818
719359
719763
721055
722159
723771
724230
725052
725594
728228
729550
730007
731969
732267
733146
733250
733800
733909
734173
734723
737878
738639
738892
740042
740685
741223
741466
741769
743110
743388
744951
747029
747540
747609
747719
748250
748989
749217
750685
751056
751571
751640
752568
752577
752912
752960
753107
753443
754357
754715
754789
755229
756804
756866
756895
757634
758197
758478
758968
759495
762412
762727
763214
763292
763690
765772
766254
766708
767197
770844
771071
772616
773493
774498
775380
775827
776007
776250
777319
778466
778493
778494
778698
778982
779241
779569
779663
780196
781302
782330
784887
788247
789110
789650
790583
790704
791569
794611
794978
795345
796107
796552
797268
797767
798749
798831
798930
798943
802709
803292
804528
804815
804991
805158
805164
805459
808622
808909
810018
810351
811153
811620
811951
813375
814206
815145
815181
815803
815942
816003
816482
818643
819522
821001
822185
822198
824083
824398
825189
825683
826694
826897
827281
827712
828865
829305
829768
829769
829902
830180
830201
831848
832102
833153
834534
835212
835256
836316
836821
838612
839184
840183
841343
842240
842941
845601
845834
847660
849063
849812
860385
863202
863786
863993
864160
864313
864345
864534
864719
866079
866133
866385
866495
866670
866723
866805
866982
867149
867654
867699
867960
868148
868830
869075
869208
869879
869888
870253
870293
870803
871314
871822
872222
873535
873625
873779
874064
875358
876389
876768
877227
877676
878034
878173
878626
879166
879598
879726
879803
880070
880760
880905
881614
881662
881754
881847
881911
882335
882757
882841
882864
883978
884749
885724
885740
886368
886537
887080
887891
888764
890028
890216
890276
890643
891055
891917
892083
893080
893091
893459
894409
894695
895185
895314
895405
895682
895765
896048
896272
896485
896576
896583
897071
897105
897112
897326
897762
898005
898843
899601
899711
899949
901075
901658
901879
901900
902966
903197
903640
904633
904772
904975
905016
905059
905119
905418
905482
906151
906631
906775
907374
907710
907866
907965
910027
910238
910334
910386
910897
911227
911256
911475
911614
911665
911887
912460
913577
913899
915181
915555
915587
915967
916148
916237
916245
916300
916702
917858
918021
918260
918264
919731
920439
920814
923982
926125
926491
927343
928997
929267
929431
930239
930308
930331
930421
931376
932063
932324
932650
933077
933342
934189
934392
934545
934626
935003
936000
936466
936946
937332
937394
937410
937696
940354
940505
941075
941543
941598
942376
942629
942775
942830
943036
945414
945455
945563
946068
948710
949029
949334
949568
949779
950091
950184
950519
950781
952954
953088
953343
953668
953733
954307
955120
956184
956307
956341
956675
956935
957354
957393
957469
957568
957813
957917
958036
958178
958314
958611
959383
960142
961444
961599
961949
963615
964075
964485
964558
964915
965015
965135
965663
965907
966445
968493
968700
969445
970654
970798
970916
971686
971925
972165
972627
972923
973330
973649
973691
974417
975853
977640
978950
979056
979998
980613
980754
981322
981357
981371
982164
983266
983313
983635
984204
984430
984672
984812
985590
986629
986779
986807
987750
988004
988472
988859
988971
990729
991720
991727
992526
995311
995513
995860
996278
997085
997149
998061
998202
998545
999326
999584
1000212
1000503
1001170
1001471
1001489
1001617
1003498
1003499
1003518
1003675
1004718
1005776
1005793
1006767
1007022
1007975
1008376
1008413
1009010
1009912
1012882
1014033
1014685
1015043
1015214
1015526
1015669
1016343
1017324
1017581
1017619
1018245
1019250
1019603
1020524
1020976
1024511
1024692
1025065
1025942
1027704
1027743
1028470
1029114
1029634
1029767
1030310
1030391
1030889
1030971
1031992
1033497
1034014
1034094
1034599
1035268
1036212
1036275
1036452
1037482
1037646
1037809
1038036
1038955
1039101
1039138
1039714
1040091
1041551
1042234
1042524
1042827
1043083
1043574
1043765
1044423
1044582
1045188
1046200
1046830
1046906
1047195
1047905
1047955
1048011
1048125
1050031
1051070
1052000
1052074
1052503
1052838
1053405
1053657
1054084
1054525
1054560
1054887
1055101
1055143
1055196
1055722
1056100
1056218
1056909
1057511
1057667
1058491
1058519
1058591
1058725
1059674
1059922
1060124
1060821
1061200
1061637
1061879
1062047
1062858
1063728
1065517
1065879
1065901
1066512
1066967
1067245
1067295
1067480
1067573
1067713
1068315
1068923
1069579
1070303
1070333
1070408
1071008
1071135
1071450
1072434
1072489
1072676
1072832
1072966
1073088
1073185
1073539
1073747
1073928
1073949
1073977
1074015
1074343
1075341
1076431
1076514
1076586
1077089
1079464
1080578
1082527
1082641
1082751
1083396
1084524
1085088
1085622
1085887
1086230
1086698
1086750
1086983
1087105
1089775
1090057
1090194
1090537
1090818
1092043
1092210
1093208
1093847
1094567
1095891
1096332
1096379
1097861
1097881
1098337
1098509
1098547
1098836
1099079
1099947
1100710
1101214
1102873
1103098
1103368
1104105
1104212
1104276
1105168
1105632
1105926
1106200
1106273
1106546
1106790
1106966
1107189
1107636
1107772
1108055
1108350
1108477
1108766
1109096
1109186
1109301
1109653
1110029
1110423
1110811
1111244
1111303
1111362
1111411
1111436
1111553
1111778
1112122
1112698
1112777
1113092
1113196
1113680
1115988
1116587
1117552
1120037
1121072
1121094
1122125
1122775
1123126
1124305
1124706
1133586
1134150
1138473
1146647
1149491
1149541
1151413
1152090
1152207
1152333
1152434
1153425
1155254
1156090
1157017
1157557
1157721
1158336
1158947
1159705
1160093
1160772
1161198
1161290
1161524
1161856
1161862
1162067
1162081
1162167
1162191
1162329
1163180
1163690
1163691
1163724
1164323
1164608
1164724
1165536
1165807
1166148
1166395
1166672
1166687
1166865
1167207
1167436
1167617
1168051
1168173
1168334
1168767
1168900
1169281
1170356
1170800
1171227
1171591
1171871
1172049
1172598
1172616
1172790
1172837
1172843
1173099
1173669
1173969
1174484
1174500
1174591
1174695
1175527
1175608
1176241
1176487
1176947
1177042
1177060
1177312
1177599
1178029
1178295
1178802
1178872
1179263
1179522
1179845
1180356
1180497
1181464
1183011
1184230
1185433
1185896
1186173
1186514
1187402
1187758
1188579
1189171
1189420
1189589
1190921
1191106
1191417
1192512
1192664
1192820
1193469
1194012
1195165
1196227
1196629
1196697
1198352
1201864
1202706
