100882
103223
103556
104122
104311
106442
106541
106845
107854
108285
108486
109720
110527
111299
111320
111911
114078
115189
116183
121822
122470
122953
124370
126650
129652
129865
132873
134419
136453
138874
140261
141200
141519
141674
142933
143739
144223
145163
145921
147839
149358
149534
149662
150201
151025
151591
152024
152198
152989
153629
155384
157480
157556
157573
157880
158079
159875
160985
162269
162382
162835
166996
167292
167694
168011
168589
168850
170122
170684
172279
172457
173068
173559
175030
176627
177158
178316
178862
179210
181186
181308
181780
182205
183146
184165
186490
186567
187606
188096
188348
188603
189290
189356
190264
192454
192657
193219
193755
196079
197062
207265
208877
209038
209669
210401
212340
214010
214397
216836
218551
220140
222422
223127
225250
227391
227535
228047
228137
228673
230354
232475
232528
232647
234370
234582
235302
238099
238172
238407
241262
241349
241929
243852
244406
244484
244914
246504
247659
248651
249103
252240
261750
262354
263000
263990
264970
272184
274391
274452
275813
276531
276616
277047
278121
280075
281388
282192
282817
282961
283101
284434
284704
284718
285933
286077
286241
286472
287925
287958
288519
288540
289967
290288
291839
293261
293509
295911
296978
297198
299586
300092
300450
302852
303182
303544
303660
304419
305397
307920
309113
309534
310287
311290
312106
313330
314494
315521
316085
317176
317365
318521
319732
321153
321563
321596
323823
323850
325217
326027
327491
327617
328075
329479
334851
335322
335408
335616
337232
338632
338862
339726
340868
340892
342111
342554
342631
344262
344568
346096
347676
347897
347928
347996
348211
348663
348780
349205
349890
351599
353471
353700
353917
355592
355952
356857
357076
357585
358261
359239
360286
364492
365229
366154
367316
368413
369359
370453
371195
371266
371346
373276
374181
376091
376752
376929
377001
377190
377865
377990
378081
378982
380495
384337
384624
384798
386178
386287
388248
389914
392166
392865
393298
394990
397005
400827
402039
403724
404286
404674
405080
407077
407466
408037
408070
408730
411041
411179
411697
412850
413232
414487
414915
416265
417703
420524
421226
422630
422794
425600
427662
428185
428778
429671
429896
430340
430600
431083
432320
432460
432893
433359
433360
434440
436727
438276
438292
438369
440211
440297
440557
440998
444007
444381
444738
446067
447519
447562
447692
447748
448379
449661
450466
450468
450717
452539
453449
453626
454160
454311
456731
457637
460608
462236
462764
463535
463601
463837
464446
465179
466365
467226
467509
469008
469453
469551
471572
472574
472862
473484
474144
478873
480061
480106
480255
481113
481450
481567
482034
482054
485828
485986
486113
486586
486598
486607
486808
488325
489428
489487
490639
491581
492286
493557
493989
494647
494986
495371
495380
495638
495718
495784
496318
496594
496602
496885
497545
498041
499990
502230
505897
507119
508095
508424
508777
510761
512350
512746
512805
513037
513064
513245
515783
515918
515936
516033
516054
516269
517642
518080
518703
518888
519431
521874
522308
522400
523012
523122
523187
523421
523772
525242
526184
526847
527874
528320
528388
528960
529492
529543
529696
534014
534476
535711
536854
537265
537653
539575
541311
541473
541513
541950
542549
543298
545927
547831
548438
550322
551256
555913
556559
557637
557958
559206
559761
560069
561292
561360
563152
563672
564353
564534
565670
566428
567223
567300
567863
570323
571013
572727
573896
574336
577640
578876
579243
580138
580605
581043
581927
582514
583577
584282
584297
585392
585469
586050
588694
589753
590647
592368
593807
595004
595455
595959
596504
597089
597814
598052
598314
599353
601993
602168
603305
605982
606579
606928
607424
608795
610554
612375
613217
613920
614747
616043
616601
618225
618413
618484
620265
620725
623887
624052
624419
627027
638941
646143
656490
658072
659309
662750
669659
671403
672009
672563
673228
675152
677996
682613
692563
697207
700038
706051
721738
725836
731766
733528
733873
734691
735749
738293
743189
744506
747951
751399
756427
757193
758732
759058
763902
765773
766612
772088
774114
777174
795020
797262
797879
801364
817083
817236
817871
818420
820702
821419
822018
823716
824213
824341
824734
825190
825962
831250
832733
834995
837578
839227
843700
849340
862520
863491
866455
868054
869612
870787
871210
871644
872120
872216
872580
872909
872921
872971
873394
875163
875275
875744
876096
876397
877522
880786
881068
881163
882245
882356
882421
883283
883538
884179
884273
884303
885287
885377
885967
889372
890522
890626
892267
892685
893721
893939
895808
895954
896790
897709
898275
902131
905875
908206
908424
909387
909626
911537
912919
919294
921295
924203
925148
926313
928003
929414
930557
930933
933793
935849
936719
937734
938021
939722
939837
940381
941775
943173
944595
945568
947206
951245
952288
952814
953795
953867
953914
955971
956182
956265
956686
956992
958354
959205
959811
961337
962765
963894
966883
966894
967132
967557
968286
968904
969405
970562
971164
973601
973860
974838
975746
975791
977871
978356
978400
980272
980726
980992
985436
988786
989892
991767
992180
993732
996587
998432
1000138
1006565
1007149
1010656
1011380
1012523
1013011
1015386
1015620
1015814
1016589
1017563
1019059
1020586
1020966
1021655
1022699
1025779
1027225
1029623
1032643
1034531
1035622
1035736
1036180
1039082
1039622
1039853
1040750
1041024
1042966
1043904
1044348
1045275
1048291
1049902
1052581
1053470
1059318
1060604
1061977
1062264
1062715
1063103
1063450
1063532
1064451
1064739
1065030
1066673
1066872
1067321
1071032
1074042
1074481
1074543
1074673
1076513
1077513
1079393
1080072
1081710
1085992
1092851
1093189
1093430
1094910
1098635
1098992
1105090
1106348
1106512
1107665
1109874
1111959
1112338
1121044
1123466
1135742
