100403
100715
101583
105415
107724
110164
111800
113350
114621
116105
117461
121517
122953
127763
131114
132067
133014
135461
135537
138455
138874
140050
140261
140908
141519
143551
144573
144596
145163
151025
151984
152989
156305
156480
157573
159390
162382
168011
168139
171642
172457
173559
175030
175435
175448
177107
179122
182205
183542
184407
186567
187606
189203
190219
192951
193219
198094
200059
202034
209038
210401
211249
214397
216255
220201
221606
222422
222546
222969
223769
225099
227535
232158
232640
234535
236355
241262
241363
242142
247159
247395
248818
249103
249703
251775
252829
253333
253914
257146
258006
259005
260630
261750
262354
263990
268238
268398
269944
271745
272184
273632
276060
279304
279976
280075
283105
285111
285334
290288
290943
293261
293509
294438
299586
302336
303130
303666
306111
307920
308407
308866
319166
319251
321153
321596
324132
327617
331082
332928
334030
334092
334851
334862
335322
336083
336239
336771
337565
338241
338744
338862
340868
343860
344568
345926
346096
347643
347928
350221
350883
351599
352441
355592
355952
356538
356857
359239
366154
368055
370453
371266
376207
377062
377894
378833
382160
384249
386178
386287
387220
387599
391838
392032
393927
396903
397005
402518
408037
408070
409730
412850
414915
415543
416265
417832
421226
422630
422794
427662
429282
430423
431083
438292
438350
439351
443448
444007
447519
447692
448223
448379
450717
455558
456731
460592
461655
462236
462764
467509
474144
480514
481113
484230
486282
488875
493932
494127
496594
496602
497545
501079
501499
502230
502710
507155
508424
510025
510744
512350
512746
521298
525441
535690
536673
537265
540322
541513
541950
542121
542549
545927
548446
552657
559328
563875
566428
567840
567863
568233
568382
571467
574194
574776
575027
583690
586353
587759
592102
597089
599669
600515
610554
612887
613920
614876
615790
618484
620725
620811
624442
626124
626955
665346
703490
715527
731766
734827
765773
766612
773468
778926
786590
796188
801364
813707
818420
820317
821181
824341
826217
827055
833255
843993
863824
866758
869622
870787
871210
872921
874436
875275
875662
882282
883538
892685
904747
911537
919294
923049
924203
925293
936719
944364
945668
951512
953867
953914
960169
963812
969956
985214
985512
997771
1000138
1011380
1016589
1016974
1018465
1025779
1033353
1039741
1048291
1062681
1067321
1088585
1098505
1109874
1114513
1115172
1153974
1156202
1170848
1175090
1177218
1182076
1188417
1191002
1191700
1196573
1203738
1210635
1225140
1236011
