100128
100139
100194
100202
100212
100351
100842
100942
101105
101185
101205
101299
101318
101358
101374
101669
101682
102086
102120
102662
102917
103048
103371
103525
103566
103585
103914
103922
104088
104401
104518
105106
105193
105351
105377
105498
105649
105707
105758
105839
105892
106150
106174
106186
106203
106213
106319
106867
106982
107030
107294
107936
108063
108294
108765
108805
108849
108875
108927
108938
109046
109051
109054
109075
109302
109363
109498
109538
109551
109572
109711
109730
109765
109828
110168
110297
110552
110592
110899
111061
111074
111176
111209
111300
111392
111432
111552
111828
112024
112041
112633
112768
113014
113036
113376
113425
113487
113494
113566
113699
113725
113797
113875
113931
114202
114215
114363
114449
114666
114807
114811
114817
114932
115022
115692
115787
115907
116241
116281
116290
116388
116560
116736
117321
117387
117388
117610
117667
117669
117850
117912
117921
118229
118302
118364
118372
118414
118478
118554
118602
118606
119307
119510
119521
119645
120248
120259
120286
120331
120461
121128
121147
121408
121437
121499
121590
121729
121730
121757
121892
122130
122343
122503
122767
122824
122861
122976
123007
123294
123777
124069
124681
124990
125507
125615
125798
125815
126035
126217
126231
126426
126432
126691
126972
127136
127319
127376
127538
127551
127739
127760
127790
128090
128265
128439
128975
129105
129151
129172
129556
129748
130019
130181
130399
130555
130700
130764
130799
130820
130935
131034
131188
131320
131325
131403
131514
131554
131572
131834
132014
132036
132046
132099
132260
132417
132519
132640
132722
132739
132836
132936
133035
133070
133113
133707
133755
133767
133832
133892
133917
134035
134055
134251
134281
134483
134691
134917
135335
135348
136067
136502
136646
136649
136654
136832
136996
137165
137310
137356
137464
137982
138058
138169
138296
138325
138395
138510
138520
138543
138696
138701
138923
139002
139038
139176
139288
139568
140093
140168
140183
140387
140439
140578
141207
141311
141312
141332
141601
141636
141642
141845
141964
142157
142309
142359
142418
143378
143408
143727
144465
145215
145230
145257
145478
145491
145550
145614
145772
145804
145827
146032
146175
146208
146275
146314
146493
146662
146720
146994
147052
147287
147391
147410
147432
147480
147599
147895
148040
148440
149020
149172
149356
149579
149838
149886
149963
150043
150393
150865
150923
151510
151826
151971
152080
152266
152797
152918
152992
153490
153534
153557
153673
153780
153899
153900
153963
153970
154004
154132
154248
154386
154542
154647
154748
154897
154953
154982
155211
155231
155650
155855
155907
155913
156041
156096
156272
156366
156490
156634
156644
156655
156705
157047
157314
157796
157833
158032
158369
158388
158394
158554
158639
158671
159078
159082
159094
159183
159205
159219
159662
159748
159880
160378
160952
160974
160992
161206
161394
161425
161467
161861
161919
162055
162167
162806
162851
163288
163318
163332
163529
163661
163869
163934
164050
164308
164313
164525
164593
164904
165072
165076
165109
165229
165344
165359
165402
165496
165609
165734
166096
166145
166154
166603
166799
166923
167290
167298
167717
168832
168842
168953
168983
169488
170131
170167
170222
170515
170673
170782
170804
171002
171039
171103
171396
171614
171799
171975
172406
172679
172838
172938
173095
173174
173210
173319
173416
173528
173623
173756
173928
174076
174131
174251
174447
174525
174547
174585
174617
174731
175024
175222
175370
175450
175498
175866
176003
176187
176264
176404
176469
176750
176862
177079
177556
177693
177919
177933
177959
178026
178222
178315
178754
178797
179267
179325
179416
179586
179604
179724
179727
179742
180111
180223
180230
180374
180475
180544
180625
180654
180808
180952
180990
181027
181495
181642
181686
182173
182238
182297
182406
182475
182535
182794
183398
183417
183691
183834
183975
183978
184045
184071
184130
184211
184660
184841
184950
185126
185265
185339
185342
185411
185699
185798
186079
186337
186505
186748
187233
187495
187833
187930
187947
188040
188482
188528
188531
188537
188558
188588
188790
188835
188933
188970
189010
189043
189283
189719
189906
190490
191293
191307
191346
191472
191714
191747
191925
191954
191975
192034
192058
192277
192513
192516
192624
192911
193191
193223
193406
193469
193807
193871
193986
194335
194430
194507
194762
194904
195024
195197
195200
195246
195564
195749
195864
196012
196329
196976
197452
197678
197718
197750
197892
197965
197968
198339
198355
198443
198525
198674
198698
198805
199182
199673
199847
199911
199940
199984
200082
200347
200416
200513
200525
200564
200726
200898
201038
201118
201127
201253
201322
201396
201448
201921
202124
202227
202425
202506
202507
202535
202691
202754
202856
203067
203080
203085
203090
203139
203225
203373
203487
203556
203590
203780
203859
204046
204068
204181
204301
204764
204765
204804
204886
205182
205258
205320
205350
205472
205515
205654
205832
206111
206349
206416
206507
207105
207296
207309
207749
208598
208744
209080
209514
209608
209659
209677
209734
209786
209872
209928
210261
210653
210760
211046
211074
211166
211671
211749
212029
212031
212301
212771
213461
213511
213803
214303
214361
214517
214721
214828
214946
215782
215998
216089
216179
216503
216606
216618
216646
216710
217160
217297
217389
217490
217725
218025
218299
218865
219147
219384
219826
219870
219957
220023
220439
221236
221359
221782
221900
222204
222634
222847
223033
223293
223729
224098
224472
224478
224522
225009
225166
225255
225324
225582
225621
225796
226007
226210
226924
226927
226985
227151
227452
227509
227626
227925
228317
228477
228538
228728
228856
229076
229278
229363
229374
229546
229711
229943
229958
230094
230124
230440
230762
231731
231822
231829
231930
232029
232189
232262
232542
232553
232696
233415
233534
233553
234140
234186
234220
234222
234320
234416
234604
234800
235297
235381
235527
235596
235762
235952
236292
236443
236748
236862
237181
237303
237374
237437
237582
237920
238281
238326
238481
238743
238881
239281
239370
239412
239451
239503
239835
239999
240151
240562
241017
241473
241593
241897
241904
242064
242195
242201
242569
242618
242680
242901
242966
243592
243983
244024
244827
245072
245076
245082
245092
245141
245247
245440
245604
246112
246558
246715
247066
247304
247468
247514
247732
247822
248295
248336
248530
248676
248855
248881
249382
249463
249608
249865
249979
250153
250176
250204
250400
250456
250638
250700
251002
251036
251114
251365
251374
251385
251477
251492
251493
251505
251654
251696
251814
251890
251924
252075
252089
252121
252324
252366
252820
252901
252947
253107
253171
253363
253364
253367
253749
253778
254029
254316
254395
254813
254830
254833
254903
255031
255116
255198
255262
255543
256229
256259
256395
256524
256540
256742
257006
257154
257373
257484
257663
257975
257995
258382
258440
258609
258953
259132
259143
259186
259221
259561
259705
259756
259945
259947
260244
260525
260856
261384
261393
261727
262086
262318
262442
262444
262924
263293
263713
263805
263913
263941
264151
264205
264954
265085
265108
265240
265595
265981
266087
266265
266488
266648
266657
266879
266940
267175
267234
267299
267322
267391
267463
267648
267775
267956
267994
268267
268529
268921
269244
269413
269417
269906
269991
270220
270276
270843
270927
270966
271256
271265
271346
271452
271489
271570
271964
272307
272549
272583
273010
273267
273864
273947
274132
274216
274371
274400
274685
274742
274796
274836
274894
274953
274971
275025
275156
275401
275443
275462
275763
276094
276151
276275
276358
276600
276634
276667
276711
276857
277301
277313
277490
277509
277935
278491
278565
278613
278677
278763
278770
278811
278908
279218
279345
279676
279693
279773
279810
280419
280433
280613
280693
280766
280868
280966
281031
281142
281256
281283
281951
281955
282188
282261
282388
282500
282558
282632
282934
283484
283533
284050
284980
285090
285285
285365
285611
285662
285768
285803
285995
286104
286161
286170
286215
286315
286321
286372
286429
286596
286669
286753
286926
287073
287202
287308
287490
287668
287730
288039
288051
288159
288213
288466
288502
288517
288714
288795
288842
289051
289065
289241
289307
289550
289773
289839
290089
290202
290249
290411
290413
290431
290616
291022
291165
291218
291564
291806
291825
291899
291990
292035
292347
292653
292710
292873
292888
292901
292921
293451
293601
293602
293702
293839
293944
293965
293992
294109
294115
294116
294156
294333
294360
294554
294576
294862
295006
295124
295730
295823
296137
296181
296219
296286
296343
296501
296604
296684
296725
296815
297113
297354
297442
297467
297525
298214
298424
298450
298591
298742
299083
299248
299397
299446
299505
299608
299714
299730
300175
300238
300297
300380
300430
300882
301084
301301
301402
301488
301774
301967
302471
302580
302695
302709
302892
302962
303023
303169
303309
303344
303397
303422
303450
303513
303546
303808
304095
304157
304346
304353
304384
304445
304487
304549
305264
305419
305678
305861
306257
306583
306607
306745
306911
306942
307031
307039
307095
307158
307176
307299
307363
307536
307577
307921
307966
308525
308992
309027
309153
309563
309886
310155
310170
310363
310581
310615
310761
310841
310914
311409
311654
311714
311753
312029
312355
312604
312801
312825
312870
312947
313327
313423
313537
313650
313722
313887
313942
313976
314046
314126
314138
314210
314647
314652
314666
314813
314938
315162
315247
315284
315504
315575
316138
316368
316412
317644
317710
317809
317812
317815
317980
318269
318300
318315
318322
318339
318414
318455
318495
318677
318902
319322
319703
319824
319859
320074
320144
320242
320316
320943
320977
321135
321348
321442
321965
322207
322387
322413
322420
322436
322486
322537
323051
323558
323690
323804
323859
323920
323949
324014
324062
324206
324352
324385
324441
324571
324605
324673
324901
325151
325302
325309
325450
325831
325972
326190
326404
326603
326897
326935
327015
327129
327605
327681
327910
327975
328019
328141
328876
329149
329649
329683
329769
330072
330084
330205
330312
330450
331203
331214
331247
331444
331511
332133
332348
332432
332665
332850
332924
332943
333147
333423
333643
333665
333729
333899
333924
333931
334058
334185
334233
334431
334775
334806
334919
335097
335224
335334
335335
335440
335469
335544
335737
335797
335918
336247
336312
336318
336328
336514
336730
336831
336882
336968
337089
337132
337353
337592
337752
337840
337848
337921
337931
338268
338288
338483
338678
338811
338947
339048
339051
339142
339428
339456
339511
339905
340068
340126
340187
340229
340253
340311
340999
341023
341101
341253
341270
341341
341360
341501
341866
342217
342219
342442
342524
342546
342688
342834
343018
343312
343483
343539
343748
343754
343805
344106
344587
344588
344797
344891
345301
345467
345624
345762
345780
345921
346125
346186
346245
346289
346333
346493
346690
347067
347169
347353
347476
347496
347516
347542
347553
347942
348255
348261
348948
348977
349200
349380
349466
349622
349648
349705
350093
350143
350390
350725
350768
350825
350887
350923
350965
350969
351013
351078
351215
351230
351253
351455
351612
351613
351648
351686
351763
352108
352255
352366
352432
352980
353175
353221
353299
353509
353681
353724
354216
354241
354575
354798
354806
355203
355661
355812
355838
355892
355942
356160
356945
357025
357845
358166
358249
358331
358393
358497
358557
358664
358760
359002
359007
359077
359561
359592
360024
360750
361022
361090
361281
361292
361488
361977
362310
362325
362354
362426
362814
363005
363302
363564
363692
363733
363953
364137
364367
364641
364948
365043
365174
365265
365679
365792
365986
365989
366005
366052
366177
366273
366422
366458
366535
366561
366567
366919
366974
366982
367291
367391
367609
367948
368031
368080
368247
368489
368495
368517
369273
369330
369391
369474
369567
369618
369652
369654
369660
369769
369854
370411
370417
370455
370591
370988
371191
371456
371498
371532
371575
371706
371866
372272
372572
372863
372970
373268
373616
373699
373710
373747
373869
374205
374383
374467
374468
374485
374511
374604
374708
375021
375108
375155
375230
375387
375519
375542
375618
375663
375851
375986
376036
376043
376147
376177
376277
376431
376532
376648
376854
377424
377785
378116
378436
378542
378650
378870
378965
379139
379272
379349
379359
379365
380131
380150
380236
380403
380551
380569
380881
380944
381294
381307
381562
381685
381733
381774
381797
381808
381915
382334
382530
382675
382891
382915
382947
383170
383172
383294
383508
383585
383619
383660
383912
383930
383984
384139
384238
384386
384542
384876
385192
385271
385298
385630
385817
385979
386308
386321
386618
386748
386890
387021
387239
387373
387459
387660
387862
388000
388275
388427
388801
388905
389285
389385
389496
389628
389767
389821
390050
390100
390199
390343
390402
390469
390487
390670
390726
390781
390808
391083
391085
391139
391197
391285
391437
391756
392497
392712
392795
392833
393462
393650
393661
393980
394026
394073
394148
394345
394415
394459
394799
394832
395023
395081
395546
395548
396106
396469
396506
396585
396642
396831
397187
397272
397283
397289
397295
397316
397409
397605
397621
397622
398341
398410
398960
399197
399352
399542
399682
399691
399983
400662
400788
400880
401082
401087
401241
401366
402120
402443
402514
402831
402886
403177
403196
403445
404018
404157
404347
404406
404857
404882
404903
405239
405368
405594
405700
405901
406153
406484
406595
407030
407241
407250
407276
407872
407912
407955
408382
408472
408547
408579
408799
409022
409547
409846
410397
410425
410428
410508
410741
410856
410878
410985
411058
411438
411452
411679
411787
411843
411901
412068
412127
412209
412481
412833
412932
413192
413530
413540
413547
413937
413973
414077
414193
414266
414465
414738
414758
415088
415331
415349
415447
415514
415765
415901
416219
416537
416581
416623
416657
416684
416890
416959
417557
417564
417954
418551
418815
418965
419062
419307
419368
419628
420016
420160
420478
420839
420841
420953
421137
421796
421831
421909
422118
422261
422379
422458
422607
422790
422807
422901
423459
423574
423611
423673
423721
424321
424333
424345
424458
424567
424597
424857
425062
425149
425409
425424
425455
425522
425686
425951
426430
426476
426803
427062
427096
427182
427250
427464
427572
427737
427767
427779
427966
428220
428257
428513
428547
428720
428820
428875
429035
429092
429160
429163
429448
429627
429748
429767
429973
430018
430029
430129
430319
430695
430886
431265
431547
432034
432256
432704
432729
432858
433003
433081
433622
433651
433772
433827
433889
434088
434135
434342
434444
434481
434667
434798
435197
435281
435345
435521
435655
435684
435733
435777
436127
436321
436333
436895
436954
437343
437383
437424
437840
437974
438131
438169
438182
438410
438646
438932
439171
439252
439261
439607
440514
440771
440924
440971
441041
441095
441144
441803
442103
442178
442885
443006
443070
443117
444052
444055
444678
445031
445147
445207
445326
445370
445481
445612
445614
445649
445697
445799
446043
446169
446391
446397
446878
446948
446979
447013
447204
447321
447331
447576
448040
448486
448653
448779
449087
449236
449584
449596
449743
449802
449890
450011
450463
450548
450576
450648
450813
451156
451204
451487
451497
451511
451645
451669
451897
452286
452425
452545
452878
452907
453037
453193
453256
453529
453834
454083
454219
454299
454300
454342
454477
454478
454642
454794
454815
454905
455312
455334
455688
455857
456005
456040
456059
456219
456412
456446
456536
456541
456728
456892
457314
457599
457692
457930
458098
458121
458202
458323
458398
458584
458746
458921
459070
459260
459345
459432
459723
459932
460089
460099
460228
460243
460523
460550
460711
460754
460808
460810
460839
461002
461322
461427
461551
461571
461614
461699
461705
461842
461875
462014
462102
462185
462196
462435
462734
462819
462924
463016
463030
463433
463488
463491
463507
463510
463550
463813
463903
463969
464208
464331
464482
464558
464662
464687
464835
464842
465004
465127
465145
465285
465308
465370
465567
465877
466057
466406
466582
466609
466862
467407
467469
467594
467648
467755
468259
468383
468396
468426
468493
468745
468749
468789
468996
469049
469163
469770
469829
470042
470144
470169
470235
470241
470410
470564
470752
470805
471039
471406
471775
471785
472042
472468
472476
472493
472529
473077
473446
473693
473727
473831
474174
474401
474414
474673
474699
474786
474850
474969
475252
475420
475431
475467
475561
475601
475803
476070
476509
476652
476907
476922
477305
477413
477692
477807
477935
478065
478155
478306
478470
478484
478744
478820
479114
479140
479256
479474
479553
479735
479797
479899
480366
480373
480524
480562
480899
481094
481388
481424
482021
482512
482580
482598
482649
482684
482729
482827
483100
483161
483369
483402
483490
483533
483545
483699
484120
484315
484493
484505
484507
484879
485052
485415
486075
486127
486210
486239
486268
486354
486471
486791
487104
487173
487176
487374
487798
488525
488635
489055
489216
489485
489543
489631
489947
490024
490190
490207
490277
490282
490755
490823
490898
490919
491395
491523
491689
491702
491767
492058
492336
492368
492475
492488
492650
492809
492936
493372
493464
493553
493984
494061
494963
495076
495409
495441
495507
495617
496123
496369
496856
496860
497169
497223
497232
497347
497696
497711
497772
498185
498199
498303
498326
498489
498524
498529
499063
499230
499303
499712
499732
499734
500089
500190
500586
500652
500908
501514
501521
501835
501994
502383
502556
502604
502749
503117
503202
503463
503496
503769
503775
503953
504317
504488
504538
504723
504865
504878
505184
505316
505358
505641
505859
505893
506129
506588
506632
506821
507197
507489
507605
507704
507729
507755
507844
507869
507889
507976
508051
508075
508101
508560
508618
508751
508803
509007
509216
509386
509392
509394
509547
509809
509824
510060
510208
510336
510450
510635
510658
510669
510875
510973
511024
511109
511732
511792
511824
511998
512483
513053
513144
513469
513782
513862
514324
514478
514627
514649
515060
515147
515188
515329
515602
515778
515788
516100
516231
516241
516505
516784
516884
516890
517021
517196
517260
517402
517443
517641
517741
518130
518166
518226
518398
518436
518680
518759
518762
518808
518843
518911
519137
519261
519306
519327
519454
519469
519472
519499
519604
520041
520059
520071
520357
521133
521161
521191
521549
522060
522871
522905
523011
523212
523273
523346
523465
523480
523687
523822
523975
524177
524662
524668
524775
524910
525202
525249
525672
525815
526027
526047
526049
526700
526840
526873
526886
526900
526976
526985
527669
527677
527838
527983
528008
528716
528757
528869
528917
529241
529296
529466
529602
529736
529805
529864
530055
530130
530133
530327
530433
530543
530730
530814
530862
531121
531276
531554
531587
532233
532306
532364
532620
532669
533162
533163
533301
533587
533852
534156
534265
534916
535088
535454
535687
535838
535895
535929
536334
536990
537036
537237
537710
537723
537871
538091
538133
538286
538623
538893
539054
539188
539278
539324
539572
539695
539760
539813
540071
540234
540247
540458
540798
540956
541016
541029
541099
541162
541193
541273
541417
541470
541793
542031
542277
542513
542552
542559
542733
542969
543323
543423
543430
543558
544281
544399
544881
545136
545598
545604
545671
545672
545865
545869
546031
546140
546314
546453
546628
546857
546875
546986
547017
547053
547328
547335
547403
547712
547747
547968
548326
548439
548480
548581
548669
548715
548830
549005
549038
549392
549403
549634
549759
550149
550155
550372
550387
550584
550799
550893
551179
551221
551892
551934
552027
552261
552388
552534
552555
552778
552824
552846
552904
552972
553162
553218
553463
553754
554157
554164
554521
554607
554673
555550
555653
555704
555905
556062
556224
556301
556703
556739
557025
557111
557131
557270
557390
557417
557428
557537
557602
557620
557636
557871
558424
558646
558685
558887
558934
558940
559252
559445
559504
559766
560048
560139
560369
560373
560559
560724
560845
560864
561007
561615
561915
561920
562015
562434
562656
563064
563386
563600
563799
563868
563904
564071
564434
564738
565022
565138
565260
565546
565827
566217
566257
566430
567034
567321
567447
567455
567649
568132
568454
568646
568765
568859
568931
569119
569279
569539
569912
570223
570416
570444
570636
570723
570894
571877
571884
571913
571960
572165
572169
572292
572389
572651
572744
572850
573069
573413
573519
573520
573561
573766
573823
573952
574048
574109
574232
574409
574626
574920
574979
574988
575050
575287
575459
575598
575625
575957
576011
576327
576380
576692
576736
576867
576975
577134
577267
577441
577469
577718
578038
578301
578455
578640
578644
578715
578880
578902
579132
579539
579607
580122
580125
580198
580256
580277
580384
580695
580773
580829
581042
581633
581869
582736
582842
583711
583933
584082
584126
584167
584447
584660
585456
585712
586110
586233
586476
586840
587513
587539
587730
587965
588320
588437
588666
588699
588965
589066
589121
589124
589303
589322
589776
589952
590204
590239
590250
590488
590586
590694
590840
591165
591380
591620
592024
592027
592157
592214
592345
592421
592510
592618
592631
592824
593447
593648
594027
594114
594239
594278
594535
594602
594866
594927
595037
595081
595172
595248
596052
596289
597001
597177
597464
597545
597681
597790
598439
598679
598832
598952
598989
599279
599480
599647
599725
600025
600064
600388
600449
600607
600770
600964
601110
601306
601324
601588
601640
601900
601940
601992
602580
602814
602997
603130
603301
604365
604451
604551
605022
605153
605207
605261
605319
605523
605525
605763
605886
605939
606011
606283
606290
606450
606541
606632
606741
607034
607076
607089
607278
607470
607653
607789
607948
608210
608228
608303
608352
608425
608527
608653
608658
608890
608982
608989
609070
609104
609205
609414
609450
609538
609958
610196
610403
610441
610876
610976
611194
611456
611537
611673
612079
612288
612308
612518
612525
612651
612824
612925
613206
613324
613642
614047
614286
615114
615119
615217
615570
615572
615661
615774
616081
616355
616561
616591
616689
616924
617150
617251
618281
618337
618439
618550
618667
618866
619106
619240
619257
619303
619574
619745
619942
620425
620502
621006
621707
621743
621843
622063
622081
622174
622396
622410
622433
622579
622610
623335
623406
623440
624122
624145
624160
624471
624505
624871
624879
625091
625100
625131
625377
625643
625753
625772
625958
626163
626274
626547
626865
627589
627641
628643
628778
630771
632799
633165
634258
634606
635336
637618
638210
641006
641861
642259
642745
644314
644588
645043
645406
645421
645896
649714
649715
650857
651351
652195
652309
652546
653292
653397
653580
655024
655783
655983
656070
659845
659935
660622
662776
665395
665575
665704
666223
666438
667186
668299
668634
668724
668785
669272
671664
673209
673938
674334
674374
676950
678103
678309
679082
679237
679482
679925
680679
680791
681522
681566
684214
684785
685619
685675
685984
687345
688008
688065
688601
688628
688836
688849
689069
690517
690846
693691
694314
695024
695424
696371
696497
697089
697903
700863
702345
703679
704970
705142
705461
707139
707702
708611
709065
709851
710040
711135
711978
712021
712438
712533
714548
714679
714833
714886
714926
715147
715221
715313
715396
715453
715903
716095
716646
717413
717621
717935
717976
718985
719763
720619
720846
721420
722327
723355
723407
723615
723744
723771
724236
724769
725674
727526
729048
729550
729727
731154
731462
732484
733680
733681
734723
735631
735711
736012
736206
736429
736583
737017
737244
737633
738639
738694
739371
739388
739852
739860
740249
740276
740547
740629
740635
741223
741466
741468
742006
742338
742752
742796
743017
743419
743771
744146
744897
745144
745765
745848
747169
747446
748401
748914
750189
750492
750685
751190
751223
751640
752577
752972
753354
753439
753443
753583
753808
754291
754357
754521
755136
755143
755525
756209
756311
756895
756981
757634
757740
758197
758478
758594
758771
758846
759360
759495
759580
759650
760007
760146
760359
761035
761277
761471
764005
764099
764487
764703
765409
765774
765780
765800
765847
766075
767252
767723
768034
768895
769443
769479
770369
770709
771204
771232
771876
772456
772694
773493
773817
773826
774480
775561
777614
777643
778017
778466
778698
778982
779241
779663
779784
780125
780709
782020
782913
783849
784065
784400
784859
785654
785682
786504
787610
789245
789882
790526
790557
791661
792356
794092
794248
794535
794611
794630
794690
794841
794978
795191
795345
796107
796884
797275
797671
797757
797767
798831
798943
799315
799503
800362
800526
801089
801580
802143
803252
803351
803745
803876
804222
804528
804991
805041
805158
805459
805683
806299
806345
806515
807093
807149
807205
808422
808622
808804
808860
808909
810001
810351
810467
810796
810865
811153
811417
811954
812055
812773
813514
815100
815145
815181
815942
816971
817512
817595
817788
819320
819455
819522
819859
820248
820251
821688
822185
822437
822584
823956
824022
824567
826258
827072
827095
827281
827344
827637
827712
827754
827818
828612
829305
829769
829955
830062
830201
830534
830560
831848
832293
832718
832855
833102
833153
834357
834533
834878
835017
835363
835781
835783
835944
836063
836316
836821
836943
837740
837799
838066
838190
838612
838634
838788
839184
839359
839435
839442
839992
840055
840115
840183
840358
840539
841123
841132
841343
841848
842118
842170
842314
843577
844047
844055
844279
844497
844499
844575
845033
846301
847660
847693
848278
849095
852354
857878
860385
863109
863192
863449
863773
863993
864036
864313
864748
864992
865051
865142
865871
866215
866495
866605
867539
867699
867784
867805
867960
868338
868477
868635
868830
868995
869030
869439
869888
870108
870253
870442
871335
871355
871654
871822
871864
871913
872217
872220
872365
872973
873063
873625
873712
873718
873976
874128
874591
874599
874653
875023
875200
875310
875358
875691
875750
875771
875980
876342
876531
876894
877676
877777
878101
878293
878785
878894
879068
879166
879335
879452
879619
879726
880018
881021
881389
881409
881500
881538
881754
881847
883001
883193
883603
883667
884176
884467
884501
884542
884582
884807
885538
885724
886102
886368
886537
886876
887080
887379
887504
887624
887722
888184
888684
888764
889531
889564
889627
889959
890978
891069
891167
891209
891873
892098
892100
892846
892868
893091
893132
893318
894344
895221
895339
895429
895483
895588
895765
895820
896260
896292
896485
896583
897112
897154
897404
897914
898005
898484
898779
898933
899049
899061
899080
899326
899391
899574
899601
899638
899788
899949
900394
900910
901098
901480
901879
902019
902624
902666
903493
903506
904119
904707
904772
904975
905098
905354
905482
906279
906631
907235
907616
907796
907866
908014
908076
908504
908659
908667
908865
908982
909186
909296
909961
910272
910386
910592
910611
911353
911475
911614
911887
912349
912460
912470
912494
912815
912949
913521
913577
913649
913685
913869
914699
915084
915181
915187
915275
915587
915947
915967
916245
916801
917021
917473
917561
917631
917664
917858
917946
918133
918260
918439
919299
919468
919511
919805
919822
920788
921598
921601
922200
922413
922543
923220
923278
923740
923982
924214
924257
924447
924723
925584
926125
927139
927319
927343
928252
928374
928507
928890
928931
928984
929119
929195
929431
930308
930421
930957
931146
931304
932121
932372
932498
932910
933077
933151
934189
934224
934452
934626
934931
935108
937009
937249
937357
937394
937616
938245
938891
939447
939545
940319
940354
940391
940576
941247
941316
942083
942775
942840
945336
946557
947310
948321
948825
948947
949029
949287
949677
949782
950274
950347
950583
950589
950781
950885
952141
952297
952567
952731
952954
953002
953681
953733
953805
953816
954060
954244
954307
954742
955102
955120
956307
956341
956380
956967
957469
957568
958470
958606
958732
959239
959369
960713
961053
961231
961599
961949
962627
963258
963615
964386
964899
964915
964919
965032
965246
965265
965637
965727
965732
966233
966445
966593
967255
967612
968004
969250
969445
969708
969925
970198
970654
970916
970923
971407
971861
971894
972198
972461
972883
973080
973156
973272
973633
973649
973977
973987
975489
975853
976256
976383
976584
977130
977136
977552
977658
978112
978488
978552
978729
979867
980527
980613
981371
982129
983083
983244
983313
983480
984050
984130
984450
985407
985441
985443
985482
985590
986037
986736
986779
987100
987308
987563
987604
987770
988004
988587
988692
988923
989025
989343
989745
990090
990121
990394
991052
992661
993289
994004
994453
994488
994504
995068
995076
995276
995513
995709
995739
995860
996203
996220
996455
997163
997717
997960
998202
998220
998627
998765
998827
998909
999653
999694
999728
999796
999810
999970
1000503
1000572
1001193
1001355
1001366
1001750
1002551
1003141
1003366
1003540
1004943
1005729
1005767
1005776
1005793
1006106
1006506
1006578
1006960
1008413
1008561
1008977
1009163
1009417
1009525
1009849
1010263
1010323
1010411
1011493
1012154
1012584
1012882
1014663
1014685
1014735
1014769
1015057
1015959
1016299
1016615
1016687
1016700
1016887
1017395
1017619
1017704
1018051
1018350
1018363
1018514
1018517
1019250
1019603
1019957
1020121
1020231
1020489
1021894
1022159
1022568
1022678
1023595
1025065
1025324
1025362
1025942
1025962
1026095
1026225
1026682
1026838
1026912
1027135
1027367
1027704
1027715
1027719
1027971
1028263
1028364
1028864
1028886
1029318
1029577
1029767
1029987
1030038
1030140
1030310
1030693
1030971
1031252
1031512
1031787
1031992
1032078
1032079
1032314
1033300
1033381
1033497
1033511
1034508
1034684
1034783
1034893
1035211
1035277
1035316
1035438
1035440
1035449
1035978
1036212
1036452
1036553
1036566
1036597
1036736
1037190
1037370
1037482
1037693
1038238
1038880
1038955
1039029
1039954
1040595
1041694
1042285
1042434
1042524
1043069
1043083
1043423
1043765
1044106
1045030
1045120
1045493
1046018
1046200
1046472
1046906
1047490
1047587
1047735
1047905
1048334
1048509
1048927
1049064
1049835
1050540
1051160
1051361
1051441
1052000
1052083
1052089
1052302
1052397
1052803
1053169
1054285
1054312
1054918
1055071
1055722
1055889
1056292
1056623
1056787
1056892
1057209
1057476
1057525
1057667
1057887
1058036
1058087
1058519
1058591
1058664
1058749
1058945
1059122
1059225
1059759
1059922
1060427
1060821
1060827
1061200
1061589
1061637
1061707
1061717
1062318
1062496
1062967
1063767
1063883
1063912
1064162
1064200
1065001
1065137
1065311
1065428
1065517
1066110
1066122
1066192
1066598
1066628
1066889
1066967
1067114
1067245
1067318
1068315
1068521
1068889
1069071
1069521
1070156
1070303
1070388
1070412
1070544
1071135
1071138
1071450
1071489
1071706
1071778
1072004
1073436
1073476
1073553
1073589
1073917
1073949
1073996
1074210
1074594
1074747
1075172
1075341
1075480
1075774
1076144
1076897
1077034
1077085
1077642
1077855
1077899
1078103
1078193
1078414
1079240
1079482
1079952
1080352
1080645
1080821
1081202
1081376
1081436
1082527
1082559
1083441
1084345
1085123
1085353
1085670
1086080
1087070
1087105
1087896
1087925
1088226
1088554
1088642
1088742
1089040
1089409
1089775
1090057
1090134
1090202
1090258
1090719
1091025
1092292
1092704
1093208
1093839
1094496
1094565
1094705
1095699
1095856
1095891
1096278
1096362
1096379
1096487
1097340
1097486
1097773
1097861
1097881
1098200
1098325
1098455
1098836
1099079
1099359
1099487
1099695
1099947
1101032
1101214
1101767
1101837
1102164
1102540
1102876
1102967
1103089
1104517
1104772
1104796
1104889
1105168
1105302
1105362
1105448
1105518
1105519
1106081
1106260
1106530
1106966
1107101
1107772
1107968
1108145
1108254
1108356
1108363
1108747
1109049
1109186
1109720
1110685
1110941
1110964
1111244
1111303
1111590
1111652
1112423
1112543
1112698
1113174
1113308
1113352
1113645
1113819
1113856
1115067
1115415
1115939
1116587
1116840
1119712
1120736
1120799
1121072
1121183
1121384
1121597
1122433
1124305
1124356
1131965
1133555
1134243
1138368
1139357
1149164
1149491
1149541
1150453
1150694
1150728
1151012
1151020
1151709
1151882
1151893
1151895
1152103
1152111
1152207
1152535
1152694
1153136
1153989
1154091
1154182
1154661
1154800
1154945
1155017
1155363
1155602
1156769
1157017
1157333
1157537
1157557
1157947
1158085
1158216
1158469
1158518
1158614
1158986
1159082
1159100
1159132
1159223
1159268
1159554
1159583
1159958
1160216
1160717
1160893
1161081
1161406
1161479
1162167
1162193
1162683
1162691
1163145
1163180
1163442
1163683
1163690
1163691
1163746
1163901
1164065
1164184
1164616
1164639
1164916
1164942
1165368
1165777
1165951
1166138
1166747
1166842
1166843
1166868
1167207
1167617
1167880
1168051
1168111
1168259
1168550
1168767
1169210
1169656
1169666
1170059
1170295
1170752
1170775
1171152
1171241
1171502
1171591
1172145
1172178
1172498
1172744
1172823
1174145
1174277
1174484
1174871
1175006
1175527
1176297
1176390
1176435
1176543
1176570
1176668
1176702
1177120
1177137
1177294
1177587
1177744
1177828
1177944
1178133
1178539
1178902
1178922
1179385
1179522
1179555
1179640
1180278
1180306
1180731
1180862
1180978
1181201
1181547
1181655
1181716
1182225
1183011
1183451
1184199
1184695
1185189
1185280
1185343
1186493
1187534
1188282
1188579
1188877
1188909
1189216
1189254
1189494
1189897
1189972
1190400
1191051
1191106
1191484
1191727
1191737
1191758
1191856
1192334
1192664
1193422
1193813
1193925
1195165
1195393
1195916
1195917
1196031
1196055
1196227
1196398
1196540
1196633
1196711
1197029
1197263
1197437
1197850
1197957
1198341
1198352
1198565
1198788
1198815
1198934
1199267
1199687
1199905
1199933
1200229
1200272
1200297
1201735
1201800
1201947
1202105
1202494
1202770
1202978
1203072
1203306
1203307
1203562
1203609
1203695
1204127
1204202
1204318
1204382
1204480
1204589
1204918
1205434
1205519
1205586
1206265
1206635
1207004
1207201
1207468
1207721
1208003
1208170
1208918
1208978
1209189
1209254
1209383
1209542
1209843
1209984
1210145
1210646
1210758
1210893
1211054
1211308
1211924
1212318
1212485
1212539
1213074
1213312
1213495
1213517
1214423
1214425
1214465
1214543
1214748
1215775
1215808
1215832
1216000
1216164
1216244
1216535
1216554
1216816
1217273
1217691
1217828
1218049
1218083
1218239
1218364
1218594
1218664
1218794
1218965
1219326
1219661
1220033
1220283
1220840
1221122
1221189
1221464
1221561
1221607
1221673
1221676
1222254
1223638
1224008
1224030
1225176
1225265
1225904
1225976
1226038
1226719
1226959
1227145
1227224
1227849
1228135
1228184
1229161
1229386
1229708
1230137
1230877
1231035
1231267
1231467
1231887
1232001
1232187
1232316
1232568
1232890
1233360
1233472
1233983
1234287
1234374
1234579
1234753
1234806
1234881
1234974
1235011
1235123
1235206
1235378
1235578
1235638
1235780
1235941
1235962
1236038
1236222
1236335
1236516
1236675
1236696
1236845
1237165
1237221
1237641
1237661
1237802
1238124
1238217
1238615
1239050
1239396
1239422
1239591
1240056
1240396
1240402
1240419
1240460
1240554
1240703
1240791
1240903
1240909
1240944
1241312
1241616
1241765
1241918
1242175
1242252
1242370
1242789
1242992
1243418
1244683
1244869
1244961
1245108
1245373
1245438
1245778
1246258
1246283
1246383
1246482
1246576
