101024
106261
107536
109310
111320
119781
135206
141519
143739
144223
148673
149358
152189
152456
156003
156305
167416
168797
170455
172457
173068
173576
175030
175261
176583
178316
179122
181186
192454
193219
201704
209038
211249
215571
217341
221808
227293
235302
240997
241262
252829
259005
272184
285727
286241
288540
293868
297198
301840
309113
313574
314289
315486
318521
319861
319952
335616
338862
339726
344568
347676
347996
348780
349205
350268
351599
351983
353173
355952
357492
358452
361328
362221
366496
366546
371503
382344
388401
389056
391490
392865
396903
399636
400827
411990
414915
415543
415846
417703
419573
419686
420381
421188
422146
422630
425791
427662
429896
433359
436727
438276
440651
442282
442907
443106
446067
446458
448223
448379
450559
452481
452612
457331
460608
461473
462236
472574
474380
483240
485986
491581
494743
496594
500027
512350
513037
513229
516054
526524
533350
536673
536854
537265
558155
558271
562023
565621
568169
570376
572243
572727
577372
579243
583577
585878
588525
599293
601435
602068
603349
603359
603945
604033
607285
608203
609082
610554
613217
621412
641965
652009
656898
678109
700038
705311
716465
718423
731697
731766
734827
750068
754771
758819
763902
773804
777174
779518
787888
793305
799725
817236
818420
821181
825962
827055
832733
847272
865739
867749
871327
872909
872971
881068
882245
911537
917073
924203
930557
936719
939722
940103
945725
949243
956686
958304
961337
963942
968904
970623
975452
975746
979173
979326
985249
990348
996306
997744
1010794
1011380
1017070
1017612
1020586
1021980
1023000
1027974
1042966
1043904
1044697
1054303
1061702
1063103
1064451
1066878
1067387
1068463
1071032
1071370
1074510
1075171
1077788
1089611
1101074
1110165
1110735
1113184
1120700
1121044
1152913
1155422
1163559
1170504
1170738
1174792
1185863
1188024
1188127
1188239
1189196
1190770
1198151
1202478
1204460
1205694
1206752
1211070
1213152
1214469
1216002
1216011
1219134
1220333
1221526
1226895
1230138
1235172
1237467
1245656
