100034
101374
111737
115588
116737
117805
132253
150817
156490
156805
157172
163810
166154
174458
197939
235596
251654
255116
275401
280156
280686
280766
281256
281269
282934
284052
285587
288842
292531
298742
298935
302709
303169
305516
310668
310920
313112
313291
313520
314228
314647
315631
318075
318269
319870
325124
326485
328376
328781
329649
331420
331498
332286
333496
333729
334919
339356
339428
339456
339675
342666
344220
344483
344587
345803
349219
349465
349530
350768
352623
353744
354401
355809
355838
356791
356945
357500
366974
368544
369924
373230
373743
376177
376658
376802
378542
378893
379272
379890
381555
381832
382947
384139
384386
384443
385378
385630
386618
386890
387459
390427
391139
391437
393980
394148
394646
394947
396547
397673
398225
399356
403181
403445
403914
404358
404827
405368
407099
408382
408811
409846
410921
412503
412572
416984
417564
418986
419062
421558
422053
422118
422497
423302
424345
424543
426341
428547
428793
428978
429748
430521
430778
431142
433003
434197
437142
440971
442821
443552
444143
445108
445207
445370
447204
448354
448585
448779
451129
451794
452895
454794
455248
460754
460889
460955
461110
462598
463550
463969
464086
464835
465110
465513
465771
466184
466214
466384
466862
466895
466934
468749
474006
474302
474401
474699
476646
476702
477520
478470
478609
478853
479346
480562
481859
482562
482740
482827
483143
483469
483767
484120
484505
484507
484669
485495
485938
488635
488638
488933
489485
490577
491523
491536
491709
491744
492348
492634
492650
493366
496891
497131
497711
498969
502383
503989
504317
506129
507317
507869
508101
508399
509218
510225
510875
511013
511653
512450
514476
514697
515047
515602
516301
516505
517784
518436
519137
519261
520752
520978
521837
522267
523212
523586
523687
523822
524084
526900
527437
528848
529761
530419
530730
530805
530814
530862
531729
532306
533584
533587
533789
535237
535243
535249
535895
537872
537996
538349
538851
539446
539595
540226
540268
540798
541016
541689
544203
544399
544498
544959
546628
546634
546750
546857
548830
549634
551074
551098
552282
552846
553730
554157
554234
554667
555013
555653
556062
556657
556927
557636
558424
558641
559661
560139
560724
561082
561468
563483
564060
564430
565138
565526
566090
566531
567311
568454
568591
568863
570060
570069
570299
570691
572123
574696
575740
575782
575827
576692
576920
576975
578147
578365
579132
579165
580132
580153
580695
581812
582381
582421
582604
582622
582842
583156
583933
584471
585524
586288
586977
587069
587093
587703
587965
588498
588946
588965
589526
590478
590488
590914
591473
591679
591897
592647
594286
595399
596222
597149
597790
598394
598623
598899
600064
600365
600407
600624
600659
600682
601965
602293
602580
602649
602814
603066
605207
606762
607393
607833
608176
609205
609497
609861
610403
611332
612518
612824
612915
613237
613405
613452
614173
614286
615164
615725
615774
616355
616425
618438
619942
620532
621060
622758
622782
623200
624519
624828
624871
625131
625376
625483
626162
626163
626293
626343
626395
626452
664828
665395
665787
667914
669327
673209
674374
674700
677165
681537
686041
686919
687176
687466
689103
691791
691998
692908
700437
705196
711253
711515
712438
712477
715453
716095
716317
716325
716869
717196
719359
731874
734639
734911
737667
737702
738717
739856
739860
740709
740735
741484
741709
742338
742796
743017
747169
747908
748021
748448
755092
755143
756311
756582
756770
757740
758362
759265
760414
761107
761277
762882
764100
769158
769710
772616
773124
776007
776250
777555
778982
779663
779732
780007
794690
794701
795345
819859
827072
828186
830062
830308
832718
834283
834357
838066
839184
842634
844497
844536
844575
845601
845639
854407
860385
863192
864534
865871
866215
867539
867567
868830
869328
869888
870293
871314
871654
871765
872222
872953
873063
873625
874603
875601
876692
877727
878592
878894
880102
881614
881978
885525
887975
888449
889070
889264
889954
890147
890211
890399
890907
892622
893116
893132
894249
894344
895588
895812
896367
896797
897112
899949
901313
901985
902546
902666
902966
903300
903640
905482
906151
907866
908051
908659
908701
910274
910334
911071
911241
911600
912051
917490
917561
917580
918133
918302
920328
922200
922899
925187
926215
928829
928890
930679
930843
931283
931432
932374
933026
933161
934224
935624
937357
938243
947310
948247
949568
950711
950781
950786
950817
951012
951420
953681
954028
954690
954984
955263
957354
957813
958408
958470
958821
961140
961949
962202
963585
963873
964536
965172
965417
965637
965907
967160
968700
969099
970021
971143
971686
971803
972627
972883
973272
973691
974102
974216
974286
974417
976383
977130
977946
979705
979743
981322
981401
984494
984812
985590
985986
987792
988859
989025
989033
989145
989279
990145
990490
990538
991720
992218
992699
995076
995709
996278
997149
997717
997822
997881
999259
999970
1000475
1000560
1001810
1003498
1003499
1003668
1004253
1005523
1005776
1005793
1006578
1007022
1008663
1009010
1011466
1011522
1011602
1012250
1012296
1013224
1013535
1014384
1014685
1015634
1015669
1016570
1016624
1018183
1018623
1020488
1022090
1023819
1024148
1025017
1025285
1027646
1027715
1028864
1029676
1032078
1033466
1033795
1034683
1034684
1035023
1036553
1037084
1037190
1037370
1037482
1037646
1038860
1039138
1039954
1040323
1040415
1041119
1042285
1044189
1044423
1046200
1046322
1046422
1046906
1047955
1048276
1048846
1048849
1049071
1049313
1049835
1050089
1050999
1051361
1052503
1053227
1053328
1053469
1054006
1054709
1054887
1058036
1058611
1059665
1060608
1060752
1061200
1061588
1061637
1062112
1062852
1063390
1063729
1063767
1063883
1065175
1065332
1066859
1067295
1068268
1069071
1069144
1070069
1070572
1071450
1071986
1073917
1074210
1075948
1077077
1077089
1080578
1081650
1083883
1084345
1084492
1085236
1086014
1087105
1088150
1088671
1089306
1089775
1089824
1090258
1092742
1093043
1097881
1098455
1099592
1099947
1100334
1100772
1101445
1101768
1103098
1104105
1104563
1104744
1105168
1105519
1105632
1106260
1107448
1107968
1108055
1108350
1109301
1109302
1110423
1110941
1111461
1112194
1115729
1115939
1117552
1120037
1120799
1121072
1121094
1121824
1122125
1122369
1123076
1125216
1125505
1133552
1135820
1139380
1149478
1150209
1150294
1151059
1151143
1151413
1151882
1152014
1153136
1154685
1157557
1158085
1158216
1158305
1158336
1158369
1158947
1159100
1160216
1160568
1160772
1160869
1161081
1162156
1162320
1162378
1163180
1163442
1163514
1164320
1164639
1165483
1166138
1166148
1166397
1166426
1166534
1166747
1166865
1167164
1167988
1168259
1168320
1168334
1169210
1170642
1170775
1171222
1171871
1172062
1172598
1172790
1173969
1175274
1176580
1177872
1178029
1178150
1178332
1178842
1179263
1179385
1180636
1181566
1181716
1181968
1182149
1182202
1182692
1183766
1185643
1187943
1188458
1188682
1189171
1189420
1191605
1191727
1192299
1193320
1193605
1193606
1195266
1195917
1196346
1196398
1196697
1196921
1197149
1197414
1197957
1198602
1199229
1200839
1201065
1201085
1201800
1202485
1202494
1202555
1202768
1203042
1203541
1203557
1203711
1205586
1207163
1207370
1207885
1208292
1208418
1208947
1209189
1209383
1211924
1212304
1212370
1212674
1213074
1214239
1214302
1214425
1214543
1214860
1215448
1215707
1216905
1217916
1218364
1218560
1218664
1218676
1219125
1219925
1220617
1221274
1221377
1223728
1224008
1225265
1225800
1225948
1226719
1227145
1227191
1227224
1228097
1228130
1228206
1228789
1229161
1229524
1230067
1231035
1231887
1232057
1232187
1232358
1233149
1233160
1234157
1234287
1234374
1234579
1234862
1235962
1236516
1236675
1236968
1237545
1237605
1237777
1238501
1239050
1239448
1239801
1240402
1241171
1241312
1242017
1242689
1244683
1245019
1245402
1246486
1246576
