100194
100351
100615
100942
101105
101205
101532
101687
101763
101775
101998
102375
102647
102917
103218
103344
103814
103922
104231
104345
104870
105649
106150
106232
106500
106748
107030
107250
107844
107936
108294
108805
108875
108927
108938
109054
109572
109615
109665
109730
109765
109828
110071
110196
110731
110899
111432
111737
111828
111939
112041
112044
112059
112570
112768
112841
112979
113109
113297
113376
113487
113797
113875
114666
114730
114864
115511
115559
116517
116566
116969
117086
117667
117805
117934
118229
118478
118554
118606
119310
119803
120021
120055
120248
120331
120404
120461
120734
120927
120981
121128
121147
121672
121730
122370
122900
122918
123035
123517
123777
124069
124464
124681
124955
125407
125615
125640
125664
126367
126875
127376
127538
127760
127790
128083
128167
128265
128568
128703
129151
129409
130019
130181
130366
130464
130532
130571
130640
130799
131263
131403
131554
131834
132014
132045
132253
132260
132519
132622
132739
132936
133070
133113
133755
133892
134146
134473
134483
134631
134691
134917
136486
136646
136688
136996
137308
137310
137464
137677
138118
138325
138510
139002
139288
140093
140121
140167
140234
140387
140427
141207
141601
141636
141642
141664
141778
141815
142066
143121
143238
143322
144465
144811
145004
145467
145478
145566
146032
146208
146314
146452
146720
147052
147410
147480
147896
148374
148775
148963
149020
149318
149356
149601
149886
149963
150221
150393
151126
151702
151806
152266
152590
152992
153534
153656
153673
153848
154084
154248
154300
154386
154474
154486
154931
154953
155063
155211
155907
156096
156490
156491
156578
156634
156644
156705
157011
157047
157267
157314
157427
157663
157796
157893
158300
158513
158554
160153
160270
160378
160429
160595
161105
161674
162158
162167
162585
162606
162754
163332
163523
163869
163934
163984
164050
164231
164308
164453
164508
164593
165344
165402
165550
166603
167002
167298
168285
168983
170320
170515
170729
170782
171152
171396
171664
171740
171795
171799
172305
172406
172576
172838
173319
173410
173876
174525
174578
174585
174617
174735
175168
175203
175450
175869
176216
176549
176750
176862
177738
177933
178797
178829
179101
179325
179416
179586
179604
179724
179727
179988
180230
180707
180952
181027
181114
181642
182377
182406
182809
183398
183672
184045
184070
184841
184904
184920
185297
186337
187833
188478
188482
188513
188558
188588
188938
188982
189043
189157
189419
189769
189855
190168
190261
190629
190900
191304
191307
191561
191681
191747
191857
191954
192556
192562
192765
193871
195024
195197
195200
195241
195864
196083
196232
196822
196976
197219
197421
198355
198410
198443
198617
198674
198805
199278
199323
199576
199673
199911
199984
200047
200111
200156
200355
200391
200513
200898
201127
201250
201396
201413
201800
202124
202350
202409
202754
203088
203368
203487
204013
204037
204068
204328
204400
204827
204947
205109
205166
205764
206123
207001
207233
208231
208744
209055
209276
209608
209659
210355
210653
210761
210939
211111
211149
211672
211752
212139
213211
214162
214182
214463
214517
215374
215782
215849
216555
217310
218299
218431
219803
219957
220021
220023
220278
220306
221327
221843
223641
223774
224262
224522
224646
225358
226086
226924
226985
227142
227452
227626
227628
227677
228477
228856
229076
230440
231351
231418
231629
231687
231893
232696
233174
233415
233569
234320
234380
234495
234661
234800
234901
235223
235297
235527
236544
236612
236748
237023
237374
237437
238365
238743
238881
239129
239412
239503
239835
239844
240151
240479
240484
240504
240562
241017
241230
241673
242033
242143
242232
242618
242658
243136
243484
244101
244550
244680
244827
245076
245092
245887
247304
247732
247822
247851
247885
248242
248887
248962
249382
249865
249926
249934
250153
250204
250397
250456
250535
251002
251114
251477
251708
252366
252444
252507
252704
253171
253781
254395
254813
255304
256503
257024
257995
258061
258382
258523
259132
259143
259329
259381
260118
261384
261502
261517
261918
262161
262427
262440
262442
262444
262919
264004
264151
264172
264303
264526
264552
264567
264832
265111
265244
265630
265739
266265
266488
266879
266917
266994
266995
267030
267391
267956
268854
268921
269492
269558
269603
269982
270220
270349
270370
270380
270517
270927
271256
271265
271497
272307
273002
273229
273854
273864
274132
274176
274199
274467
274894
275025
276094
276151
276275
276372
276396
276634
276951
277301
277744
278259
278275
278593
278811
278869
279676
279756
279798
279941
280156
280693
280868
280880
280994
281031
281256
281377
281555
281832
281988
282500
283278
284207
284600
284980
284995
285430
285626
285828
286161
286228
286429
286476
286554
286667
286753
286769
286890
286903
287308
287608
287842
288051
288098
288213
288348
288466
288642
288685
288782
288795
288842
289246
289682
290337
290835
291022
291564
291986
292347
292493
293607
293965
294115
294156
294360
294576
294943
294965
295048
295084
295086
295124
295787
295879
296038
296181
296219
296286
296343
296604
296832
297113
297341
297354
297442
297711
298450
298473
298688
298935
299083
299248
299388
299397
299505
300839
301402
302471
302709
303213
303422
303546
303696
304157
304445
305242
305264
305678
306030
306257
306917
307210
307299
308063
308169
308170
308273
308334
308467
308966
308992
309153
309445
310155
310170
310528
310619
310702
310920
311906
312163
312569
313130
313674
313887
313976
314138
314228
314666
314790
315397
315504
315508
315746
315897
316209
316303
316368
316981
317038
317424
317571
317586
320242
321030
321120
321172
321330
321353
321909
322061
322387
323540
323804
323920
324071
324206
324352
324664
325208
325239
325309
325450
326292
327351
327358
327874
328019
328952
329014
329392
329769
329819
329867
330069
330084
330679
331214
332348
332635
332788
333067
333530
333674
333729
333809
333924
334468
334874
335156
335737
335763
335918
336247
336312
337353
337452
337538
337592
337607
337665
337743
338042
338288
338631
339428
339445
339456
339464
339524
340187
340253
340652
341101
341102
341341
341866
341989
342130
342442
342688
342712
343312
343449
343805
343979
344106
344129
344157
344298
344702
344970
345337
345369
345624
345837
346289
346406
347476
348085
348215
348948
348997
349380
349622
350143
350354
350390
350887
350965
351040
351525
352108
352671
352928
353299
353509
354818
355050
355203
355508
355838
355942
356448
356791
356945
357354
357620
358181
358331
358338
358390
358760
358869
359005
359007
359175
359909
360626
361281
361384
361488
361977
363093
364137
364367
364804
365174
365986
366033
366052
366241
366593
368080
368495
368517
368561
369123
369205
369390
369391
369624
369654
369666
369932
370216
370417
370568
370988
371342
371498
371519
371575
372709
372751
372779
372863
373230
373710
373747
374205
374337
374511
374677
375104
375535
375657
375791
375949
375986
376043
376173
376277
376377
376513
376741
376854
377790
379043
380054
380150
380333
380539
380551
380689
380881
381310
381313
381774
381797
382500
382663
383103
383294
384238
384386
384801
384893
385337
385430
385630
385979
386301
386709
387239
387459
387572
387660
387836
387857
388905
389207
389285
389385
389496
389597
389609
389709
389888
390039
391033
391139
391197
391277
392706
392833
392959
392990
393462
393650
393703
394026
394121
394165
394646
394741
394832
395636
395989
396004
396088
397272
397295
397673
399691
400662
400788
400992
401082
401272
402637
402831
403445
403598
403759
404347
405626
406484
407241
407250
407307
408547
408953
409197
410330
410397
410425
410812
410856
411438
411452
411672
412252
412481
413192
413540
414193
415088
415122
415562
416537
416555
416623
416890
416925
417444
417954
417976
418403
418551
419033
419062
419307
419368
419473
420016
420269
420529
420751
420953
421137
421348
421381
421909
422197
422261
422670
422871
423459
423953
424321
424345
424597
424857
425001
425149
425276
425686
425951
425954
426406
426430
426511
427096
427250
427737
428202
428345
428793
428875
429163
429537
429595
430278
430438
431547
431592
431819
432305
432898
432995
433296
434481
434499
434667
434798
435178
435521
435733
436127
436333
436802
436986
437007
437624
437974
438114
439034
439081
439115
440125
440641
440725
440809
441047
441344
441987
442103
442113
443015
443923
444052
444143
444398
444743
444803
445207
445481
445614
446043
446438
446878
447143
447204
447321
447795
448108
448585
448590
448792
448886
449166
449358
449596
449743
450011
450052
450463
450524
450548
450658
451129
451156
451646
451669
452028
452168
452331
452588
452878
453193
453627
453702
453834
454083
454155
454219
454609
454794
455312
455425
456059
456270
456892
457399
457692
457865
458398
458692
458746
458921
459380
459432
460017
460089
460228
460243
460711
460889
460915
461611
461624
461997
462635
462697
463253
463457
463507
463969
464167
464243
464331
464404
464473
464781
464835
464842
464928
465004
465158
465308
465370
465771
466468
466493
467113
467169
467407
467853
468216
468288
468467
468745
468749
468837
469049
469298
469896
470042
470271
470752
470805
471529
471874
473077
473693
473831
474006
474442
474598
474699
474850
475440
476566
476652
476721
477001
477056
477413
477436
477520
477616
477692
477841
478065
478155
478470
478556
478639
478840
478858
479474
479504
479797
479921
480223
480366
480562
480899
481424
482021
482352
482512
482740
483002
483143
483258
483502
483533
483688
483786
484269
484507
484879
485052
485071
485101
485384
485421
485938
486075
486210
488580
489316
489886
489993
490090
490190
490858
490888
491179
491256
491767
492580
493713
493984
495409
495617
495625
496563
496860
497798
497985
498022
498489
498529
499532
499712
499840
500078
500206
500566
500694
500915
501817
501835
502556
502688
503073
503202
503829
503865
504538
505071
505779
506019
506256
506588
506632
507317
507844
507875
508075
508093
508101
508560
508797
508877
509527
509824
510060
510153
510208
510699
510710
511024
511129
511228
511653
511747
511792
512147
512483
513469
514044
514478
514513
514562
515368
515602
515778
516402
516505
516560
517641
517711
517918
518130
518300
518488
518714
518762
518800
519137
519261
519362
519452
519885
520041
520056
520099
520531
520727
521161
521191
521598
521885
522140
522260
522268
522471
522769
523273
523346
523480
523515
523694
523822
523844
524087
524165
524222
524542
524668
525659
525672
525815
526399
526488
526693
526887
526900
526976
527677
527838
528008
528415
528700
528757
528811
528917
529037
529241
530131
530133
530240
530327
530416
530944
531053
531831
532306
532334
532337
532364
532369
532387
532690
533279
533584
533587
534226
534548
535047
535088
535249
535745
535895
535916
535929
536074
536398
537573
538133
538286
538673
539054
539813
540247
540732
540788
540798
540994
541016
541417
541433
542397
542426
542513
542530
543323
543375
543558
543869
544149
544364
545598
545865
545984
546453
546706
546857
546948
547162
547482
547578
547665
548075
548285
548326
548624
548780
549005
549038
549049
549392
549705
549950
550117
550155
550156
550227
550372
550387
550799
551098
551221
551446
552703
552778
552824
552846
553478
554079
554199
554607
554667
555013
555618
555714
555797
555981
556024
556062
556301
556852
556943
557170
557270
557344
557428
557636
557708
558446
558639
558934
560139
560324
560373
562434
562758
563379
563600
563641
563748
563868
564071
564233
564738
565223
565366
565546
565740
566339
566360
566531
566585
567321
567498
567581
567971
568132
568646
568859
570060
570691
570702
570803
571913
571960
572165
572285
572483
572688
572850
573223
573488
573519
573956
574225
574634
574649
574941
575218
575459
575557
576380
576981
577441
577925
578038
578147
578301
579001
579353
579429
579539
579553
579893
580123
580153
580256
581328
581633
582622
583156
583460
583553
584082
584126
584381
584447
584495
585153
585186
586233
586680
587093
588423
588498
588699
588849
589121
589325
589425
591431
591897
592024
592157
592214
592631
592647
592824
593091
594027
594114
594278
594535
595037
595043
595077
595081
596052
596217
596289
597071
597464
597545
598391
598520
598832
598989
599279
599725
599727
600388
600449
600467
600505
600705
600867
601544
601732
601900
601940
601992
601994
602247
602481
602580
602649
602814
602997
604098
604276
604625
604947
605153
605207
605261
605319
605523
606450
607393
607784
608228
608289
608303
608651
609104
609205
609497
610196
610441
611673
612288
612824
613206
613237
614102
615217
615263
615774
615898
616278
616425
616689
616924
617055
617315
618453
618550
619369
619452
619942
620083
621060
621108
621175
621358
621645
622174
622371
622396
622410
622481
623261
623370
623440
624033
624147
624483
624891
625091
625292
625590
626335
626547
626865
632286
632799
633165
634535
641006
642259
642835
645406
645491
647845
648052
651586
652268
652309
653387
654955
655399
656266
657021
657257
657959
658355
661812
664576
666512
668724
668785
669327
670255
671878
672998
673938
674245
678400
679163
680679
681566
682209
685675
687466
690904
692658
695753
696120
696916
697228
697448
697825
699477
700210
700437
704043
704970
705461
711135
711253
714833
715341
715453
715919
716095
716317
716325
716537
717413
717621
718449
719763
720705
721265
721306
723615
724769
725594
726503
728652
729727
731154
731930
732484
733249
733680
733909
734723
735292
735711
738639
738892
739860
739868
739929
740325
741769
742857
744582
745257
745339
745446
746930
747609
748914
751640
752577
752912
754409
755525
756073
756895
757634
759771
760294
761107
761912
762412
763217
763292
764017
764102
764186
764703
765409
765847
766837
767197
768034
768527
770844
771204
771711
771876
772456
773493
773805
774150
776007
778698
779524
779784
780125
780709
784065
784079
784400
784577
785654
787610
787614
787826
788170
790432
790583
790704
794611
794671
794690
795208
795480
797139
798464
798831
798943
801016
801937
802579
804391
804528
805433
805459
805522
806299
806452
806597
808622
808909
810351
810858
811849
811998
814206
815145
815803
816656
817773
818643
819033
819320
819522
821526
822437
823709
824151
824247
825168
825189
825755
826642
827281
827410
827637
827684
828186
828612
828865
830201
831439
831640
832073
832721
833186
835212
836499
836821
836966
837740
837831
838190
838634
839184
841934
843188
843577
844279
845834
847660
847693
849398
849883
854407
863109
863192
863448
863705
864313
864534
864748
864774
865625
865871
866495
867332
867784
868830
869075
869078
869726
869865
870316
871314
871913
872009
872031
872139
873567
873625
873712
873816
874415
875023
875200
875487
876768
877238
877973
878063
878894
879040
879068
879726
880018
880099
880102
880837
881389
881662
881754
882335
883094
883193
884582
885525
885886
886926
887891
889264
889462
889614
890216
890276
890399
890754
891069
891917
892312
893080
893132
893950
894273
895765
895812
896144
896272
896292
896406
896576
897112
897154
897203
898384
899176
899200
899419
899503
899574
899601
899725
899733
899788
899949
900204
901075
901144
901658
901660
901721
901879
902580
903493
903506
903640
904149
904661
904958
904975
905130
905482
906338
906775
907235
907248
907465
907616
907710
908239
908561
910334
910386
910412
910611
911192
911318
911353
911475
911632
911967
912261
912284
912398
912460
912610
912949
913363
913528
914699
915084
915181
915686
916607
917021
917858
918439
919345
922347
922746
923784
923982
924298
925584
928931
929267
929968
930308
931403
932199
933050
933077
933827
933865
934189
934626
935434
935878
935917
936316
937549
937658
939408
940391
943941
944871
945336
946483
947705
947721
948321
948522
948719
948825
948861
949334
949491
950274
950781
951964
951994
953511
953681
953733
953767
953991
954307
955120
955150
955533
956307
956341
957231
957469
958406
958708
958821
959463
959654
959856
961048
963215
963523
963608
963615
963689
964536
964558
964919
965032
965265
965726
965732
965787
966233
966445
968348
968493
968846
969250
969925
970215
970438
970654
970748
970916
971143
971363
971992
972462
972506
972595
973330
973987
975292
975853
975897
976245
978552
979506
979705
980431
981371
983244
983287
983313
983606
984204
984430
985407
985584
985590
986037
986779
987107
987226
987563
988051
988368
988692
989182
989289
989394
990979
991497
991727
992661
993844
994299
994453
994488
995068
995709
995860
996264
997051
997149
997163
997822
998545
998649
999415
999588
999728
999796
1000572
1001002
1001274
1001746
1001919
1002608
1003959
1005793
1005938
1006344
1006767
1007975
1009010
1009030
1010123
1010143
1010274
1010546
1011392
1012296
1012481
1012941
1013519
1013535
1014033
1014685
1015129
1015669
1015959
1016343
1017324
1017619
1018363
1019039
1019250
1019603
1020121
1020503
1021208
1022283
1022740
1024511
1025017
1025065
1025962
1026225
1027704
1027715
1028864
1030053
1030140
1030310
1030391
1032314
1033136
1033289
1033300
1033454
1033774
1034094
1035211
1036197
1036212
1036517
1037084
1037190
1037291
1037716
1037769
1038025
1038069
1038540
1040260
1040923
1042374
1042524
1042827
1043027
1043083
1044655
1044805
1044945
1045120
1046018
1046665
1046906
1047587
1047723
1047905
1048334
1048509
1049835
1050031
1050811
1051160
1052000
1052176
1053328
1053632
1054006
1054084
1054186
1054205
1054285
1054887
1054914
1055988
1056066
1056118
1056623
1056892
1057085
1057206
1057476
1057862
1058591
1058749
1059172
1059459
1059920
1059954
1061106
1061200
1061317
1061637
1061707
1061717
1062043
1062784
1062852
1063037
1063076
1063364
1063632
1063767
1063971
1064097
1064103
1064162
1064304
1064750
1065332
1066192
1066512
1066548
1067245
1067295
1068268
1068786
1068889
1069116
1069964
1070388
1071116
1071706
1071986
1072489
1072676
1072779
1073371
1073619
1074445
1074731
1075029
1075341
1075542
1076586
1076717
1077474
1077708
1077982
1078607
1078872
1079799
1079952
1080102
1080244
1080987
1081650
1082751
1083396
1083441
1083529
1083655
1083753
1083883
1085199
1085495
1086766
1087105
1089040
1090181
1091025
1091502
1092292
1093004
1095891
1096242
1097548
1097825
1097881
1098325
1098547
1098836
1099359
1099624
1099677
1100398
1100448
1101214
1101837
1102306
1102687
1102756
1103098
1103111
1103434
1103450
1105519
1105858
1106966
1106981
1107311
1108114
1109186
1109302
1109458
1110178
1110941
1111590
1112419
1113288
1114355
1114432
1115067
1115415
1115520
1115782
1115900
1115939
1119605
1120667
1121072
1121384
1124356
1128460
1132309
1133574
1150209
1150728
1151020
1152325
1155827
1157017
1157557
1157947
1158216
1158336
1158446
1159268
1160717
1160772
1161081
1161088
1161487
1161856
1162191
1163180
1163442
1163690
1163691
1163746
1163962
1164586
1164639
1164676
1165070
1166138
1166148
1166395
1166865
1167207
1167570
1167989
1168051
1168111
1168259
1168320
1168442
1168652
1168767
1169281
1169666
1171066
1171370
1171591
1172011
1172049
1172616
1172787
1172856
1172900
1173505
1175442
1176893
1176955
1177137
1177175
1178332
1178337
1178388
1178902
1179385
1180455
1180756
1181170
1181655
1182381
1182802
1183011
1183137
1184128
1184263
1185071
1185744
1185954
1186493
1187405
1187529
1187832
1188282
1189171
1189420
1189972
1190153
1190768
1191135
1191759
1191955
1192664
1193813
1194276
1195393
1195699
1195916
1196227
1196280
1196346
1196633
1196711
1197850
1198352
1198803
1198815
1199229
1199267
1199738
1199866
1199905
1200584
1200983
1201800
1202494
1202592
1202706
1202768
1202978
1203541
1203926
1204127
1204414
1205586
1205666
1206265
1206278
1207037
1208591
1209662
1210145
1210531
1211165
1211308
1211406
1213082
1213495
1213768
1214116
1214331
1214477
1214762
1215438
1215572
1216244
1216334
1216869
1218083
1218259
1218585
1218594
1218676
1218881
1220142
1220313
1220617
1221189
1221274
1221464
1224008
1224156
1224381
1225683
1225976
1226863
1227145
1228789
1229161
1229524
1229819
1231035
1232187
1232575
1233005
1233149
1233167
1233472
1234056
1234306
1234862
1234865
1234895
1235378
1235670
1235780
1235941
1236406
1236459
1236516
1236675
1236840
1237545
1237802
1237940
1238124
1238217
1238572
1239141
1239591
1239872
1239963
1240402
1240791
1240923
1241616
1241825
1242252
1242367
1242689
1243105
1243407
1243476
1243498
1244683
1244869
1245083
1245402
1245438
1246586
