100202
100942
101105
101185
102509
102647
102861
103344
104293
105377
105431
105649
105769
106150
106203
106982
108510
108526
108765
108805
108875
108938
109498
109538
109730
110062
110487
110499
110899
111038
111432
111737
111996
112041
112044
112161
112979
113036
113376
113425
113487
113725
113875
114694
114995
115526
116290
116969
117667
117912
117934
118229
118414
118478
119510
119675
120331
120461
121107
121128
121437
121672
122130
122235
122433
122503
123035
123294
123777
123801
123949
124575
124681
125124
125407
126035
126601
127136
127319
127376
127569
127760
127790
127960
128265
128643
129151
129289
129390
130300
130366
130464
130700
130769
131015
131208
131263
131514
131823
131834
132936
133070
133113
133259
133892
134631
136832
137090
137955
137982
138058
139038
139833
140183
140387
140911
141312
141332
141642
142659
143501
145147
145436
145467
145478
145827
145875
146032
146110
146175
146208
146246
146298
146554
146559
147410
147432
147984
148851
148870
149020
149172
149886
149963
150269
150817
150865
151216
151873
152792
153534
153850
153899
153963
154737
154953
155563
155913
156086
156121
156491
156634
156644
156998
157047
157267
157497
159082
160378
160892
160952
161206
161377
161415
161425
161482
162167
162284
162402
163810
163934
163936
164453
165076
165344
165402
165710
166516
166603
166799
167097
167209
167298
168024
168332
169206
169564
170102
170804
171090
171103
171711
171795
171799
171975
172305
172560
172663
173319
173528
174525
174585
174617
174648
175203
175673
176162
176549
177469
177767
177933
178786
178797
178807
178829
179113
179706
179727
180230
180338
180415
180557
180625
180952
180990
181624
181686
182297
182794
183878
184045
184791
184841
185156
185339
185798
186625
186748
187589
187833
187947
188537
188588
188705
189283
189419
189637
190174
191307
191472
192220
192455
192635
192647
193198
193575
193677
193696
193807
195200
195241
195791
195864
196232
197219
197297
197718
197892
197985
198410
198674
199285
199554
199673
199746
200366
200564
200726
203225
203487
203780
203819
204046
205731
205764
205800
205866
205996
207233
208744
208883
209033
209458
209659
209755
210060
210939
211044
211111
211149
211446
212413
212614
212891
212932
213487
214089
214182
214303
214517
214605
215374
215849
216646
217726
217779
218299
218431
219080
219957
220023
222403
222634
222676
222797
222847
223109
223493
223641
223836
224215
224522
225166
226064
226086
226537
226924
226927
227132
227267
227925
228319
231185
231266
232384
232696
234017
234140
234222
234320
234967
235297
236344
236843
237374
237582
237648
238040
238557
238743
238881
239503
240151
241230
241673
241902
241922
242064
242201
242206
242618
242868
243783
244049
245072
245092
245144
245493
245604
246853
247066
247704
247851
247956
247976
248210
248336
248648
248801
248884
249024
249449
249668
250456
251002
251477
252507
252890
252947
253107
253171
253466
253734
253749
254029
254144
254395
255031
255848
256993
258674
259544
259756
259795
260523
260525
260673
261082
261214
261384
261918
262086
262090
262442
262604
262963
263405
264205
265084
265244
265487
265739
266488
266879
267648
267775
267872
268251
268279
269529
269882
269982
270220
270341
270435
270915
271256
271668
271812
272341
272686
272970
273267
273537
274034
274204
274796
274836
274894
274953
275267
275294
275357
275401
275774
275978
276275
276485
276939
277476
278491
278763
278839
279152
279676
280081
280575
280693
280850
280880
280966
280970
281256
281274
282269
282311
282500
282802
283016
283171
283194
283278
284871
285090
285995
286104
286315
286321
287042
287131
287608
287831
288159
288213
288466
288685
288714
288782
288795
288842
289284
289307
290340
291344
291564
291806
291899
292885
292888
293164
293601
293965
293992
294115
294576
294969
295084
295265
296038
296181
296286
296604
296725
296766
297113
297431
297929
298041
298214
298450
298742
299083
299714
299907
300120
300145
300297
301402
302246
302471
302709
302864
302998
303546
303718
304012
304589
305264
305572
305678
306042
306257
306607
306638
307039
307173
307536
307595
307718
307921
308584
308745
308992
309153
309206
309563
309724
310133
310920
312256
312355
312566
312821
312856
313095
313327
313514
313520
313674
313976
314138
314234
314475
314813
315116
315247
315504
316209
316368
316412
316450
317211
317741
317870
318269
318322
318895
319024
319146
319484
320144
320316
321030
321172
321180
321672
321909
322207
322387
322776
324062
324403
324418
324953
325066
325309
326208
326497
326781
326787
326854
327874
328330
329364
329907
330312
330866
331214
331420
332432
332943
333391
333729
333899
334775
335036
335335
335544
335918
336035
336328
337309
338798
338947
339048
339428
339606
339846
339905
339977
340253
340311
341023
341101
341256
341341
341866
342422
342524
342546
342699
343312
343449
343754
344096
344106
345281
345467
346289
346333
347067
347476
347545
347715
348948
349049
349121
349878
350143
350769
350965
351013
351078
351686
351715
352108
352405
352939
353175
353509
353824
355661
355921
355942
356791
356945
357012
358032
358331
358393
358412
359007
360199
361047
361281
361404
361488
362611
363302
363786
364367
364641
364676
364804
364850
365174
365989
366244
366896
366974
367291
367524
367609
368495
369330
369391
369660
369854
369932
370278
371498
371575
371690
371751
371752
371866
371882
372104
372272
372524
372592
373230
373233
373743
373747
374485
374604
374708
375021
375108
375121
376147
376431
376484
376513
376741
376762
376854
377414
377599
377602
377607
377790
378412
378446
378563
378650
379152
380309
380403
380689
380881
381297
381452
381808
381915
382117
382334
382985
383170
383172
383585
384261
385735
386196
386680
386890
386939
387643
388222
388275
388315
388861
389207
389285
389725
389821
389853
389982
390199
391617
392706
393314
393353
394148
394811
395636
396831
397622
398211
398534
398935
399284
399352
400788
401082
401894
402120
402221
402612
402831
402886
403184
403445
403765
404374
404833
405239
405901
406037
406153
406595
406779
406989
407030
407134
408266
408382
408547
408811
409174
409352
410111
410425
410571
410581
410982
411304
411438
413183
413530
413547
413937
414193
414465
415088
416219
416537
416657
416890
417557
418965
419307
420269
420968
421137
421796
422261
423766
423935
425149
425455
425951
427096
427283
427779
428202
428418
428544
428816
428820
429092
429107
429719
429767
429973
430029
430438
430886
431547
432236
432995
433003
433174
433622
434234
434444
435091
436333
436587
436986
437884
438114
438169
439081
439115
439252
439261
439274
439310
439383
439714
440514
440622
440641
441047
442103
442885
444055
444143
444410
444678
445147
445207
445261
445370
445612
446043
446166
446438
446599
446750
446878
446979
447143
447317
447321
448486
449654
449743
450071
450205
450548
450776
451156
451628
451685
451717
452192
452645
452774
453193
453504
453547
454161
454785
455098
456059
456892
457930
458098
458835
458921
459345
459432
459802
459990
460099
460231
460523
460837
461571
461611
462727
463018
463488
464208
464331
464835
465066
465110
465127
465285
465370
465940
466214
466406
466468
466568
466690
466822
466895
467594
468467
468749
469360
469724
470065
470752
470774
470805
471672
472493
473077
473693
473831
474015
474401
474468
474521
474699
475419
475420
475601
475984
476436
477520
477808
477918
478155
478530
479042
479064
480361
480373
480899
482021
482352
482729
482740
483533
483688
484120
484135
484505
484604
484799
484914
485052
485647
485876
485938
486791
487514
487798
488635
488638
488781
488821
489263
489774
490029
490190
490277
490375
490898
491022
492002
492313
493372
493464
493984
494238
494444
494923
495304
495387
495424
495684
496238
496929
497651
497798
498199
498303
498495
498529
499303
499712
499732
500078
500205
500915
501153
501191
501613
501846
502006
503073
503525
503953
503982
504096
504488
504710
505338
506588
506632
506768
506972
507317
507563
507889
508067
508075
509386
509392
509547
510277
510386
510450
510635
510699
511024
511129
512440
512483
514227
515047
515329
515555
515788
516399
516402
516505
516711
516890
517640
517916
518130
518226
518341
518762
518800
518808
518871
519068
519327
519802
519872
519917
520041
520650
521161
521340
521377
521787
521837
521885
522699
522769
523013
523465
523515
523586
523602
523822
524408
524883
525073
525815
526471
526488
526587
526598
526727
526873
526900
526976
527437
527677
527764
527838
528008
528718
528757
528917
529602
529783
530127
530131
530327
530730
530805
530862
531372
531875
535174
535243
535929
536297
536487
536913
536971
537436
537723
538133
538955
539054
539289
539813
540247
540476
541016
541193
541286
541417
541433
541611
542536
542697
542752
543430
543558
543699
544950
545049
545598
545604
545877
546140
546192
546403
547635
547651
547665
548780
548967
549038
549049
549263
549392
550117
550387
550513
550584
550874
551001
551228
551551
551617
552846
552904
552998
553151
553790
553832
554079
554157
554673
554920
555013
555121
555727
555806
556062
557292
557620
557708
558182
558309
558934
558965
559504
559927
560724
560736
561750
562196
562339
562595
563386
563600
563641
563799
563868
564071
564110
564430
564592
564686
565138
566007
566360
567311
567321
567649
568132
568670
569912
570060
570723
571913
572123
572580
572651
572850
573223
573259
573519
573954
574409
574753
574855
574941
574988
575229
575287
575379
575826
576327
576380
576466
576831
577441
577469
577626
578179
578455
578526
578715
579001
579353
579539
580198
580256
580277
580773
581042
581916
582421
582604
582622
582842
583553
586233
586508
586977
588688
589121
589124
589322
589325
589526
589776
589952
590071
591902
592214
592510
592938
593200
593459
593782
593924
594027
594237
594535
594927
595081
595248
596052
596217
597464
597681
598679
598989
599245
599725
599766
600064
600143
600377
601110
601588
601965
602583
602997
603391
604451
604625
605261
605420
605523
605844
606290
606450
606741
607089
607393
607948
608653
608982
609104
609257
609497
609958
610931
611456
611967
612525
612824
614383
615217
615263
615774
615986
616081
616635
616767
616783
616794
618453
618617
620532
621707
622027
622174
622268
624033
624483
624998
625204
625508
625753
625772
626547
628001
631975
632799
635047
636458
636755
637904
641540
648052
650921
651048
651248
653292
653447
654955
655983
656857
657916
658494
659482
660083
661931
665107
666700
667914
668724
673209
673678
674245
676748
676950
679263
680791
684785
686625
686919
688065
688836
689153
693357
693482
694314
698495
698889
699807
700863
705461
705507
707139
712438
713746
714379
715221
716646
718008
718449
721265
721420
723417
724230
725733
726412
727418
729883
730291
731074
732056
733146
733175
733681
734723
738639
740276
741223
741466
741764
742338
743208
743742
744146
744437
745848
747446
748201
748250
748312
749724
750189
751146
751456
751640
753354
753443
753856
754685
754849
755485
756209
756895
758197
758619
760240
760352
761471
762412
762882
763495
764005
764196
765772
765800
767895
768034
773493
775300
775380
776061
777614
777643
778695
778698
779241
779663
780125
780196
781591
781798
784556
785547
786140
786504
787610
790557
792873
793071
794248
794611
794690
794982
798831
798943
800420
801089
803600
803745
804222
804528
804991
805158
805674
808622
808787
808909
810001
810796
814206
815181
815803
816223
819522
821338
825224
825683
826258
826897
827281
829256
829305
829768
830201
830708
830899
832102
833153
834878
835212
836821
837657
837799
838190
838612
838634
839184
839662
841343
841409
841484
844055
844279
845965
847660
849063
856114
860385
863041
863467
863705
864515
864719
866215
867784
868156
868199
868208
869439
869865
870253
870823
871085
871654
872009
872133
873614
873625
873816
874911
875023
875997
876693
876768
877179
877676
879040
879507
879726
880018
880558
880687
881238
881409
881500
881754
886582
886924
887080
887474
888764
889405
889507
889816
890147
890216
890457
891055
891365
891917
894888
895595
895812
895820
896583
897071
897154
897326
897673
898158
899601
899788
899949
900910
901144
901836
901879
902440
903506
904119
904975
905059
905482
905873
906059
908982
909186
909853
910027
910272
910386
911071
911369
911475
911887
911967
912045
912284
912460
912494
914109
914714
915181
915275
915947
916245
917932
918006
918392
918942
920128
920439
922200
922413
923982
924447
925222
926266
926693
927343
928890
930364
931403
932374
932953
934626
935721
937601
939447
940354
945336
946440
947017
949782
951912
952528
952954
953088
953473
953668
953856
954060
955102
955175
956341
957469
957568
958096
958258
959903
961444
961600
963523
964269
964536
964919
965032
967217
968493
969099
969957
970916
971143
971686
971894
972065
973075
973430
974675
975187
975687
975853
976315
976581
978552
979204
979743
981371
981616
981782
984130
985588
985590
986325
986410
986881
987275
987358
988004
988692
988923
990267
992699
993289
993476
993835
994488
995066
995513
995709
996455
996855
997051
998202
999728
1000503
1000572
1001782
1002551
1003424
1005776
1005938
1006496
1006731
1008376
1010638
1011466
1012296
1012584
1013820
1015214
1015337
1015591
1015669
1017496
1019039
1019413
1020156
1020231
1020856
1021208
1022678
1023310
1023595
1024698
1025439
1026225
1026496
1026865
1028364
1028599
1029648
1030140
1030310
1030971
1031947
1033497
1034783
1034893
1035567
1035944
1036212
1036452
1037190
1037716
1037861
1038016
1038042
1038540
1038574
1039714
1040541
1043027
1043765
1044582
1045030
1045120
1046623
1046714
1046906
1047566
1047587
1047905
1048846
1052000
1052397
1052803
1053469
1054084
1054360
1054508
1054696
1054705
1054887
1055062
1055988
1056892
1057525
1058437
1058591
1059033
1060124
1061200
1063037
1063632
1064131
1065517
1066122
1066628
1066967
1067295
1068315
1068828
1068889
1069812
1070082
1071986
1072676
1073949
1076228
1076336
1078193
1078872
1079240
1080102
1080209
1080244
1082527
1082788
1083110
1083441
1084492
1085088
1085762
1086750
1087890
1089586
1089694
1090604
1091846
1093208
1093425
1094874
1095891
1098547
1098889
1099079
1099219
1099347
1099487
1099727
1099947
1100266
1101017
1101387
1101768
1102684
1103368
1104426
1105518
1105519
1107311
1107636
1108254
1108350
1108403
1109186
1109621
1109699
1111244
1111303
1115415
1115520
1115939
1116420
1116587
1121622
1122433
1124305
1133552
1134152
1139417
1149541
1149848
1149888
1151099
1151232
1151439
1153136
1153668
1156066
1157432
1157537
1157557
1157721
1157744
1158216
1158336
1158578
1159082
1159100
1159402
1159705
1160149
1160216
1160772
1160845
1161081
1161805
1162320
1162427
1163442
1163514
1163690
1163691
1163707
1163746
1163901
1166487
1166747
1167570
1167617
1168259
1168767
1169281
1169319
1171265
1171502
1171591
1171621
1171944
1172145
1172838
1173969
1175121
1175608
1176580
1177294
1178525
1178802
1179498
1179606
1182559
1182692
1183878
1185280
1188579
1188909
1189329
1190007
1191106
1191759
1193992
1194139
1194699
1195165
1195393
1195916
1196227
1196332
1196398
1198352
1198602
1199229
1199444
1200063
1201305
1201800
1202592
1204589
1204742
1207660
1207885
1208170
1208935
1208947
1210043
1210145
1210893
1212318
1213495
1213768
1213948
1214777
1214938
1216244
1216429
1218364
1218394
1218422
1218594
1218664
1218881
1219628
1220283
1220341
1220415
1221673
1223512
1225076
1225176
1225683
1226719
1227145
1229161
1229386
1229397
1229708
1230310
1231035
1232007
1233005
1233049
1235206
1235311
1235670
1235780
1236317
1236406
1236516
1236845
1237802
1238217
1238615
1239028
1239801
1239957
1240402
1240460
1240903
1241233
1241765
1241833
1242175
1242320
1243075
1243330
1244423
1244683
1245150
1245268
1245373
1245639
1245706
1246482
1246486
1246586
