100403
103316
105415
110164
113350
114621
117461
128096
129710
132067
134419
135461
138874
140261
140908
141519
141674
142784
143739
144596
146149
148178
149358
150303
151025
151063
152989
156305
162269
162835
170455
172457
172939
173068
173576
178316
179122
183542
186567
193219
200059
201704
205463
205543
209038
211152
214397
216836
221606
222969
223769
227535
232475
232716
234535
234768
235302
236355
236787
238407
241262
241363
242142
247159
247395
249103
249703
253333
253914
258006
259005
263990
272184
273632
274391
274448
275145
275365
277636
279304
279976
280075
282341
284704
285334
285933
290288
293261
294438
295911
300092
302023
303130
303666
307920
308866
309534
309554
309787
319251
321153
323049
325217
332928
334851
336239
336868
338241
338744
338862
340868
343860
346096
346967
347928
347996
349914
350221
350883
351599
355952
356857
359239
360286
361328
366154
367316
371266
375751
377865
377894
378833
382617
384798
386178
386287
387220
389097
391838
393927
396903
397222
398255
400827
402518
402552
405080
407466
407672
411041
411179
414915
415543
416265
417832
419573
420381
420925
421177
421226
422146
422630
424220
425791
427662
429671
430600
431083
433360
436180
437363
438292
438350
440211
441335
447519
447834
448223
452612
455558
456150
456271
456731
457331
460608
461655
462236
464446
468051
473484
473825
474380
477834
479010
480079
480255
480514
485828
486586
488841
488879
489876
490250
493932
494127
494628
495306
495371
495718
496602
496885
497545
502230
502710
503411
507155
510562
512746
513229
516269
521298
522578
523421
525441
529492
529696
532366
533071
533351
534737
536854
537265
537653
540322
541311
542121
542549
547596
548152
551714
552657
556676
560425
560438
561292
563875
564534
566428
567863
568233
568382
571539
572243
572727
574194
575015
575027
577372
577867
578537
580947
581768
584282
585615
589939
590596
590891
591085
595074
597089
598314
599669
601806
602687
604039
614876
616043
618148
618225
618413
618484
619616
620725
622333
624442
626124
626955
632424
656134
659304
665346
677608
703490
739733
747498
756372
756427
758732
763225
765773
768277
772088
773647
774114
779222
783258
796188
813707
818420
820317
824341
824734
827055
828136
829273
829307
833255
837378
837578
849340
866455
866758
870977
871210
871644
872971
874732
874772
875275
881068
882421
883538
885851
889372
898275
898615
904747
905667
905875
907509
924203
926689
933462
933793
935817
935849
938204
939722
940381
947206
951512
952814
953394
953867
959811
961289
966858
967519
968904
969405
969956
970562
979240
979326
981897
992127
997771
1005407
1011380
1014134
1017719
1018465
1018648
1020474
1021887
1023754
1027240
1037406
1039741
1041558
1043904
1044697
1048035
1048291
1058727
1062681
1063232
1063532
1064451
1066878
1067321
1067863
1071032
1074308
1074481
1075171
1079768
1085992
1089611
1098505
1101074
1103020
1104536
1106512
1109874
1112491
1123223
1151427
1153191
1153974
1155422
1156175
1158650
1158916
1164896
1167825
1168627
1168827
1169334
1169387
1170319
1170848
1170991
1174346
1174792
1177218
1177544
1179877
1180755
1181387
1190251
1191561
1192624
1195219
1195554
1196258
1198151
1201555
1202281
1203738
1206572
1206752
1210635
1211928
1214469
1214796
1216002
1216011
1218070
1218323
1220333
1225140
1226895
1234017
1234438
1235655
1236011
1241388
1244298
