103080
105109
106261
109310
111320
111595
119781
121517
131114
132328
133014
141519
148673
151025
151984
152189
156305
159390
167416
172457
175030
176583
177158
179122
179354
183036
192454
193219
201078
205440
209038
211249
211726
213053
216255
217576
222422
222546
223769
227535
232640
240997
241262
242142
244023
252829
253342
255496
259005
261750
263990
266856
270347
272184
282859
283101
286241
289972
290288
290387
292707
296939
299586
308945
309113
309883
315486
318498
318712
321596
324207
325063
327491
329479
332928
335322
336239
338862
338894
340868
343860
344568
345926
347928
350405
350883
351599
355592
355952
357492
359239
366154
366546
371146
371503
372060
376811
378833
383671
388004
389056
391490
395217
396903
397005
401319
408499
409730
414915
415543
422630
422794
427662
429282
429896
436727
438159
439351
443106
443466
444007
446518
448223
448379
455588
459030
462236
462764
472335
480514
496594
512350
516054
516692
527508
535690
536284
536673
537265
540322
542549
553406
562023
570376
571013
575027
588525
591971
592102
592916
593807
603349
608203
609082
610554
612887
615790
618484
626124
639169
641965
647384
652009
656898
658039
721809
729149
731766
733528
734827
765773
787888
796188
799725
804295
806212
817871
818420
821181
821419
827055
831250
832438
847586
869320
874436
882282
890626
911537
924203
925293
936719
947351
949370
950056
951512
953867
953894
953914
958304
969956
990348
1011327
1011380
1020586
1025779
1027974
1030684
1033353
1039816
1040699
1041415
1054303
1057848
1068463
1074510
1081866
1110165
1165766
1176130
1188024
1195378
1219889
1223446
1235172
1242874
1244138
