100715
103101
107724
111320
111800
114621
117987
121517
122194
122953
123892
128096
129710
130891
134419
138455
141519
141837
142784
143958
144223
145163
145547
149358
150445
151025
156003
156369
161491
164245
170455
171968
172457
175030
175261
175435
177158
178316
179122
186567
187060
189203
192405
192866
193219
200628
207999
209038
214925
215571
221812
223769
226572
231223
232528
235302
248818
257146
258511
261750
263990
268398
271363
272546
275145
275813
279261
283164
284434
284718
285727
286698
289744
290288
294438
297198
297775
304895
317361
317806
319861
319952
320493
322611
325217
327617
329029
333895
334092
335124
335322
335616
336239
336691
338862
340892
344568
345366
348140
348780
349445
351599
355952
356857
357076
358124
363069
366154
371266
377865
384082
384624
385046
389056
389914
390288
391238
392032
392166
395875
396165
397005
397222
402518
403297
411179
412751
414485
414594
414915
415543
419573
421633
422146
425791
427893
429282
430837
432141
432571
433209
433733
438276
438292
438350
439351
442907
443466
447692
450559
454160
460608
465434
468525
472067
473273
474380
480079
487105
490873
493115
494081
495371
499990
503181
512762
515156
518888
520105
521298
522003
525242
529492
529543
531887
532366
534228
535603
536854
537265
538455
542549
547684
552096
552295
558155
558271
560827
564054
567223
567863
572727
575027
581768
582195
583577
592073
592856
592916
593807
595074
598574
601806
603349
604971
606704
612887
635176
673831
675152
680508
689705
690889
703490
725938
727718
731766
733528
754023
754771
756427
766612
781095
784649
790221
797569
818420
819864
820702
821419
821505
825190
825962
827055
829307
832733
836786
837578
843216
849340
863824
866758
867946
871644
874218
874292
876096
881163
882421
883283
883538
886811
889372
892685
895808
911537
912703
921295
923737
928949
936719
941597
941776
947206
948395
953867
956580
956686
958011
958288
968137
969405
975791
978181
979326
979597
991767
996587
999943
1009063
1011380
1011561
1011599
1018648
1019059
1024519
1029914
1032905
1033257
1040881
1041415
1043904
1044697
1048291
1055005
1058467
1063103
1066878
1071032
1072252
1074510
1076700
1082849
1097163
1099995
1103020
1107167
1108657
1109874
1111293
1113184
1125095
1145358
1156974
1160852
1168627
1169908
1170504
1170848
1174792
1175532
1187181
1190770
1191183
1191310
1191561
1203156
1211526
1217817
1224499
1226252
1226584
1228399
1229069
1232202
1233613
1236011
1237795
1239584
1240426
1241990
