100194
100552
100680
101775
102647
103218
103814
103904
104293
105080
105372
106234
106319
106351
107030
107844
108228
108543
108875
109135
109381
109498
109538
109572
109678
109730
109828
110487
110592
110731
110899
111061
111303
111737
111801
111880
112041
112841
113036
113297
113487
113794
114601
114658
114666
114730
114817
115022
115514
116290
116517
116969
117667
117699
117730
117912
118229
118302
118606
118750
118924
119438
119454
119510
119521
119705
120407
120461
121128
121147
121672
121730
122407
122824
123035
123236
123290
123294
123777
123801
124464
124732
125396
125521
125615
125915
126035
126426
126601
126734
126875
127263
127760
127790
127960
128265
128645
129289
129318
129401
129525
129748
130015
130872
131005
131263
131348
131514
131572
131834
132253
132260
132286
132482
132739
133022
133070
133707
133767
133831
133917
134062
134314
134473
134527
135205
135444
136045
137060
137252
137464
137871
138170
138296
138325
138701
138923
139537
139640
140063
140183
140465
140555
140566
140911
141220
141312
141332
141642
141652
141845
142018
142062
142093
142372
142967
143234
143262
143382
143649
143727
144171
144256
144417
144626
144811
145209
145215
145478
145728
146032
146110
146175
146298
146314
146452
146667
146710
147052
147288
147391
147410
147734
147984
149020
149337
149428
149886
149963
150176
150337
151015
151216
151252
151806
152370
152992
153114
153970
154084
154248
154935
156096
156121
156491
156634
156644
156705
157047
157796
158234
159071
159082
159205
160314
160546
161156
161425
161742
162167
162567
162754
163315
163523
163968
164174
164330
164593
165076
165785
166524
166799
167097
167283
167298
167428
168201
168552
168983
169208
170035
170131
170696
171090
171152
171711
171740
171848
172406
172838
173319
173968
174214
174447
174547
175616
176162
176750
177045
177755
178440
178630
178797
179416
179750
180171
180230
180899
180952
180990
181027
181624
181642
181660
181931
181964
182140
182311
182406
183178
183470
183978
184791
184838
184841
185017
185019
185126
185135
185339
186345
186748
186815
186830
187314
187330
187833
188213
188482
188588
188629
188938
188989
189016
189194
189283
189419
189769
190062
190741
191304
191307
191747
191995
192009
192408
192516
193577
193677
193796
193871
193959
194283
194335
194904
195246
195260
195564
195571
196059
196232
196749
196867
196976
197064
197132
197297
197752
197965
197985
198355
198443
199323
199616
200564
201065
201118
201253
201410
201607
201887
202124
202222
202323
203067
203487
204057
204288
204431
204764
204880
205541
205797
205866
206040
206111
206673
207120
207233
208904
209010
209145
209276
209458
209659
211458
212932
213211
213545
213791
214066
214798
215168
215374
215782
215849
215998
216256
216311
217726
217797
217877
219147
219422
219957
220306
220364
220439
220987
221186
222356
222403
222416
222847
222880
223161
223318
223349
223493
223786
223831
224471
224478
224522
225621
225686
225811
226924
227142
227159
227267
227509
227723
227768
227906
227917
228993
229711
230410
230856
231136
232070
233592
233668
234017
234116
234140
234222
234320
234380
234800
234803
234827
234859
235297
235663
235938
236533
237181
237374
238153
238222
238481
238881
238896
239281
239730
240151
241230
241388
241604
241922
242064
242201
242868
243060
243296
243775
243983
244198
244544
244680
245072
245092
245493
246076
246255
247066
247209
247304
247624
247754
247822
248210
248247
249024
249457
249608
250022
250063
250153
250397
250456
250963
251114
251141
251296
251350
251477
251654
252184
252505
253172
253255
253309
253842
254276
254316
255198
255535
255849
255972
256259
256524
256648
257154
257161
257705
257793
257995
258061
258382
258605
258896
259184
259544
259630
260837
261040
261214
261223
261360
261396
261715
262086
262442
262444
262604
262766
263293
263518
263583
263805
264832
265244
265739
266161
266488
267528
267798
267994
268731
269492
269906
269982
270237
270378
270843
270856
270966
271346
272454
272549
272583
272970
273864
274124
274754
274871
274953
275433
275517
275978
276275
276394
276893
277662
278491
278593
278677
279218
279979
280570
280613
280693
280850
280855
280880
281031
281256
281822
281988
282393
282533
283533
284355
285090
285206
285365
285626
286228
286306
286315
286476
286753
286903
287131
287800
288466
288570
288642
288685
288714
288739
288950
289241
289259
289284
289668
289707
290089
290249
290341
291022
291344
291564
291752
291805
291806
291899
292278
292347
292474
292856
292878
292888
292901
292921
293559
294115
294412
294668
294969
295003
295084
295230
295240
295538
295906
295941
296219
296795
296832
297113
297467
298214
298368
298450
298742
299083
299109
299248
300136
300175
300297
300349
300696
301402
301967
302223
302471
302709
302998
303160
303397
303403
303422
303546
303588
303696
303934
304157
304298
304554
305264
305447
305499
305510
305645
305678
306240
306257
306489
306709
307359
307461
307536
307719
307874
307966
308900
308992
309027
309153
309563
309886
309907
310155
310581
310920
310944
311163
311714
312566
312774
312821
312870
313291
313674
313887
313976
314093
314138
314153
314228
314647
315187
315310
315504
315727
316368
316624
316835
317586
318300
318322
318489
318677
319006
319317
319668
319703
319870
320052
320144
320437
321172
321348
321895
323051
323208
323479
323558
323804
323871
324418
324441
324985
325208
325435
325449
325922
326169
326483
326750
326869
327610
327665
328376
328946
329685
329769
329819
330072
330142
330312
330487
331064
331420
332056
332268
332286
332635
333612
333674
333809
333857
333899
333924
334185
334310
334335
334438
334634
334680
335643
335763
337592
337630
337752
338288
338514
338631
338947
339428
339524
339606
339675
339977
340253
340267
340468
340938
341101
341341
342158
342266
342524
342699
343312
343449
343946
344299
344763
345301
345427
345500
346125
346164
346950
347067
347246
347476
347626
347715
347942
348100
349049
349114
349380
349536
349622
349878
350643
350965
351016
351640
351648
351893
352108
352494
352623
352980
353144
353681
353824
354730
354783
355203
355402
355661
355676
355838
356698
358497
358557
358869
358932
359077
359592
361404
361488
361804
362924
363046
363093
363671
363786
364954
365308
365431
365594
365986
366008
366096
366241
366757
366764
366803
366974
366982
367407
367815
368030
368080
368115
368876
369215
369285
369391
369660
371191
371331
371444
371498
371575
371690
371882
372049
372225
372572
372638
374708
375021
375104
375108
375121
375234
375663
375709
376147
376300
376431
376596
376802
377242
377599
377790
378650
379021
379139
379581
380131
380828
380881
381624
381797
381915
382117
382233
382334
382469
382500
383170
383456
383566
383964
384267
384906
385298
385474
386629
386756
387643
387857
387862
388979
389100
389285
389496
389609
389821
389967
391139
391557
391758
391805
392200
392471
392599
393439
393462
393980
394135
394148
394459
394811
395003
395636
395991
396326
396496
396506
396554
396653
396831
397187
397622
398534
398935
399087
399352
399764
400415
400788
400916
400938
401036
401190
401272
402635
402831
403177
403184
403445
403759
403896
404122
404263
404535
405997
406252
406750
406809
407030
407955
408175
408382
408811
409174
409547
409630
409846
410175
410425
410433
410463
410571
411153
411159
412387
412468
412949
413192
414193
415088
415230
415598
415695
415742
416219
416537
416684
416890
416959
417277
417692
418451
418485
419136
419307
419668
419944
420016
420529
420751
420842
421137
421256
422035
422871
423611
423878
423953
425001
425149
425424
425455
425686
425954
427096
427150
427182
427283
427779
428597
428793
428820
428892
429092
429424
429530
429537
429680
429795
429826
429973
431384
431508
431785
432312
432703
432898
432958
432995
433003
433081
433296
433827
433959
433987
433994
434444
434944
435091
435104
435521
436854
436986
437383
437795
437840
437957
438114
438169
438186
438646
439081
439383
439825
440622
440757
441047
441411
442800
443706
444055
444143
444175
444598
444803
445207
445481
446043
446169
446412
446501
446599
446979
447047
447204
447321
447576
447717
447743
448146
448682
448779
449026
449033
449488
449743
449902
449925
449969
450235
450524
450576
451130
451220
451363
451669
452878
452975
453065
453547
453834
454083
454219
454299
454530
454538
455342
455398
456059
456892
457599
457636
457688
457692
457930
458457
458528
458700
458921
459070
459345
459715
460021
460228
460497
460756
460889
460955
461163
461322
461611
462181
462819
463363
463488
463510
464086
464167
464473
464482
464772
464835
464842
464868
464880
465110
465127
465370
466048
466214
466493
466609
466862
468327
468749
468865
469049
469163
469350
469639
470065
470752
470805
471628
471672
471841
471927
472381
472493
473077
473942
474401
474699
476137
476658
477001
477097
477232
477692
478604
478639
478749
479246
479307
479474
480136
480373
480483
480899
482649
482729
482740
482764
482817
482999
483143
483161
483402
483533
483786
483858
484493
484507
484669
484887
485025
485052
485421
485938
486237
486452
486791
487173
487176
487221
487307
487374
487498
487798
488635
488638
488781
489316
489345
489665
490190
490375
490898
491395
491709
491744
491842
492222
493372
493464
493713
493984
494061
494174
494509
494940
495047
495325
495425
495441
496630
496730
496860
497169
497696
497798
498245
498303
498308
498326
498489
498495
498626
498661
498760
498824
499127
499286
499712
499840
499952
500158
500619
500865
500915
501521
501883
502622
502923
503953
504404
504538
504549
504554
504682
504875
504878
504975
505641
505693
505859
505941
506019
506611
507869
507875
507889
507933
508067
508075
508397
508445
508797
509424
509835
510208
510875
511024
511129
511360
512866
514324
515602
515778
516402
516496
516505
516711
516797
517914
518075
518166
518226
518759
518800
519068
519137
519242
519306
519469
519847
519885
520051
520056
520531
520708
520830
521161
521191
521331
521549
522140
522851
522876
523099
523545
523766
524084
524508
525118
525897
526727
526900
527664
527838
527980
528008
528271
528367
528441
528716
528718
529024
529037
529078
529911
530240
530433
530805
531218
531681
531947
532233
532337
532803
532807
532933
534026
534447
534553
535047
535177
535929
536074
536398
536451
536487
536549
536913
537182
537872
538286
539030
539583
539677
539741
539813
540144
540247
541099
541193
541774
541799
542073
542084
542908
543323
544826
545807
545865
545944
546453
546497
546857
547328
547635
548108
548581
548669
548830
548967
549016
549392
549845
550676
550799
550893
551179
551883
551892
551934
552027
552824
552846
553832
554079
554157
554580
554667
554673
554855
555125
555151
555398
555704
555806
556062
557128
557170
557270
557312
557371
557537
557602
557871
558639
558940
560139
560331
560559
560845
561915
562132
562434
562595
562656
562861
563386
563600
563734
563799
563868
564110
564220
564966
565260
565442
566531
567311
568670
568783
568886
569268
570365
572265
572850
573223
573335
573519
573530
574212
574649
574753
574821
574988
575363
575459
575523
575557
575625
575826
576327
577441
577470
579001
579353
579539
579893
580256
580313
581114
581622
582421
582763
582842
583460
583889
583933
584082
584126
584174
584447
584495
585130
585153
585939
586233
586326
587093
587513
587703
588437
588946
589121
589322
591985
592015
592031
592250
592510
592618
592647
593192
593355
593447
594027
594239
594535
594602
594666
594749
595077
595081
596052
596217
596222
596414
597071
597247
597681
597747
598054
598262
598679
598832
599033
599504
599725
600143
600365
600449
600505
600624
601900
602580
602583
602649
602814
602997
603134
603306
604098
604451
604650
605135
605261
605523
606450
606730
608228
608982
609478
610737
610976
611456
611629
611740
612525
612824
613711
614047
614286
615802
616308
616594
616635
616689
616757
616924
617111
617251
617754
618387
618550
619322
619452
619880
620486
621020
621583
621947
622174
622782
622970
623173
623440
624033
624122
624505
625091
625100
625131
625204
625772
625952
626070
626711
626895
630729
632887
636341
638210
640517
641173
642259
642541
644142
645215
645318
648052
651571
654290
657916
658167
659944
660004
660497
665107
665336
665575
667914
669009
670901
671210
673938
674245
674374
674510
675303
677481
680859
686238
686625
687466
689532
689827
690305
690517
691791
696493
696497
697160
697228
698889
700863
704970
705081
705461
711253
711308
716325
716605
717996
719356
719763
720496
722159
723407
723615
724553
724769
725596
726763
726889
727526
729030
730877
732056
733146
733175
733680
733681
734701
736206
737244
738892
739408
739761
741468
741709
742006
742430
743771
744951
745144
745446
745810
748312
749414
749466
749878
750791
751146
751456
751513
751640
752577
753443
754772
755092
756073
756579
756621
757634
758094
758160
758350
759248
759670
760146
761471
761804
763328
763495
764487
764518
764801
767474
768062
768994
770100
773306
776007
776247
778698
779241
779784
781499
781838
785626
785840
786253
787238
787610
787614
788080
789767
790090
790432
790858
791569
792293
792356
794248
794611
794978
795345
795743
796552
798022
801580
803600
803938
804391
804418
804528
805293
807093
807708
808622
808909
814129
814206
815181
817476
817595
818482
819320
819522
821006
821519
822437
822584
823956
824083
826642
827039
829156
829834
830062
831439
833153
833186
834588
834614
835212
835783
835944
836063
836821
838008
838190
838612
838634
839184
839229
840055
840183
840593
841343
841409
841703
842314
842634
843577
843580
844055
844356
844475
844897
845419
845834
845902
845961
845965
846796
847294
847660
847693
849063
854198
854939
860385
862741
863993
864534
866385
866640
867699
867719
867771
869055
869078
869328
869865
870108
871586
871654
872365
872398
873063
873360
873567
873816
873972
874430
874911
875310
875352
875487
875691
876409
876531
876693
877058
877238
877676
879402
879690
880018
880445
880558
880629
881409
881845
881989
882879
883111
883193
884486
884508
885558
887379
887828
888781
889255
889405
889830
890071
890216
890737
891506
892846
893132
893757
894273
894316
894584
894647
895064
895595
896161
896576
897112
897154
897242
897373
898306
898361
898384
898853
899061
899574
899725
899788
899949
900069
900910
901075
901274
901420
901836
903506
904772
904975
905098
905482
906384
906675
907710
908191
908239
908364
910611
911227
911475
911614
912307
912462
914112
914722
915181
915275
915947
916116
916497
917490
917561
917858
918021
918553
919423
919805
920814
921231
922200
922746
923537
923662
923982
926266
927307
928931
929267
932324
932538
933077
933731
934160
935624
935917
935949
937402
939545
942090
944871
945273
946440
949029
949112
949491
949782
950274
950589
952256
952642
952741
953511
953668
953816
953965
954055
954060
954080
954307
954984
955102
955120
955991
956341
957469
958684
958708
959369
961165
961422
963372
963615
964899
964915
964917
965032
966276
966445
966495
967255
967536
967612
969099
969445
970747
970748
971267
971894
971917
972334
972595
972883
973631
973987
974102
975143
975449
976383
976825
977296
977640
978112
978592
978914
979771
979867
980703
981004
981371
982862
983244
983313
984268
984997
986299
987275
988692
988914
989394
992130
992235
993998
994004
994488
995076
995513
995739
996455
996628
997163
997283
998226
998282
998288
998765
999010
999021
999694
999796
1000007
1000560
1000753
1001300
1001355
1002508
1002551
1003223
1003498
1005523
1005776
1005938
1007975
1008413
1009525
1009827
1010670
1010693
1012481
1012882
1013224
1013420
1013519
1014033
1014685
1014763
1014929
1015214
1015669
1018051
1018350
1018489
1018514
1018889
1019889
1020360
1020524
1021708
1021725
1022767
1023310
1023649
1025268
1026225
1027704
1028364
1029318
1029838
1029981
1030310
1030971
1031275
1031383
1031685
1032314
1032925
1033300
1033453
1033795
1034684
1034783
1034893
1035652
1035978
1036212
1036501
1036517
1037190
1037370
1037526
1037646
1037716
1037841
1038312
1038540
1039954
1040595
1041694
1042010
1042128
1042856
1043039
1043765
1044582
1044943
1045030
1045120
1045748
1046018
1046162
1046200
1046545
1046714
1047372
1047905
1048196
1049900
1049907
1050540
1050603
1051263
1052000
1053469
1054084
1054312
1054435
1054709
1055196
1055711
1055722
1056332
1056623
1056892
1057759
1058591
1058749
1059452
1059661
1059922
1060821
1061200
1061637
1064103
1064323
1064465
1065303
1065480
1065591
1066110
1066628
1066859
1068315
1069295
1069932
1070187
1070303
1070412
1071253
1071331
1072676
1073949
1074210
1074343
1074474
1074873
1075926
1076215
1077899
1077931
1078414
1078906
1080003
1081436
1081772
1081840
1082564
1082843
1083240
1083739
1084130
1084846
1085097
1085922
1086500
1086519
1086766
1087105
1087572
1087890
1088505
1088792
1089040
1089618
1089919
1090134
1091502
1091846
1093208
1093278
1094458
1094705
1095891
1096278
1096379
1097531
1097861
1097881
1098035
1098455
1098492
1098547
1099079
1099219
1099487
1099947
1100272
1100545
1100560
1102032
1102697
1102873
1102967
1104319
1105448
1106362
1106851
1106966
1106971
1107772
1108055
1109086
1109186
1109265
1109653
1110967
1111244
1111303
1111461
1112543
1113680
1113975
1114857
1115939
1116404
1116420
1116598
1121072
1122033
1122610
1122775
1123496
1123564
1124305
1124356
1125421
1133552
1149164
1149541
1150038
1150209
1150653
1150798
1151020
1151439
1151709
1151882
1152374
1152580
1153605
1154091
1156107
1156576
1157537
1157557
1157721
1157970
1158275
1158411
1158603
1158853
1159102
1159223
1159958
1160216
1160717
1160764
1160776
1161081
1161100
1162398
1162775
1163145
1163180
1163690
1163691
1163746
1164265
1164511
1164616
1165070
1166138
1166779
1167570
1167617
1168259
1168652
1168767
1169210
1169281
1169349
1169972
1170388
1170642
1170775
1171152
1171591
1172049
1172482
1172744
1172790
1172838
1173099
1173969
1174679
1175187
1175501
1175856
1176580
1177294
1177385
1177459
1177510
1177948
1178183
1178525
1178623
1178902
1179139
1179385
1179522
1179708
1180366
1182349
1182559
1183928
1185071
1185177
1185954
1186493
1186514
1186998
1187211
1187547
1187696
1188145
1189972
1190088
1190400
1191051
1191484
1191682
1191727
1192664
1193925
1195040
1195165
1195732
1195917
1196227
1196398
1197029
1197766
1197850
1197856
1197907
1198352
1199204
1199229
1199496
1199905
1200229
1200516
1200705
1200836
1201785
1201800
1203238
1203960
1205093
1205188
1205586
1206265
1207885
1208302
1208935
1209542
1210145
1210851
1211429
1211463
1213495
1213796
1214411
1214423
1214465
1215234
1215534
1215808
1218188
1218259
1218364
1218594
1218664
1219378
1219387
1219628
1219661
1220033
1220085
1221274
1221464
1221676
1222518
1222958
1223856
1224139
1226038
1226719
1227007
1228771
1229161
1229386
1229615
1229703
1231035
1231303
1232187
1232428
1232890
1232952
1233005
1233360
1234749
1234893
1235206
1235311
1235780
1236516
1236675
1237605
1237802
1237925
1237940
1239028
1239214
1239591
1240056
1240460
1240554
1240577
1240903
1241233
1241699
1241765
1241815
1242631
1244371
1244423
1244683
1245706
1246482
