100270
100715
103101
104122
114621
115147
121842
122194
122953
133014
135537
138455
141519
144573
147839
148600
148673
149422
151984
153996
155384
156305
156694
157573
162971
164011
168011
172030
172457
173559
175030
175435
178862
179122
181491
182205
183036
183365
183965
184165
186567
189203
193219
196079
198622
205440
206396
209038
211249
214010
216255
217456
220140
220201
221046
221812
222422
222546
222702
223769
224628
225099
227535
229728
231223
232158
235111
237011
239147
240869
241262
247920
248818
248830
251261
251775
253595
256580
259005
263990
265636
266856
269154
269795
269944
272546
273632
285334
288700
290387
290642
293261
296144
296700
303423
309113
310156
317365
319251
322211
323278
323823
324924
326647
329954
331822
332928
334092
334851
335322
336771
338862
342631
347643
348211
348456
348663
350405
351599
355952
362197
366154
370185
371095
371266
371849
376207
378833
382160
383055
385884
389056
392032
392403
397005
398830
412751
414778
414915
415543
416265
418357
422630
422794
426774
427662
431138
438350
439351
443448
444007
447519
448223
448379
450717
454160
455558
457637
458054
469008
474144
477144
477469
480061
481080
481335
482225
484230
486282
486768
490201
490639
492034
493932
496084
496594
505897
510354
510744
512746
513064
516692
517911
518888
519498
525441
526949
527508
527976
528833
537265
540322
541094
541950
542549
546438
553406
557637
562023
566428
567840
567863
574776
577997
580916
588525
592916
598769
604291
606579
608203
609082
612284
612375
612887
616311
626124
639169
656898
658691
673228
675152
684671
689705
722810
725135
727518
733528
734827
748232
761744
762002
771574
782177
792719
796188
800950
804295
818420
821181
822408
833255
838830
866663
869407
871210
892685
904638
924203
936719
941776
947757
948265
951512
953867
953914
973642
988786
1003026
1011380
1025779
1029914
1031427
1036180
1039741
1060391
1074510
1080790
1081866
1082607
1088585
1101605
1109874
1112404
1152296
1177218
1198986
1224502
1236011
1242619
1242652
