101024
103101
103556
104311
104734
106261
106845
107150
107536
107724
107981
108486
109720
110569
111299
111320
111539
111911
114078
115016
117305
122194
128096
128802
129652
129710
129742
131739
132873
133014
133534
134804
135990
137637
141200
141519
141674
143958
144223
145163
147422
149005
149358
149637
150201
150303
151984
152198
152989
154165
155640
156003
156305
157556
159390
159875
162269
168011
168850
170122
170455
172457
173068
173559
174303
175030
177158
178316
178862
179079
179209
180886
181186
181719
182205
184525
185940
186567
188096
188206
189203
191099
193058
193219
200739
201078
201782
207265
207999
209038
211726
213832
214010
217456
220140
222422
223124
223769
227535
228673
230354
231223
232475
232528
232630
232716
233608
234370
234582
235302
238407
240997
241363
244406
245375
246405
247659
247918
248818
249736
252539
252625
254464
255096
257800
261750
261867
263990
266754
268238
268398
270347
271519
274391
275145
276531
277047
278317
280471
281037
281388
282859
284718
285334
285727
286069
286241
286698
286999
289595
289744
290288
290387
292707
293261
295911
296939
296978
299586
302336
303182
303423
303544
304419
307920
308866
309113
309534
309787
312694
313330
313531
314677
315521
317176
317365
319861
319952
320828
323823
325217
326027
327099
327128
327491
327617
331746
334092
334799
334851
336083
336239
337232
338241
339016
339726
340868
340892
343860
344262
345926
346096
346697
347042
347676
347928
347996
348780
349205
349914
350268
351473
353471
355592
355952
357076
357713
359000
361274
364482
364691
367316
367989
369132
369359
371195
371266
371614
373189
373276
374181
376207
378833
380705
382160
383055
384249
384624
385046
385785
386178
386287
387220
388004
388248
389132
389914
391490
391838
392865
398255
400827
402039
402629
405080
405963
406490
406497
407077
408070
410736
410937
411041
411179
412754
412807
414485
414915
416265
416877
417943
418716
418954
419573
420084
420524
421188
421226
422146
422630
422794
423346
425791
429142
429282
429671
430423
430600
431083
431767
432571
433359
436155
436727
438276
438369
439351
440211
440998
444007
444738
445789
447370
447972
448223
448267
449227
449661
452237
453449
453499
454311
455558
456150
456731
457331
457637
460295
460608
461439
461473
462236
464446
465434
466365
468525
470371
470683
471661
472186
472574
473380
473484
474144
474380
477469
480061
480106
480255
480763
482054
483240
484956
485828
486586
487727
489876
490250
490639
490873
490931
491581
492343
493557
493932
494647
495371
495463
495638
495718
495784
495927
496318
496594
496823
496844
496885
498041
499990
503411
505897
506197
506630
506709
507119
508716
508777
509781
511293
512762
512805
512926
513037
513064
513229
513327
513590
515783
516269
516654
516692
517318
517522
522680
522704
523187
523421
525242
526524
527508
527874
529492
529543
529696
530839
531106
531856
532366
536284
536648
536854
537265
538373
540379
541146
541473
541950
542121
542549
545781
546375
546438
547684
548446
548976
550777
550905
551406
553494
556243
557623
557637
557851
558271
558695
559328
562740
563848
564353
564534
565214
565670
567863
571550
572243
572727
574194
574776
574861
577397
577640
579243
580138
581043
581071
581768
581927
582195
583577
584282
584815
585227
585878
588525
588781
589957
589971
590891
591971
592073
592102
592368
595004
595074
597089
598761
601724
603349
603359
606579
606704
606928
607544
608795
609552
610554
613217
613920
616043
616601
618484
619485
620725
621421
621494
626124
633283
638941
642489
652084
656026
658691
662750
669659
672788
683150
686267
690889
698237
700038
702573
705311
716465
723572
725938
729842
731766
733615
734827
735241
738677
740529
742911
743189
743895
752805
754771
756427
757060
759058
761780
762002
762660
765773
766612
769445
773804
773862
774141
774914
776458
778201
779222
782942
791844
793305
794349
796188
797262
799725
804295
807236
809543
817236
818420
820317
821419
822018
824213
825962
826217
827055
831250
832604
832733
833255
835247
837578
840637
849340
859466
866455
866758
867045
869622
871210
871644
872120
872216
872580
872921
873018
873394
875804
876096
877522
879369
880568
881068
882245
883283
884179
884273
885851
885967
886056
886811
886947
892267
892685
893502
893721
893939
894187
895220
895473
896943
897318
898615
911331
914853
917356
919294
921280
924203
925293
926313
928949
930557
931007
931936
933462
933793
935849
936447
936719
937134
937939
938711
939722
940103
940381
942179
945432
945568
945698
947206
949140
951512
953914
956686
958148
961655
963812
964385
966858
966883
967132
967444
968362
969405
969956
970562
970623
971507
972938
975791
976826
979326
981003
988682
991985
997744
998432
1000138
1003026
1003686
1007836
1009063
1010794
1011380
1012523
1014152
1018599
1018648
1021655
1025528
1025779
1029623
1031480
1032999
1033353
1035736
1036780
1036866
1039853
1040799
1041558
1042675
1043904
1044697
1048120
1049623
1050237
1053904
1056712
1061188
1063103
1063450
1064077
1064451
1067321
1067387
1070877
1071032
1071940
1072656
1074481
1074510
1076400
1076876
1080072
1089611
1094863
1099716
1102631
1102763
1107167
1108657
1108996
1110735
1111819
1113184
1116758
1121044
1123400
1125095
1152913
1153069
1153180
1153818
1155422
1156974
1158928
1162122
1163063
1163559
1163932
1164107
1164426
1164524
1165766
1165940
1166377
1167620
1167769
1167825
1167941
1169334
1170139
1170504
1170991
1171111
1171733
1173287
1174792
1174804
1175532
1177218
1177544
1178019
1178228
1178382
1179279
1179692
1180755
1181387
1182777
1183237
1184993
1188127
1189196
1190251
1191561
1192624
1194449
1195348
1196258
1196573
1196789
1197342
1198123
1198151
1198347
1201555
1202350
1203396
1206752
1207053
1207591
1210001
1210635
1211526
1214960
1215829
1216002
1216011
1216738
1217590
1218070
1219618
1220333
1224342
1225803
1226584
1226881
1228271
1230138
1231998
1232202
1233232
1234438
1235655
1236011
1237467
1239440
1240310
1241082
1241990
1242559
1242619
1242652
1243465
1243533
1244116
1244298
1244846
