100300
100680
100842
100942
101205
101299
101318
101669
102375
102647
102917
103218
103585
103914
105080
105106
105377
105431
105649
106186
106203
106213
106351
106867
106982
107030
107294
108294
108849
109135
109302
109730
109765
110168
110487
110552
110899
111287
111392
111801
112041
112044
112387
113297
113376
113566
113699
113875
114215
114363
114601
114658
114666
114730
114817
115514
115787
116241
116281
116290
116560
116736
117388
117730
117850
117912
118372
118750
119705
120331
120622
121892
123294
123801
124132
124681
124955
125396
125407
125815
125911
126217
126231
126601
127319
127538
127960
128439
128568
129151
129289
129461
129556
130015
130181
130399
130555
130872
131034
131188
131263
131572
131834
132260
132286
132417
132483
132640
132836
132936
133022
133035
133633
134035
134062
134483
134527
134691
135083
135205
135335
136045
136502
136996
137060
137252
137310
137464
137871
138395
138696
138701
138936
139002
139363
139537
139640
140063
140168
140555
140578
140809
140911
141330
141601
141845
142093
142359
143378
143668
143727
143814
144171
144256
144417
144626
144811
145215
145230
145467
145491
145550
145597
145614
145804
145826
145827
145875
146110
146175
146208
146298
146314
146452
146493
146662
146667
146994
147480
147599
147895
147896
147984
148040
148195
149083
149172
149579
149838
150176
150337
150432
150923
151216
151812
151971
152080
152715
152918
152992
153900
153963
154004
154084
154248
154542
154647
154748
155231
155563
155650
155855
156041
156096
156121
156272
156366
156456
156634
156655
157047
157314
158671
159094
159183
159219
159662
159748
160314
160378
160892
161425
161467
161742
161947
162055
163315
163318
163529
163869
164174
164525
165072
165344
165358
165359
165377
165496
165609
166096
166524
166603
167097
167717
168552
168960
169208
169488
169547
170131
170782
170884
171039
171740
171975
172938
173095
173528
173756
173968
174076
174131
174214
174585
174731
175498
176003
176162
176187
176294
176469
176862
177079
177160
177556
178222
178440
178754
179586
179724
179742
179750
180223
180899
181607
182238
182794
183691
183834
183975
183978
184336
184838
184841
185017
186079
186145
186337
186345
186455
186860
187314
187589
188040
188482
188933
188989
189010
189016
189043
189194
191747
191954
191975
192058
192513
192516
192624
193577
193677
193871
194507
195200
195246
195564
196329
196976
197219
197421
197571
197718
198355
198525
198674
198698
199285
199616
199911
201065
201118
201127
201253
201322
201921
202124
202222
203067
203080
203090
203139
203373
203590
203819
203859
204068
204880
205182
205320
205472
205541
205654
205797
205832
206111
206984
206991
207105
207120
208815
208904
209010
209033
209080
209145
209734
209786
209872
209928
209988
212031
212301
212552
212932
213545
213791
213803
214303
214361
214517
214721
214798
214828
215998
216179
216256
216311
216503
216606
219957
220364
220439
221236
221359
221782
222416
222847
222880
223293
223318
223493
224471
227142
227151
227626
227906
227917
227925
228993
229076
229278
229374
229546
229943
230440
230762
231822
232159
232542
232553
233042
234604
236734
236862
237374
237582
237920
238153
238222
238481
238557
238743
238828
241017
241388
241558
241604
242171
242195
242201
242966
244659
244680
244827
245092
246076
246255
247066
247209
247304
247822
247851
248210
248247
248336
248530
248676
249418
249608
249926
250456
250620
250700
250963
251296
251365
251374
251385
251492
251814
251924
252832
252890
252915
252947
253364
253734
253749
253778
253842
254395
254801
254830
255031
255543
255849
255972
256229
257109
257663
257705
257771
257793
257995
258038
258953
259186
259947
260837
261214
261226
261264
261384
262086
262318
263127
263941
264151
264784
264832
264954
265487
265595
266488
266648
266657
266879
267299
267463
267775
268267
268529
269417
269882
269982
270927
271265
271452
271570
272686
273829
273854
274216
274371
274742
274796
274971
277313
277490
277662
277935
278593
278613
278811
279218
279345
279693
279788
280419
280575
280613
280693
280786
280855
280868
281142
282261
282500
282533
282624
282726
283016
283278
283484
284050
284980
285206
285219
285285
285611
285662
285768
285803
286104
286215
286228
286306
286315
286596
286753
286903
287073
287490
287730
287766
288039
288159
288213
288502
288517
288570
288685
288795
289065
289116
289241
289246
289307
289707
289747
289773
289839
290089
290249
290341
290413
291022
291165
291344
291399
291564
291752
291899
291990
292035
292278
292347
292856
292873
292878
292885
292921
293451
293559
293602
293839
293851
293992
294115
294116
294156
294360
294412
294554
294862
295075
295084
295240
295397
295941
296137
296219
296286
296343
296604
296725
296795
296815
297008
297354
297442
297467
297525
298035
298041
298174
298214
298368
298450
298473
299083
299397
299505
299714
299730
299907
300136
300145
300349
300380
300882
301084
301301
301488
301774
302223
302310
302580
302619
302892
302962
303230
303309
303344
303403
303808
303934
304298
304353
304445
304487
304554
305242
305264
305645
305650
305861
306240
306607
306709
306911
306942
307095
307176
307363
307461
308860
308900
308992
309027
310030
310170
310363
310380
310615
310841
310914
311163
311714
311753
312314
312566
312774
312825
312870
313650
313722
313731
313942
313976
314046
314126
314138
314153
314210
314234
314938
315504
315575
316138
316368
316412
316705
316835
317641
317644
317809
317815
317884
317980
318300
318339
318455
318489
318495
318677
318749
319317
319668
319824
319859
319895
320074
320107
320144
320316
320437
320843
320943
320977
321030
321172
321330
321348
321895
321965
322207
322387
322486
322776
323479
323558
323636
323871
323949
324206
324352
324418
324441
324605
325208
325265
325309
325449
325450
325467
325831
325922
325972
326190
326483
326598
326603
326750
326781
326935
327015
327129
327610
327665
327681
327874
327975
328876
328946
329149
329683
329685
329819
330072
330084
330205
330312
331203
331247
331511
331847
332078
332348
332850
332924
332943
333147
333423
333612
333643
333793
333809
333924
334058
334310
334431
334438
334576
334634
334775
334806
335224
335335
335469
335737
335797
335918
336414
336514
336730
336776
336968
337009
337089
337592
337630
337848
337931
338085
338483
338678
338811
338947
339048
339142
339606
339885
339977
340311
340938
341253
341270
341360
341501
341803
341824
341866
341990
342217
342524
342546
342688
342699
342834
343169
343483
343539
343946
344106
344299
344329
344425
345467
345780
345921
346164
346186
346245
346690
347169
347246
347476
347516
347542
347626
347752
348100
348261
348618
349114
349200
349537
349622
349648
349705
349878
350143
350327
350390
350725
350825
350965
351078
351140
351200
351455
351613
351640
351686
351893
352108
352255
352366
352821
352980
353144
353509
353681
353824
354730
354798
354806
355203
355387
355402
355676
356160
356698
357025
358249
358331
358393
358497
358509
358557
358760
358869
358932
359002
359007
359077
359592
360011
360024
360750
361022
361804
361977
362310
362325
362426
362924
363046
363093
363302
363564
363671
363733
363786
363953
364641
364658
365043
365174
365308
365594
365690
365792
365986
366008
366096
366177
366241
366422
366567
366757
366764
366803
367291
367391
367407
367523
367609
367703
367815
368030
368031
368115
368247
368876
369215
369273
369330
369391
369567
369618
369652
369654
369660
370417
370455
370988
371055
371168
371336
371498
371519
371532
372049
372065
372468
372863
373710
374205
374467
374468
374511
374604
374708
375104
375121
375230
375234
375387
375542
375663
375986
376043
376147
376300
376513
376532
376596
376854
377242
377424
377599
377785
378116
378412
378436
378563
378650
378870
379021
379043
379139
379365
379581
380403
380569
380881
380944
381138
381294
381562
381808
381830
381915
382117
382233
382334
382500
382530
383294
383566
383619
383660
383912
383930
383964
383984
384238
384267
385192
385271
385474
385817
385979
386610
386748
387021
387239
387373
387528
387572
387644
387862
388000
388275
388315
388427
388801
388905
388999
389100
389285
389767
389821
389853
389967
390050
390100
390487
390781
390982
391083
391085
391285
391499
391557
391622
391789
391792
392099
392200
392366
392471
392497
392599
393462
393661
393938
394026
394135
394323
394345
394415
394459
394799
394811
395023
395546
395548
396004
396106
396326
396496
396554
396653
396831
397187
397272
397289
397295
397316
397622
398211
398410
398534
398960
399352
399368
399542
399682
399983
400788
400880
401087
401241
401272
402047
402066
402120
403667
403759
403896
404018
404122
404152
404263
404347
404406
404857
405239
405626
405997
406252
406484
406534
406595
406750
406809
407030
407141
407250
407276
407914
408175
408547
408579
408799
409174
409547
409935
410175
410397
410428
410433
410463
410508
410741
410982
410985
411058
411438
411452
411787
411843
412068
412209
412387
412468
412932
412949
413192
413540
413547
413937
413973
414193
414266
414465
414758
415088
415331
415447
415514
415695
415742
415765
416537
416581
416623
416684
416959
417692
417954
418485
418551
418965
419136
420478
420751
420842
420953
421137
421256
422458
422807
423574
423673
424192
424321
424333
424458
424597
425001
425062
425424
425522
425686
425951
425954
426430
426653
426722
426803
426964
427062
427096
427250
427408
427464
427498
427779
427966
428257
428513
428597
428720
428820
428875
429035
429448
429530
429595
429680
429767
429826
429913
430018
430129
430319
430695
431088
431384
431547
431785
432034
432256
432703
432704
432958
432995
433234
433266
433277
433651
433827
433889
433959
433987
434135
434444
434481
434798
434913
434944
435091
435104
435281
435655
435777
436321
436333
437228
437676
437795
437840
437857
437957
438131
438169
438182
438186
438486
438718
438932
439171
439261
439383
440622
440853
440924
441047
441095
441144
441411
441803
442103
442178
442411
442885
442934
443070
443117
443775
443923
444598
444678
444803
445147
445522
445649
445663
445697
445799
446043
446169
446391
446397
446412
446501
446599
446878
447321
447331
447717
447743
448040
448108
448146
448653
448792
449033
449087
449236
449584
449743
449802
449890
449902
449925
449969
450235
450524
450548
450575
450576
450648
450813
451220
451363
451497
451511
451645
451669
451897
452286
452545
453107
453193
453207
453529
453547
453834
454083
454161
454299
454342
454796
454890
455334
455342
455398
455857
456040
456219
456446
456538
456541
456728
456892
457077
457636
457692
457818
458098
458121
458323
458348
458398
458584
458921
459155
459345
459715
460089
460228
460497
460523
460550
460756
460810
460839
461163
461611
461614
461699
461875
462181
462196
462734
462819
462924
463016
463030
463363
463488
463491
463507
463510
463813
463903
464167
464208
464662
464687
464772
464842
465127
465145
465877
466582
466609
467072
467407
467469
467594
467648
468259
468327
468383
468493
468745
468837
468865
468996
469350
470042
470235
470241
470564
470805
471039
471841
472476
472493
473077
473693
473831
473942
474238
474414
474673
474786
475420
475431
475467
475561
475601
475803
476137
476652
476658
476922
477413
477648
477692
477807
477865
477918
478065
478155
478484
478556
478604
478639
478744
478749
478820
479474
479553
479797
479899
480136
480366
480524
480899
481388
482352
482598
482684
482729
482764
482999
483161
483490
483533
483699
483786
483857
483858
484315
484493
484887
485052
485384
486023
486452
486471
486791
487176
487798
488525
489543
489631
489665
489947
490096
490190
490207
490282
490375
490755
490898
491395
491767
492313
492336
492345
492368
492488
492809
493372
493553
493713
493937
493984
494444
494940
494963
495047
495325
495409
495425
495617
496123
496369
496830
496856
496860
497223
497347
497696
497798
498185
498245
498308
498489
498495
498524
498529
498661
498760
498824
499303
499519
499712
499732
500158
500190
500619
500652
500694
500908
501835
501883
501994
502006
502484
502556
502604
502695
502923
503117
503202
503496
503765
503769
503953
504538
504549
504554
504682
504723
504878
504975
505071
505316
505338
505893
505941
506019
506588
506611
506632
506821
506861
507489
507605
507729
507844
507875
507933
508051
508067
508445
508560
509424
509809
509835
510060
510208
510450
510669
510973
511109
511113
511360
511672
511732
511792
511998
513053
513054
513469
513782
513907
514513
515076
515147
515368
515788
516100
516402
516711
516797
516890
517021
517196
517402
517641
517741
518075
518398
518714
518762
518808
518843
518911
519242
519306
519454
519604
519872
519885
520041
520059
520071
520830
521133
521331
521340
521549
522476
522851
522862
522876
522905
523099
523147
523273
523346
523545
523915
524775
524910
525672
525815
526027
526047
526488
526727
526840
526886
526976
527664
527677
527882
528008
528097
528271
528367
528441
528536
528716
528869
529024
529037
529296
529466
529602
529736
529864
529911
530055
530130
530133
531554
531587
532337
532364
532387
532620
532661
533162
533163
533301
534156
534265
534447
534553
535088
535177
536451
536487
537036
537237
537257
538286
538471
538623
538893
539030
539054
539188
539278
539760
539813
540071
540144
541029
541099
541162
541698
542031
542084
542288
542397
542552
542733
542969
543323
543375
543423
543558
543563
543676
543973
544206
544281
544826
544881
545058
545136
545598
545671
545865
545869
545944
546031
546140
546403
546875
546986
547214
547328
547403
547482
547578
547635
548108
548326
548480
548715
548950
548967
549016
549038
549263
549759
550149
550387
550584
550676
550893
551179
551883
551892
552778
552904
553151
553832
554079
554132
554164
554521
554580
555125
555395
555398
555550
555905
556175
556224
556739
557111
557128
557170
557371
557390
557417
557537
557602
558934
560369
561007
561915
561920
562132
562434
562656
562758
562861
563064
563386
563531
563600
563904
564966
565546
565802
566257
567321
567649
567971
568128
568646
568765
568931
568991
569539
569912
570223
570444
570723
570894
571624
571877
571884
572265
572285
572292
572389
572651
573069
573223
573413
573561
573766
573823
573952
574048
574409
574626
574649
574753
574920
575187
575287
575363
575598
575625
575826
576011
576327
576380
576736
576831
576867
577134
577267
577441
577469
577470
578455
579353
579539
579893
580125
580198
580256
580277
580384
580539
581114
581622
581633
581869
582763
582952
583460
583711
583889
584082
584126
584495
584660
585130
585153
585291
585712
585939
586110
586233
586476
587512
587513
587730
588320
588666
589066
589322
589952
590250
590586
591109
591165
591985
592015
592031
592157
592250
592421
592510
592631
592824
593355
594027
594239
594278
594535
594866
594927
595077
596160
597001
597071
597177
597247
597464
597681
597747
598262
598832
598952
598989
599033
599279
599480
599504
599725
600025
600173
600388
600449
600770
601110
601324
601588
601640
601940
602247
602997
603130
604365
604451
604551
604650
605022
605153
605261
605886
606011
606730
606741
607076
607089
607278
608210
608527
608653
608658
608982
608989
609070
609104
609414
609450
609478
609538
610441
610876
610976
611194
611419
611526
611673
611740
612079
612113
612308
612525
612651
612925
613324
615114
615119
615217
615358
615570
615572
615661
616225
616308
616594
616635
616689
616757
617111
617754
618281
618387
618550
619106
619240
619303
619322
619369
619452
619574
619745
620425
620502
621020
621583
621707
621743
621947
622063
622371
622396
622433
622579
622610
622767
622970
623406
623440
624033
624122
624190
625100
625377
625753
625772
625952
626070
626895
630729
632799
632887
633860
634606
638210
641366
641861
642541
644142
645318
649715
650857
651351
653292
654290
654871
655735
656070
656513
657916
658494
660004
660622
661812
665107
665575
665704
666438
668634
668724
670901
671664
672522
674245
674334
675303
678309
679082
680859
684214
684785
685600
685619
685764
685813
686625
688628
688836
689532
689827
690546
690846
694314
695024
696493
697089
697160
697763
697825
697903
698889
700783
702345
703448
703679
704970
705081
705142
705461
707139
708611
709065
710040
712021
712533
714379
714926
715919
716605
717935
717976
717996
718985
719356
719763
723355
723407
723771
724769
725674
726763
728228
729030
729727
730877
731154
732484
734701
734723
735631
736264
736583
737017
738639
738694
739371
739761
739852
740249
740325
740629
740635
741223
741466
741468
742006
742752
742980
743419
743771
745144
745765
745810
746755
746862
747540
747961
748312
748914
749414
750189
750685
751223
751513
751640
752577
753439
753443
753583
753808
754357
754521
754776
755093
755525
755860
756073
756209
756621
756895
756981
757634
758094
758160
758197
758478
758594
759248
759580
759650
761035
761471
761668
762864
763328
764099
764196
764204
764518
764703
765409
765774
765780
765800
765847
767723
768062
768575
768895
769443
769479
770100
770709
771204
771876
772694
773306
773493
773817
775561
778017
778466
778695
778698
779524
779784
780125
780907
781838
781956
782020
782913
783849
784065
784400
785626
785654
785840
786253
786504
786688
787238
788080
790090
790526
790704
791569
792293
792356
794092
794248
794611
794630
794639
795129
795743
797275
798464
799315
799503
800362
801007
801089
803252
803351
803600
803876
804418
805459
806345
806597
807738
808860
810351
810796
812773
815803
816971
817476
817595
817788
818482
818839
820120
821047
823956
824022
824083
826643
827039
827095
827281
827344
827637
827754
827818
828469
828612
829156
829305
829769
829955
830201
830534
830622
830899
833102
833186
833782
834134
834614
834878
835212
835781
835944
836316
836821
837740
838190
838634
839229
839359
839435
839442
839992
840055
840115
840312
840358
841132
841409
841703
842177
844279
844499
845834
845965
846778
849063
849181
850013
854198
854939
857878
863773
863993
864036
864313
865051
865797
866495
866605
866640
867719
867771
867960
868156
868338
868475
868635
868995
869030
869078
869696
869865
870253
870442
871355
871822
871984
872220
872365
872973
873712
873816
874128
874430
874911
875101
875310
875352
875583
875750
875980
876409
876531
877238
877676
878101
878293
878785
879068
879166
879452
879619
879690
879726
880018
880445
880558
881021
881389
881409
881538
881845
882335
883001
883474
883606
883667
884176
884245
884467
884486
884508
884542
884582
884807
885558
885724
886102
887379
887722
887828
888184
888764
889405
889531
889830
889959
890071
890216
891167
891209
891917
892083
892098
892846
892868
893080
893757
894273
894584
895064
895403
895483
895595
895765
895820
896161
896260
896583
897154
897242
897326
897373
897469
898005
898306
898384
898639
898933
899076
899326
899391
899503
899574
899601
899638
899788
900069
900713
901075
901480
901879
902019
902624
903493
904772
904975
905354
906279
907256
907465
907616
907965
908014
908076
908191
908239
908364
908667
908865
909186
909961
910386
910592
910611
911180
911227
911353
911475
911614
911887
912349
912462
912665
913685
914112
914722
915187
915947
916245
916801
917946
918021
918553
918855
919299
919423
919468
919511
919822
920788
921231
922413
922746
923278
923662
923740
924231
924262
924723
926266
927307
927319
927343
928252
928374
928507
928931
928984
929119
929195
929431
930120
930308
931146
932121
932324
932372
932538
932988
933077
934189
934931
936731
938891
939447
941247
942083
942111
942775
942840
944889
944957
946440
946557
948321
948847
948947
949029
949287
949334
949677
949782
950274
950347
950583
950589
952141
952567
952954
953668
953733
953805
953965
954055
954060
954244
954307
955175
955991
956307
956380
956967
957469
958301
958606
958732
959369
961053
961231
961599
962627
963258
963372
964059
964917
964919
965032
965265
965727
965732
966445
966495
966593
967255
967612
969708
970747
970916
970923
971407
971861
971894
971917
972198
972461
972595
973080
973631
973633
975486
976825
977136
977296
977552
977658
978112
978552
978914
980613
981371
981616
981962
983083
983244
983313
984130
984268
984450
984997
985407
985443
986779
987308
987770
988004
988587
988673
988692
988914
988923
989394
989745
990090
990121
990394
993289
993998
994488
995068
995513
995674
996203
996220
996628
997283
997960
998226
998545
998627
998827
999021
999588
999653
999694
999796
1000572
1001002
1001355
1001366
1001750
1001802
1003141
1003366
1003540
1005938
1007975
1008413
1008977
1009163
1009417
1009525
1009849
1010411
1010670
1010693
1011493
1012178
1012481
1012584
1012882
1014735
1014763
1014769
1014929
1015057
1015214
1015959
1016110
1016687
1016700
1016887
1016894
1017395
1017547
1017619
1017993
1018363
1018889
1019250
1019257
1019603
1019957
1020121
1020231
1021708
1021725
1022568
1022678
1022785
1023310
1023649
1024698
1025268
1025269
1025324
1025942
1026095
1026225
1026682
1026838
1026912
1027719
1028263
1030038
1030310
1030693
1030971
1031512
1031532
1031992
1032314
1032925
1033453
1033511
1034094
1034783
1034893
1035211
1035277
1035316
1035440
1035449
1035652
1036065
1036212
1036452
1036501
1036736
1037716
1037841
1038540
1039536
1040595
1041694
1041984
1042434
1042524
1042827
1043069
1043423
1043765
1044582
1044943
1045493
1046545
1047735
1047905
1048433
1048509
1048927
1049064
1049907
1050540
1050603
1051160
1051263
1051441
1052000
1052083
1052302
1052803
1053169
1054285
1054312
1054435
1055221
1055711
1055722
1055889
1056292
1056600
1056623
1056787
1056892
1057209
1057476
1057759
1057904
1058087
1058519
1059122
1059225
1059331
1059661
1059759
1061389
1061707
1061717
1062496
1062941
1062967
1063483
1064162
1064200
1064465
1064854
1065001
1065137
1065428
1065591
1066889
1067114
1067318
1068315
1069521
1069812
1070005
1070156
1070388
1070544
1071253
1071331
1071489
1071778
1072004
1072489
1072620
1072676
1073436
1073476
1073589
1073949
1074747
1075172
1075480
1076144
1076431
1076897
1077642
1077855
1077931
1078269
1078414
1079240
1079482
1079952
1080003
1080821
1081202
1081436
1081772
1082527
1082559
1082564
1083441
1083753
1084130
1085097
1085123
1085353
1085922
1086080
1086500
1086750
1086766
1087572
1087890
1087896
1087925
1088554
1088642
1089040
1089409
1091502
1092704
1093208
1095891
1096242
1096379
1096487
1097340
1097486
1097531
1097861
1098035
1098390
1098492
1098547
1098836
1099079
1099347
1099359
1099487
1100545
1100560
1101032
1101767
1101837
1102032
1102164
1102269
1102697
1102967
1103450
1104889
1105448
1106530
1107772
1108254
1108356
1109186
1109265
1109720
1110967
1111303
1111652
1112423
1113174
1113645
1113818
1113975
1114322
1115415
1115520
1116840
1122556
1122610
1122775
1123126
1123496
1124305
1134243
1140446
1149491
1150188
1150208
1150653
1150694
1150728
1151893
1152103
1152374
1152535
1152580
1153190
1153605
1153989
1154182
1154800
1154945
1155363
1155602
1156107
1156188
1156576
1157924
1158275
1158614
1159102
1159268
1159958
1159966
1160093
1160121
1160717
1161479
1161487
1162081
1162167
1163145
1163683
1163691
1164184
1164616
1166779
1166843
1166868
1167088
1167207
1167570
1167880
1168550
1168767
1169281
1169666
1169972
1170388
1170752
1171241
1171265
1171944
1172049
1172059
1172145
1172482
1172744
1172838
1174484
1175006
1175352
1175527
1175608
1176152
1176543
1176702
1176955
1177120
1177137
1177744
1177828
1177944
1177948
1178133
1178623
1179708
1180306
1180366
1180587
1180862
1181655
1182349
1182559
1182802
1183011
1183451
1184199
1184695
1185343
1186111
1186514
1186998
1187534
1187547
1188282
1189216
1189520
1189972
1190088
1190153
1190388
1190400
1191389
1191682
1191758
1191759
1192197
1192664
1194491
1195040
1195165
1195393
1195916
1196055
1197437
1197850
1197907
1198352
1198788
1198815
1199204
1200272
1200297
1200516
1200836
1201735
1202537
1202770
1202978
1203072
1203238
1203306
1203609
1203695
1203970
1204127
1204202
1204589
1205093
1205340
1205733
1206265
1207201
1207721
1208170
1208302
1208935
1208978
1209254
1209302
1209542
1210893
1211054
1211584
1212539
1213312
1213796
1214465
1215389
1215534
1215590
1215808
1216816
1217273
1217691
1217828
1218049
1218394
1219628
1219661
1220195
1220283
1222518
1222958
1223638
1223856
1224139
1225868
1225904
1225976
1226959
1227007
1227849
1228135
1228184
1229615
1229703
1229789
1230137
1231303
1232001
1233005
1233360
1233983
1234306
1234749
1234806
1234881
1234974
1235011
1235206
1235578
1237005
1237538
1237641
1237661
1237802
1238124
1239214
1239396
1239591
1240396
1240703
1240791
1240903
1240909
1240944
1241233
1241765
1241918
1242252
1242285
1242631
1242789
1245108
1245373
1245438
1246258
1246442
