105492
111737
117667
128103
131015
132253
138118
146069
150817
154953
156490
156715
163810
163968
166154
168332
174458
203128
204882
234221
234222
235596
238316
267322
275401
280156
281256
281274
282269
286321
288842
289284
292531
298742
302709
307536
310920
310944
313112
313291
313520
314228
314647
314666
314852
317741
318269
325622
331420
332762
333729
336328
337414
339428
339675
339846
344587
352623
354401
356791
356945
357250
358032
358543
363534
365245
366974
369854
372970
373230
373233
373743
376107
376527
379152
380309
382915
385378
385630
385735
386890
387459
390427
390693
391139
391437
391617
393314
393353
393559
393980
394148
394646
395081
396547
400581
403445
404535
406153
406848
407186
408382
408811
409494
409846
410111
410921
413183
413855
416396
419395
422118
423953
428547
429748
430029
431837
432236
433003
436386
438477
438637
439923
442303
444052
444143
445207
445326
445370
446979
447143
447204
451129
451156
452878
453384
456059
456287
460231
460754
460915
462727
463018
463969
464835
465066
465110
465211
466214
466406
466568
466895
467022
468749
469533
470961
471672
474015
474401
474699
475419
477520
482649
482740
482817
483143
483791
484120
484505
484507
484569
484669
485025
485938
487514
488635
488638
492002
492634
493366
495507
497711
499286
500078
501613
502383
502470
504096
504671
506129
506768
507317
507889
508618
509547
510225
514476
515047
515602
516496
516505
518166
518226
519068
519137
520357
521837
523465
523515
523586
523602
523822
524084
525365
526471
526900
527081
527437
527980
528601
530730
530805
530862
531947
532159
532306
533587
535243
535249
535895
536913
537436
539399
540559
540798
541016
541611
541985
542530
542536
542697
545049
545877
546013
546750
546857
547665
548830
549049
551001
551091
551098
552282
552846
554157
554673
555013
555981
556062
556233
556689
556852
556927
557034
557620
557636
558639
558641
559504
560080
560139
560724
562595
562783
563483
564071
564110
564430
564592
565138
565526
566531
567311
568670
569028
570060
570071
570324
572123
572580
573956
574818
574941
574988
575218
577449
577541
578365
578715
579001
582421
582604
582622
582842
583553
584471
584492
586193
586977
587539
589121
589515
589526
590111
590482
592647
593782
593924
594957
595282
596222
597324
598054
598439
598679
599766
600064
600377
601544
601965
602293
602580
603348
603487
606290
607393
607948
608169
608228
609497
609958
611332
611967
612410
612824
614383
615263
615774
616081
618453
618667
619810
620486
620532
622268
624505
624521
624822
624828
624875
624998
625131
625204
625577
625592
626163
626293
626543
654955
655024
659482
667914
673209
676950
686919
687466
688849
691791
693357
697228
701886
703612
704816
705507
707101
709851
712438
713746
714548
715453
716095
716646
719305
733681
736979
739860
741484
741648
741764
741769
742338
744700
744951
745848
746974
748401
751921
753354
753856
754849
755092
755948
758619
760352
762882
763495
767252
768578
775133
775182
776007
777643
779569
779663
784262
786140
789882
792873
792893
794690
794828
794982
795480
819859
821006
826694
827072
828730
832718
838066
838368
839184
844055
845601
847294
848418
860385
863192
863452
864534
864885
865871
866215
868830
869439
871314
871654
872222
873063
873625
874035
878894
880447
880836
880853
884501
886366
886524
886582
889507
889954
890147
890399
891055
895812
897112
897673
899949
901745
901836
903506
905016
905482
906700
907866
908384
909853
910412
910918
911071
911241
914984
915361
915429
915568
918078
918392
918459
920128
920333
922200
922899
924972
925222
926125
926215
926375
927709
928890
930781
932374
933717
935624
935721
937602
939408
940391
945336
948247
948492
949466
950091
950781
951420
953681
955263
958258
958960
959903
961444
964437
964536
965172
966582
968493
968655
969099
969957
971143
971686
973691
973940
975187
975489
976315
977640
978018
979705
979743
979815
980247
980527
980993
981401
982129
982213
983125
985590
988859
989279
992699
993844
994453
995709
996421
996455
996855
999513
999970
1000007
1000503
1000560
1002551
1004943
1005776
1006485
1006496
1006578
1006731
1008376
1009010
1009439
1011466
1012296
1013113
1013535
1013820
1014384
1014685
1015669
1018350
1026496
1028470
1029458
1029981
1030391
1031060
1032078
1034684
1035944
1037190
1037861
1038042
1038574
1039138
1039954
1040541
1041531
1042128
1043104
1044423
1045030
1045083
1046200
1046906
1047587
1048846
1049835
1052397
1052775
1053073
1053469
1053560
1054360
1054508
1054709
1054887
1057525
1057887
1058664
1058749
1061200
1061637
1061789
1063767
1063883
1064131
1065332
1066110
1067295
1068889
1069133
1069284
1069295
1070101
1071861
1071986
1073553
1074489
1074594
1074786
1078771
1080287
1080444
1082539
1082659
1083206
1083319
1084492
1085762
1087105
1089586
1089618
1089694
1090057
1090134
1090323
1090604
1091846
1093043
1094874
1097881
1098455
1098889
1099727
1099947
1100394
1101387
1101768
1102617
1104517
1105168
1105353
1105518
1105519
1106081
1107320
1108145
1108350
1109301
1110262
1110497
1113308
1115939
1116420
1116587
1121072
1124356
1124706
1125216
1133552
1149888
1151143
1151439
1151475
1151709
1151882
1153136
1154091
1156722
1157537
1157557
1157744
1158085
1158216
1158336
1158364
1158603
1159082
1159100
1159402
1159583
1160107
1160216
1160764
1160772
1161081
1161088
1161348
1162320
1162378
1162398
1163442
1163514
1163707
1164173
1164639
1166138
1166747
1168259
1169349
1169656
1170233
1170775
1171502
1172790
1173099
1173969
1175758
1176580
1176603
1177582
1178692
1179008
1179498
1181547
1182692
1184225
1185954
1188579
1188698
1189329
1191051
1191106
1191727
1193422
1193606
1194451
1194699
1194832
1196398
1197916
1198565
1198602
1198934
1199229
1199444
1199905
1201305
1201800
1202342
1202349
1203191
1204480
1205188
1205519
1205586
1207660
1207885
1208947
1209191
1212487
1213402
1213948
1214762
1215775
1218364
1218422
1218594
1218664
1220415
1220735
1221408
1221676
1221920
1223106
1224381
1225076
1225176
1226719
1226834
1227145
1228079
1228143
1228810
1229161
1229708
1231035
1231267
1231687
1232187
1233149
1234517
1234753
1236317
1236516
1236675
1237221
1237605
1238615
1239028
1239801
1240402
1240460
1241312
1242017
1244423
1244683
1245150
1245268
1245706
1245778
1245952
1246482
1246486
