100715
106845
109200
111320
112771
122953
124370
133014
133955
137702
138455
140423
141519
141674
144223
145921
149358
150303
151025
151984
152438
153034
153629
155640
157480
157880
162721
165583
171572
171642
172030
172457
178316
181186
182205
186567
187317
187606
190081
193219
196070
199328
201169
205440
205655
208980
209038
211249
211726
221606
222546
223124
223769
227535
231767
232716
233562
235302
240869
241262
241363
244703
247593
248202
249736
253259
253914
255383
259005
269795
274391
275145
277556
285933
289744
290288
290387
295056
296615
300450
302336
307920
308103
309113
309534
309787
311535
317361
319105
319952
325582
327617
330278
330361
330960
334092
335599
336239
336824
338862
339539
343860
344568
345428
347042
348780
350405
351599
355952
357076
358193
362946
364351
364589
367858
367989
371266
371614
372139
377865
382617
384624
387220
389097
391523
391840
392166
392865
393298
395217
397005
397723
398806
400827
402629
406180
406488
407077
411179
413232
414915
415543
415951
416480
417832
419573
420524
421188
422146
422630
427662
430021
431138
431759
433359
433733
438159
438276
438292
438369
439351
440297
443448
446165
447519
448223
449227
449475
449593
454008
458452
459236
460443
460608
462236
465179
477469
479054
480061
480255
486113
487410
489876
490250
492371
493270
494647
496594
499323
499344
502591
506123
506842
508684
509781
514818
516054
516692
517522
520405
523122
525441
527874
528297
529492
529566
530654
531106
531557
532667
535312
535690
536648
537265
537653
538050
545468
548446
548681
553406
556676
557623
557637
564203
573408
577041
579194
579243
580646
583577
586140
586731
587888
588014
589005
589027
590891
593552
594319
597089
599669
601993
606704
610841
614715
615241
615811
618576
620265
621029
622569
625591
632424
646642
648195
671403
675152
695006
717974
734827
748683
750190
756427
762002
773647
778926
781095
792139
793305
797879
807964
818325
821419
825962
826217
829273
831250
834995
837378
839720
842519
843216
848783
866455
866623
872580
872909
872921
872971
874436
880568
882992
893469
897318
910707
916188
919294
920943
922108
922654
930557
933462
935817
936719
939722
945271
946912
947757
952148
953914
955971
959435
968904
972646
975212
976697
977704
978245
979326
980970
985249
988747
991767
996514
998432
1000138
1008808
1010794
1011380
1017612
1020586
1021887
1025779
1027974
1032905
1032999
1034032
1034506
1039669
1039853
1040709
1041415
1042448
1044697
1060391
1062886
1063450
1064451
1065835
1067863
1071032
1071871
1071940
1074308
1075171
1075952
1080641
1082491
1088476
1089061
1102578
1102714
1106512
1110165
1112491
1150404
1150750
1155422
1160628
1164896
1165766
1165834
1166781
1166927
1170293
1170319
1174792
1177218
1177544
1179877
1180476
1188714
1189196
1189881
1190439
1191183
1192624
1195219
1195378
1201555
1203423
1204460
1206752
1206774
1212744
1221526
1222260
1223446
1225501
1226252
1226895
1231646
1231998
1234847
1235083
1239525
1240239
