100194
100199
100202
101020
101105
101185
101246
102136
102233
103240
103344
103814
104293
104518
104681
105349
105769
105919
106150
107305
107884
108228
108510
108526
108765
108805
108875
108938
109054
109242
109498
109525
109538
109910
110062
110196
110499
110592
110731
111038
111175
111432
111552
111828
111880
111990
111996
112161
112979
113014
113036
113425
113487
113725
113797
114304
114694
114886
114932
114995
115407
115526
116388
116517
116969
118071
118229
118302
118414
118478
118554
118560
118606
118675
119285
119510
119521
119645
119675
120286
120768
121107
121128
121147
121408
121437
121672
121730
122130
122235
122433
122614
123777
123949
123953
124069
124464
124950
125124
126035
126046
126975
127136
127376
127569
127760
127790
128265
128523
128643
128896
129105
129318
129390
130188
130300
130604
130700
131208
131348
131402
131511
131514
131516
131554
131823
132014
132099
132500
132519
132641
133045
133070
133113
133556
133892
134013
134473
134631
134917
135500
136646
136832
137123
137982
138058
138296
138325
138923
138928
139038
139833
140183
140387
141207
141332
141357
141377
141636
141642
142418
142659
142694
143501
143826
145478
145772
146004
146032
146246
146559
147333
147410
147432
147513
147734
148851
148870
149020
149036
149242
149886
149963
150269
150865
151252
152266
152305
152484
152792
152797
153490
153534
153850
153899
154431
154982
155072
155907
155913
156212
156491
156644
156998
157357
157497
157796
157861
158032
158554
158639
159035
159082
160791
160952
161206
161377
161415
161674
162167
162183
162402
163264
163332
163523
163620
163689
163753
163934
163936
164947
165076
165263
165402
165710
165785
166516
166799
167209
167298
167358
167409
168024
168079
168201
168799
168983
169206
169564
170158
170293
170804
171090
171103
171706
171799
172305
172560
172663
172679
172838
173071
173181
173260
173319
174212
174296
174525
174578
174617
174648
174942
175450
175673
175866
176216
176713
176750
177126
177469
177933
178797
178807
178829
179706
179727
180230
180338
180557
180625
180808
180952
180990
181027
181624
181686
181867
182297
182361
182535
182855
182910
183417
183878
184045
184660
184677
184756
184791
184830
185183
185215
185339
185625
185798
186625
187011
187189
187833
187915
187947
187986
188528
188537
188558
188588
188705
188982
189283
189419
189637
189855
190174
190405
191307
191472
191561
191857
192004
192220
192277
192386
192455
192635
192647
193191
193227
193285
193575
193696
193807
194283
195024
195642
195791
195864
196232
196834
197297
197750
197808
197892
197985
198367
198410
198477
198623
198862
199021
199554
199576
199673
199835
200156
200366
200564
200726
200898
201152
201410
201528
201584
201800
202858
203487
203780
204037
204046
204431
204764
204804
205109
205731
205800
205996
206454
206779
207233
208010
208410
208744
208869
208883
209458
209608
209659
209886
210060
211044
211046
211149
211854
212413
212581
212614
213461
214039
214089
214605
214946
215374
215849
216646
217076
217089
217160
217297
217726
217779
217903
218299
218431
219080
220021
220023
220306
220521
220763
222244
222403
222634
222753
222797
223109
223641
223836
223906
224215
224478
224522
224604
225166
225255
225324
225811
226064
226086
226146
226537
226912
226924
226927
227132
227159
227267
227677
228319
228458
228538
228704
228856
229711
229974
230094
230856
231136
231266
231351
231807
231829
232384
232696
233518
233534
234017
234140
234320
234800
234827
234859
234967
235297
235764
236344
236443
236548
236843
237181
237190
238281
238881
239186
239412
239503
239844
240151
240562
240683
241512
241533
241902
241983
242064
242206
242452
242618
242680
242868
242913
242920
243245
243422
243627
243721
243783
243983
244049
244101
244198
245072
245076
245131
245141
245144
245493
246476
246853
247976
248648
248801
248884
249024
249382
249572
249668
249816
250176
250929
251114
251428
251477
252366
252507
252901
252909
253055
253107
253171
253280
254029
254144
254338
254833
254873
255586
255620
256060
256669
256735
257851
257982
258382
258523
258674
259381
259544
259561
259795
259881
259927
260024
260523
260525
260673
260697
261215
261223
261240
261280
261367
261727
261853
262090
262442
262604
262852
262963
263245
263405
263477
264205
264263
264917
265084
265391
265739
265981
266087
266873
267343
267648
267872
268251
268279
268572
268924
269015
269223
269529
269668
269906
270220
270341
270349
270517
271256
271346
271668
271676
272123
272341
272970
273267
273618
273842
273864
274034
274400
274836
274894
274953
275025
275267
275357
275763
275782
275978
276667
276939
277301
277476
277677
278491
278763
278799
278839
278908
279152
279798
279941
279979
280081
280850
280880
280966
280970
281206
281800
281971
281988
282186
282311
282671
283171
283194
283533
284461
284739
284871
285090
285626
285995
286161
286210
286669
287042
287131
287468
287608
287663
287831
288051
288466
288642
288714
288782
289781
290114
290535
290616
291218
291317
291806
291944
292093
292710
292888
293601
293702
293965
294576
294969
295265
295730
296038
296181
296501
296684
297113
297431
297822
297929
299417
299418
299446
299608
300297
301402
301967
302471
302864
302998
303397
303546
303696
303718
304012
304126
304157
304373
304794
305678
306042
306257
306731
307039
307173
307244
307299
307665
307718
307874
307921
308745
309153
309563
310133
310155
310581
311654
312256
312355
312801
312821
312931
313327
313423
313674
314188
314813
315068
315247
315284
315727
317211
317586
317831
318322
318678
318895
319006
319024
319146
319299
321120
321180
321847
322466
323051
323804
324062
324977
325066
325241
326070
326528
326787
327351
327605
327976
328019
328114
328330
329057
329907
330487
331038
331214
331273
332432
333036
333665
333899
333900
334185
334874
335036
335334
335544
336312
336873
337309
337531
338091
338288
338798
339445
339905
340149
340253
341101
341102
341164
341341
342422
343312
343449
343583
343673
343748
343754
343805
343869
344415
344630
345281
345301
345500
346289
346333
346950
347067
347545
347715
347942
348948
348997
349049
349295
349765
350009
350522
350958
350967
351013
351763
352939
353175
353221
354353
354407
354783
355520
355661
355831
355892
355921
358338
358412
359870
361047
361404
361488
362617
362675
364367
364676
364804
364809
364850
364948
365431
365455
365989
366244
366834
367524
367674
369474
369769
369960
371485
371575
371690
371866
371882
372104
372225
372272
372524
372592
373506
373616
373747
374383
374485
374591
375021
375108
375519
376289
376431
376468
376741
376762
377414
377602
377607
377790
378736
379576
379896
381297
381685
381688
381774
381797
382851
382891
383035
383170
383172
383585
384261
385318
386196
386629
387643
387660
388222
388739
388861
389496
390199
392706
392833
392932
393261
393439
394073
394741
395636
395817
397384
398935
399284
400722
400840
401082
401212
402612
402831
402886
403184
403765
403833
405901
406037
406056
406989
407312
407553
407912
408156
409352
409911
410425
410442
410571
410856
412127
412591
413530
415126
415349
416219
416657
416890
417444
417557
418124
418403
418747
418780
419307
419944
420269
420839
421070
421208
421358
421796
422261
422790
422871
422901
423300
423611
424534
424857
425149
425455
427035
427283
427572
427783
428202
428816
429092
430792
430886
431265
431870
432898
433081
433495
434194
434234
435521
435841
435869
436895
436986
437259
437343
437383
438114
439252
439310
440514
440600
442662
442697
443971
444055
444410
445481
446750
448255
448486
449596
450011
450071
450205
451487
451717
452645
453504
453664
454219
454364
454785
454907
455008
455098
456005
457107
457930
458746
459432
459990
460243
460711
460771
460837
461159
461571
461848
461997
462636
463457
463835
464331
464482
464694
464868
465285
465370
465940
466822
468396
468467
469049
469497
469724
470065
470271
470300
470752
472439
473137
473604
473727
474598
474879
475838
476436
477610
477808
477935
478456
478530
479042
479256
480373
480623
482021
482305
482512
483100
484135
484177
484799
484848
485071
485422
485647
487374
487994
488781
488821
488836
489263
489774
490277
490823
493156
493464
494238
495304
495387
495424
495684
497772
498199
498303
498326
499402
499471
499566
500915
501757
502749
503073
505454
506206
506972
507197
508075
508501
508803
509386
509392
509945
510277
510384
510635
511024
511074
511129
511819
512100
512483
513129
514227
514462
514478
515288
515329
515406
516399
516578
516808
517260
517323
517413
518130
518759
518871
518902
518920
519320
519327
519452
519472
519718
519722
519802
519887
519997
520531
520650
521161
521885
521894
522574
522769
523013
524408
524485
524883
525073
525730
526873
527838
528700
528757
528917
529805
530127
530240
530327
530433
531372
531681
531875
532518
534268
535047
535413
535729
535838
535929
536074
536334
536398
537370
537723
538091
538133
538246
538955
539289
540247
540476
541193
541230
541273
541286
541417
541453
541470
543400
543430
543612
543699
544445
544950
545604
546192
546453
546995
547386
547651
547972
548194
548439
548581
549238
549392
549403
549424
549705
550117
550799
551221
551228
552444
552555
552903
553790
554920
555121
555432
555806
558182
558940
558965
559445
560864
561354
562015
562196
562339
562398
563375
563379
563799
563868
564220
564233
564467
564710
566360
566408
567034
567787
568132
569268
569623
570365
571913
571960
572850
573130
573477
573519
573954
574855
574979
575459
576313
576731
577215
577702
578038
578301
578507
580773
581042
581673
584167
584447
586484
586508
586993
587473
588437
589044
589124
589776
590071
590919
591902
592214
592618
593447
594114
594237
595081
595248
596052
596217
598334
599245
600143
600505
600607
601586
601900
602583
603391
604098
604361
605319
605420
605523
606450
608352
609178
609257
611456
613804
616591
616783
616924
618224
619482
622174
622516
625091
626547
628001
628994
631975
632691
634638
636458
637082
639907
642745
648052
650731
651048
651248
652546
653447
655274
655783
655983
658355
659845
660497
661931
663939
671878
680679
680791
681522
682155
683849
686238
688065
689153
693482
695853
696497
698495
700863
701153
711978
714997
715221
715341
717621
718379
721265
721420
723615
724230
725052
726166
726412
726503
727418
730291
730652
730825
731074
732056
733146
733175
733181
736206
737370
740276
744146
747609
749020
751017
751146
751456
762454
764005
764487
768034
772456
773826
775380
776247
777614
779241
780709
781588
781926
785031
785381
787473
787610
788906
789767
790557
795191
797767
798559
798831
798943
800420
803745
804222
804391
804528
804991
805158
806452
806515
807033
808787
808804
808909
810001
811501
813375
814206
814744
815100
815181
815553
815942
815963
816223
819320
819522
819833
822437
822596
823539
825224
825683
825822
825883
826258
833153
835707
837373
837657
837799
838612
838913
839662
840183
841049
841343
841583
842314
844047
844897
845961
846301
847660
849095
863041
863202
863467
863705
864748
865290
867699
867784
868208
870078
870823
871085
872133
873614
875023
875200
875358
875487
876693
876768
877179
878920
879040
879531
880160
881238
881500
881754
883628
883974
887080
887474
887891
889255
891873
893459
894888
897071
899725
900464
900910
901144
904119
904652
905059
906526
908982
910272
911369
912460
912494
912949
913577
914109
914714
915181
915275
915967
917858
917932
920439
923982
924447
934626
937696
938561
939342
940354
942017
949491
950963
951105
952642
953088
953767
953816
953856
954473
955102
955120
956341
956708
957393
957568
958444
958708
963615
964269
964558
964899
968551
969304
972539
973075
975687
975853
976581
978950
981914
987275
987563
989480
993656
997051
997163
998202
999728
1001550
1001746
1001782
1001837
1001980
1004644
1005477
1005767
1006301
1014587
1014663
1016343
1017496
1018638
1020524
1021208
1021223
1023595
1025439
1026865
1028364
1028559
1028599
1030140
1030880
1031252
1031383
1032311
1033497
1033518
1039029
1039714
1044106
1045120
1046162
1046623
1046714
1053208
1054084
1054362
1054696
1055062
1055988
1056766
1057638
1058591
1059459
1063037
1063343
1065517
1066019
1066122
1066628
1066967
1071706
1072617
1072832
1075341
1075814
1078193
1079499
1082555
1082788
1085225
1088923
1090202
1093004
1096278
1098337
1098440
1099219
1099695
1101017
1102306
1102540
1102687
1102796
1103111
1104426
1104545
1106362
1106966
1107311
1108403
1109621
1109699
1111244
1112698
1120736
1121622
1122433
1125421
1133574
1139417
1142122
1149541
1152114
1157721
1158411
1158986
1160845
1161989
1162427
1163690
1163746
1163901
1164080
1166439
1167617
1168001
1168051
1168082
1171591
1171621
1175061
1176435
1177294
1177510
1177610
1178525
1178802
1183558
1183878
1185280
1186493
1187732
1191484
1193315
1193992
1196227
1197551
1199522
1200229
1202592
1204097
1204414
1208148
1210043
1210145
1211025
1212318
1212683
1213768
1214777
1214938
1216036
1216244
1220341
1220484
1221607
1221673
1226798
1230310
1235670
1235780
1235941
1236101
1236845
1238217
1238505
1242175
1243938
