100715
103101
104311
104734
106261
107150
107724
107981
111320
111539
111800
114621
115016
121517
122194
122953
133014
134804
138455
140423
141519
141837
143958
145163
149005
149637
150445
151025
151984
152198
152438
152989
155640
156305
157880
159390
168011
170122
171642
171968
172030
172457
173559
174303
175030
175435
177158
178862
179122
179209
181719
182205
186567
187060
187606
189203
192405
193219
196070
200739
201078
201782
205440
208980
209038
211249
211726
213832
214010
214925
217456
220140
221606
221812
222422
222546
223769
226572
227535
231223
232630
240869
240997
241262
241363
245375
246405
247593
247659
248818
253914
255096
257146
258511
259005
261750
263990
268238
268398
269795
270347
272546
275813
276531
277556
278317
280471
282859
283164
284718
285334
286241
290288
290387
292707
293261
294438
296939
297775
299586
302336
303182
303423
304895
307920
308866
309113
314677
317361
317365
323823
327099
327491
327617
334092
334799
334851
335322
335599
336083
336239
336691
336824
338241
338862
339539
340868
343860
344262
344568
345926
346096
347928
348140
350405
351599
355592
355952
356857
357713
359000
364351
364589
366154
371195
371266
376207
378833
382160
383055
384249
386178
386287
387220
388004
388248
389056
389914
391238
391490
391523
391838
391840
392032
395217
396165
397005
402518
406488
408070
410937
412751
412754
413232
414915
415543
415951
416265
417832
417943
420084
421226
421633
422630
422794
427662
427893
429282
430423
431083
431138
433733
436727
438159
438292
438350
438369
439351
440297
443448
443466
444007
447519
447692
447972
448223
449475
452237
453449
454160
455558
456731
457637
462236
472186
473273
473380
474144
477469
480061
487105
490639
493115
493270
493557
493932
494081
495638
495784
496594
496823
502591
505897
506197
506630
506842
507119
511293
513064
515783
516054
516654
516692
518888
521298
522704
523122
525242
525441
527508
530839
535603
535690
536284
537265
541146
541950
542121
542549
545468
545781
546375
546438
547684
548446
550777
551406
553406
553494
557623
557637
559328
564054
565214
567863
574194
574776
575027
580646
588525
591971
592102
592916
593807
597089
598574
599669
603349
604971
606579
606704
610554
612887
613920
615811
618484
620725
621494
622569
625591
626124
652084
658691
675152
680508
686267
689705
702573
703490
727718
729842
731766
733528
734827
740529
762002
762660
765773
766612
774141
778926
796188
799725
804295
807964
809543
818420
819864
820317
821419
825190
826217
827055
831250
832604
833255
835247
836786
843216
863824
866623
866758
869622
871210
872120
872921
873018
874436
875804
883283
883538
885967
892685
893502
895473
895808
911537
919294
924203
925293
931007
936719
938711
941776
947757
951512
952148
953867
953914
963812
967132
968137
969956
971507
976697
980970
988682
988747
1000138
1003026
1011380
1011599
1020586
1025779
1027974
1029623
1029914
1033353
1034032
1040799
1041415
1048291
1056712
1060391
1061188
1067321
1072252
1074510
1080072
1082491
1082849
1088476
1094863
1102763
1109874
1110165
1153069
1156974
1165766
1170848
1177218
1194449
1195378
1196573
1202350
1210635
1216738
1223446
1236011
1240426
1242619
1242652
