100715
103101
106845
107536
114621
120153
122194
126268
133014
134419
144223
147670
149358
150303
151984
156305
162269
168011
168797
169094
172457
173068
173559
176093
178316
179452
182205
193219
198622
209038
211249
215571
216255
217456
220201
221046
221812
222546
224628
226704
227535
227713
231223
232528
243852
247920
256580
259005
263990
266856
269154
269944
272546
274391
285334
285727
288286
289744
290387
293830
300450
303113
303423
317176
319251
322611
323823
324156
325191
326647
331350
332928
335322
335616
338862
339726
347996
349205
349890
350146
351599
351983
353700
355952
357076
357905
358113
358261
362197
364470
366154
369158
369359
370185
371095
371266
371614
371849
377348
390818
392865
393298
397005
397717
398830
407466
408099
411913
414915
415543
415771
416265
419573
422146
422630
425791
427699
431138
438350
439351
444007
446067
446165
448223
452539
455558
459308
460608
463535
465179
466365
468051
477144
477469
479054
481450
482225
487410
488841
490201
490873
491581
492619
496126
510744
511908
512746
515491
515936
517522
518888
523772
525441
528833
529492
529543
529710
532152
537265
540322
541950
545945
546438
547497
548152
551871
553406
558564
563851
567223
567863
572727
576281
577867
577997
579194
579243
581927
582195
583577
584297
588525
590154
592916
595074
602965
604291
605982
612887
618576
621421
626124
632424
656134
684671
691537
705311
722810
725135
733528
734691
737643
751399
753505
761744
762002
782177
789578
790252
794349
800950
817236
818420
819787
822408
828136
829273
829744
849340
866455
869407
881068
881163
882992
885851
886947
889372
902688
903826
918206
919151
922108
924203
933793
939722
941597
941776
945568
948238
948265
951512
953867
953914
964541
969405
971139
972104
972285
975212
977832
978653
979326
991393
997744
1000369
1009063
1010794
1011496
1014377
1015386
1016068
1022699
1025140
1029914
1037406
1041263
1044697
1049623
1050325
1060391
1061702
1063103
1065030
1066509
1066878
1071032
1074510
1075171
1082607
1089061
1089611
1101605
1102631
1112404
1150404
1155422
1158928
1170319
1173287
1174792
1180476
1181760
1183793
1189196
1190251
1192624
1197342
1198123
1198151
1199390
1204460
1211526
1218070
1219618
1220333
1222260
1224499
1224502
1225803
1226895
1236011
1241990
