100351
101998
106500
109665
109828
109978
110071
111896
112768
114934
117669
117790
118234
119438
119454
119803
120461
120628
120734
122808
122976
123035
123344
127196
128645
130756
138510
140167
141312
143238
148963
157893
158300
158513
159143
159431
165550
167428
170320
170515
172406
175616
177738
178786
179325
184726
184920
186748
189720
190629
193943
196871
200111
204208
205515
205866
206055
206123
216241
216555
219146
219147
220278
221681
227452
228947
229782
235527
236428
236452
236612
236748
240504
241230
241393
241897
247732
248428
250397
250400
250481
251002
253255
254813
255304
259329
259907
261715
263583
264567
265244
268921
269558
269939
270378
275313
275829
275928
276275
276679
279676
281031
292427
308063
308525
320242
324385
337538
341166
346406
350887
352671
353299
355552
355942
358390
361281
365613
367948
368495
388497
399087
409431
410330
412481
419473
430278
433622
434667
437624
439081
445612
450463
455425
460099
479504
480218
484879
485421
495441
499532
499840
505859
510699
517711
518800
519469
519667
530131
530416
533921
539572
540810
543869
554368
557270
557428
562802
592027
592724
595037
596289
601992
612288
618391
626865
633165
641006
652268
658129
670457
673938
693691
723417
738892
747446
768527
789650
790432
791944
805674
805683
808622
822185
833231
842170
864719
901873
902580
906886
924298
947530
963215
988368
995860
1027704
1038069
1038955
1057206
1075542
1092292
1150667
1161856
1164676
1164939
1188909
1193813
1207540
1208591
1209111
1213495
1224488
1229386
1230877
1238385
1239805
