101024
106845
108559
129865
133955
134811
135206
137637
138661
139918
140287
144223
147422
148645
149358
150303
152456
154165
156003
165583
168797
170455
173068
173576
174204
175059
175261
176093
178316
179210
180587
180886
188096
191656
201704
207999
208650
215571
217341
221808
227293
232475
232716
233562
235302
253769
271519
274448
274812
275145
275365
282723
284434
284704
285727
286762
288540
290527
290854
291839
293587
293868
296615
297198
300092
305396
313574
314289
319861
319952
320493
322611
323880
324387
325217
327194
335616
336148
339517
339692
339726
340892
347996
350268
351983
353173
358113
358452
361274
361328
361847
362221
364767
366496
367316
377348
382344
386564
388401
390818
392166
392865
395875
397222
399636
400827
402592
406394
411832
411990
412807
415771
415846
417703
418954
419573
420381
422146
425600
425791
430340
430837
431711
433359
435267
440651
442907
446067
446458
446868
449689
450559
452612
456150
458452
460608
461119
461473
465046
466365
466370
472574
473484
473825
474158
474380
480106
480255
480445
482398
484956
485986
487410
491581
494647
494743
496126
500773
506852
508777
513037
513229
520105
522578
526524
528623
529492
534894
535711
536854
546132
547006
551256
556243
558155
558271
561360
565621
565979
568136
568169
572243
572727
577372
579243
582195
583577
585878
586612
586731
590436
592368
592856
595004
595074
596427
602068
603359
604033
613217
617626
638941
671395
672563
678188
690889
694933
700038
705311
716465
718423
747911
754771
756427
758819
763902
773647
773804
777174
779518
793305
825962
832733
834995
839250
841620
849340
865739
867749
869594
871327
871644
878915
880786
881068
882245
882992
884298
886056
889372
898615
917073
933462
940103
949243
956686
961289
961337
964541
968904
972285
975452
975746
977704
979173
979326
985249
991010
996306
1009063
1010794
1015386
1015620
1017070
1017612
1021980
1022699
1023000
1029136
1035736
1044697
1048120
1048142
1049623
1052901
1058160
1058467
1058940
1063103
1066878
1067387
1067863
1071032
1071370
1072656
1077788
1078605
1089611
1101074
1102631
1106348
1106512
1108657
1110735
1120700
1121044
1123466
1140087
1153290
1155422
1158650
1170504
1170738
1170991
1179952
1188239
1189196
1198151
1202478
1204460
1205694
1211928
1212744
1214469
1216011
1220333
1224179
1230138
1237467
1240239
1240667
1241245
1241990
1245469
