100615
101105
101486
101682
102136
102917
103344
104345
105047
105126
105649
105769
106150
108122
108235
108765
108875
108938
109054
109363
109525
109551
109730
109828
109993
110196
110899
111025
111211
111432
111670
111737
111880
111939
112041
112044
112387
112698
113036
113297
113595
113797
114170
114342
114666
114995
115438
115515
116290
116517
116539
116560
116969
118478
118554
118606
119931
120036
120148
120248
120286
120461
120672
120927
121029
121032
121107
121128
121433
121499
121730
121796
122221
122259
123294
123801
124509
124681
125076
125615
125629
125918
126035
126059
126217
126667
126875
127376
127760
127790
127873
128537
128864
129105
129151
129289
130044
130181
130366
131572
131834
132253
132260
132465
132519
132640
132936
133070
133113
133917
134388
134631
134914
135030
135382
137090
137233
137806
137871
138296
139544
140093
140555
140911
140931
141332
141636
141642
141913
142056
142141
142659
143668
143826
144164
144205
144417
144512
145215
145344
145467
145772
145827
146032
146175
146208
146263
146559
147255
147391
147410
147503
147734
147984
148117
148229
148611
148851
149020
149597
149776
149886
149963
150176
150337
150393
151216
151252
152484
152824
152992
153044
153490
153779
153850
153900
153963
154066
154084
154248
154289
155496
155563
155913
156346
156634
156655
156954
156974
157047
157310
157435
158639
159490
160443
160867
161058
161206
161425
161742
162167
162362
162402
163934
163984
164453
164593
165076
165344
165358
165402
165855
166603
166799
167298
168201
168523
169554
171222
171795
171799
172305
172679
173181
173210
173319
173756
174076
174425
174525
174585
174619
174640
175203
175456
175673
176750
176862
177126
177160
177438
177975
178797
179416
179706
179742
179988
180230
180808
181312
181642
181671
181964
182361
182406
182535
183691
184841
185215
185724
185798
186748
187715
187833
188478
188558
188588
189043
189194
189419
189769
190168
190328
190629
191027
191293
191307
191358
191426
191472
191561
192277
192516
193274
193677
193796
193807
194636
195200
195791
195864
196232
196328
196976
197166
197297
197571
197752
197808
198355
198674
198862
198923
199278
199647
199673
199937
199942
200156
200347
200423
200726
200898
201118
202124
202507
202754
203067
203487
203556
204153
204400
204774
205078
205668
205731
206155
206416
206982
207058
207458
207645
208232
208744
209076
209608
209659
209677
210060
210628
211448
212139
214162
214517
214528
214775
215168
215374
215791
215998
216318
217779
217797
218865
219080
219746
219957
221595
222551
223435
223940
224098
224478
224522
224651
225571
225761
225811
226041
226210
226358
226858
226924
227142
227234
227628
227723
228280
228704
230126
230780
230856
231094
231136
231266
231687
232029
233042
234017
234140
234320
234800
234859
235297
235596
236115
236344
237181
237374
237979
238005
238728
238743
238881
239412
239451
239730
240151
240504
240562
240590
241388
241558
241897
241904
242027
242033
242064
242171
242201
242618
243550
243592
244024
245076
247016
247304
248801
249449
249680
249715
249934
250456
250535
250638
250700
251141
251365
251505
252507
252620
252890
252909
252990
254338
255198
256054
257373
257705
257818
257832
257995
258719
259143
259738
260199
260237
261090
261240
261280
261384
261748
262086
262087
262090
262236
262403
262440
262442
262839
263293
263477
263913
264098
265158
265244
266265
266488
267277
267648
267956
268529
269223
269413
269800
269975
270220
270349
270856
270927
271256
271668
271964
272301
273277
274953
275025
275167
276275
276372
276711
276929
277180
277313
277677
278324
278602
278763
279311
279676
280156
280693
280880
280966
281256
281281
282068
282269
282624
282802
283278
283816
284398
284497
284655
284672
286173
286321
286584
286769
287131
287490
287608
287800
288010
288489
288642
288685
288795
289220
289284
289822
289839
289974
290249
291345
291564
291682
291744
291806
292126
292347
292531
293908
294360
294576
294969
295048
295084
295086
295265
296181
296501
296815
297113
297354
298174
298424
298450
298742
299083
299397
299714
299870
299907
300297
301402
302471
302580
302619
302709
303616
303696
303980
304298
304639
305006
305264
305423
306257
306607
307009
307039
307050
307210
307279
307359
307536
308992
309153
309563
309662
309886
310030
310155
310380
310392
310576
310964
311654
311714
312355
312443
312774
313130
313423
313776
313839
314126
314234
315575
315579
315746
315996
316762
317586
317641
318322
318850
318927
319625
319870
320144
320242
320316
320498
321172
321180
321182
322146
322776
323804
323949
324171
324605
324664
325302
325309
325831
326208
326483
326879
326897
327129
327681
327874
327910
328037
328105
329149
329769
329839
330312
331203
331214
331273
331412
332078
332286
332348
333047
333268
333577
333672
333674
333899
334185
334228
334634
334919
335334
335544
335558
336059
336312
336318
336328
336831
337351
337358
337531
338341
338947
339142
339428
339606
340253
341101
341253
341341
341716
342096
342099
343312
343449
343673
343754
343816
344299
344329
345921
346289
346333
346758
347067
347476
347545
347715
348085
348997
349705
350143
350390
350408
350433
350522
350719
350725
350768
350842
350923
350965
351013
351040
351078
351542
351648
351686
351763
352623
353144
353221
353299
353744
355203
355725
355848
356187
356791
356945
357012
357025
357863
358338
359007
359077
359113
359909
361281
361488
361791
361994
362181
362310
362481
362814
363005
363089
363786
364367
364804
365043
365174
365831
365878
366033
366656
366803
366974
367523
368517
368969
369391
369474
370342
371279
371498
371800
372225
372351
372638
373230
373710
373743
374468
374708
375021
375519
375618
375744
376431
376468
376513
376560
376964
377599
378650
379043
379152
379272
380569
380670
380689
380944
381294
381808
382117
382334
384386
384803
385398
385630
385750
386196
386629
386748
387123
387680
388097
388275
388315
388392
389100
389161
389385
390199
391191
392200
392528
392706
392932
392937
393210
393261
393650
393938
394148
394741
394811
395636
396547
396683
397874
398211
398935
399284
400788
400935
401082
401213
401255
402886
403184
403445
403759
404019
405310
405700
406252
406848
407030
407049
407134
407141
407955
407974
408811
409174
409352
409431
409935
410425
410463
410581
410856
410982
411452
412414
412833
413554
413937
413973
414077
414193
414473
414692
415088
415447
416213
416219
416684
416890
417077
418780
419307
421137
421796
422261
422379
422458
423347
423459
423574
424321
424458
424567
424857
424865
425149
425954
426028
426139
426430
426561
426947
427025
427096
427250
427327
427572
428418
428793
429199
429680
429748
429826
430438
430521
431359
432312
432995
433115
433987
434371
434444
435091
435389
436127
436386
436986
437011
437421
438718
439081
439115
439252
439261
439310
439714
440641
440908
440924
441738
444068
445147
445207
445481
445612
446043
446166
446599
446750
446878
447204
447317
447321
447368
448375
449488
449596
450548
450730
450776
451129
451429
453193
454130
454161
454273
454794
454907
454965
455008
455334
455346
456005
456685
456892
457599
458339
458746
458798
458921
459070
459204
459318
459432
460481
460523
460550
460649
460697
460754
461078
461118
461317
461322
461515
461611
461624
461997
462132
462435
462727
463253
463488
463550
464208
464321
464331
464412
464835
464842
465110
465285
465370
465596
465645
466437
466468
466573
467755
468259
468493
468888
469619
470065
470255
470758
471630
471775
471841
472019
473077
473693
474394
474598
475440
475803
477279
477807
478470
478572
478604
478658
479064
479474
480033
480366
480373
480899
481021
482761
483161
483402
483545
483704
484493
484507
485052
485876
485938
486050
486210
486791
487076
487104
487260
488635
489665
490190
490282
491395
491878
492222
492313
492488
493372
493712
493984
494554
495047
495076
495387
495441
496617
497169
497470
498956
499303
499519
499532
500021
500078
500915
500946
501050
501606
502556
503187
503769
503865
504100
506019
506588
506611
506972
507729
507869
507911
508067
508409
508445
509392
509918
509945
510225
510381
510384
510669
511024
511129
511527
511672
511755
512101
513029
513192
514478
515047
515167
515406
515501
515710
515938
516245
516496
516505
516578
516711
516827
516884
517640
517651
517885
517916
518800
518871
518902
519137
519261
519593
519885
519917
519997
520051
520331
520357
521161
521350
521711
521746
521806
521837
521885
522060
522140
522769
522862
522871
523465
524345
525672
526727
526900
527980
528008
528700
528811
528917
529602
529783
529795
529911
530130
530131
530317
530805
530862
531587
531681
532277
532369
532504
532925
533301
533530
534342
534617
535047
536214
536487
536512
537111
537170
537370
538133
538955
539054
539312
539741
539813
540247
541193
541417
541453
541470
541985
542084
542178
542487
542513
542908
543430
543913
543993
544260
544445
545049
545368
545953
547017
547665
547797
548967
549238
549403
549759
550156
550293
550419
550874
551221
551228
551446
551934
552282
552846
552896
552972
553151
554300
554673
554736
555013
555981
556062
556852
556927
557170
557417
557428
558004
558182
558877
559333
559927
560331
561277
561468
562758
562783
562802
563386
563799
563868
564220
564231
564738
565138
565223
565260
567321
567756
568465
568886
568991
570324
571501
572123
572292
572850
572979
573223
573766
575229
575287
575459
575826
576267
576286
576380
576731
577229
577449
577925
578038
578715
578750
578924
579117
579539
579904
580132
580256
580277
580346
580717
581869
581916
582622
583460
583711
584082
584447
584471
585153
585321
586233
586840
587093
587513
587925
588423
589121
591620
592497
593064
593137
593237
593782
594008
594027
594237
594278
594535
594602
595081
595226
596052
596414
597681
598054
598262
598439
598952
598989
599725
600064
600143
600173
600365
600682
601940
601965
601992
602583
602997
603134
603391
604551
605319
605763
606450
607089
607312
608352
608989
609150
609478
611397
611967
612525
612824
614173
614630
614909
615217
615774
616635
617055
617212
617647
617754
620532
621060
621645
621743
621956
622174
623440
624122
624190
624798
624998
625091
625396
625577
625654
626547
627118
629011
632799
636727
636755
638210
642259
649715
651048
653292
655685
658355
665738
666438
666700
668634
668724
670255
671673
671878
672522
673254
673938
674245
676748
681522
683200
686041
687466
687861
688065
688836
689144
689153
697228
697903
699324
703448
704970
705507
711414
711978
714379
714679
715147
715221
715503
716095
716605
716607
717621
717996
721265
722375
724769
726503
728393
730007
730209
731036
732484
733250
733680
733681
736012
736206
736264
738639
738892
740249
740276
742955
743742
744897
746930
747169
747446
747540
747609
748250
748312
748401
749584
749773
750189
751640
753583
755143
755485
756073
756722
757634
757740
757950
758197
758390
758395
758478
759360
763484
763495
764196
765409
768062
768895
769631
770747
771082
771232
771755
773493
776247
779417
779663
779784
781914
784400
784577
787610
787826
789882
792356
794982
799631
799990
801580
801822
803600
803876
804418
804528
804991
805164
805459
805683
808622
808787
810796
815181
815553
815942
817512
817595
818643
819320
819522
819872
820173
822185
825982
827637
828865
829768
830308
832293
832718
833102
834134
835212
836316
837172
837208
837799
838190
838612
838634
839184
839662
839912
840183
841680
842170
843317
844055
844279
846301
847660
849882
863041
863109
863202
866385
866605
866860
867784
868156
868477
868554
868830
868996
869865
870253
873625
873816
874128
875200
875771
876043
876531
876634
876655
876693
877424
877676
878293
879166
879726
879765
880018
880981
881049
881238
881662
881754
883094
883606
884018
884245
885531
886050
887080
887379
887828
888449
889405
890100
890216
890800
891167
891365
891917
893381
894075
894888
895859
895942
896389
896576
897112
898564
898831
899080
899176
899535
899617
899838
899949
901879
902440
902966
903423
904975
905292
905482
907710
908076
908561
908982
910334
911241
911475
911967
912284
912460
914112
915181
918021
918534
920725
921598
922200
922455
923299
923982
925817
928649
930235
932374
932988
933835
937402
937410
937696
938188
939408
942254
942898
943633
947030
948756
949285
949782
950519
950583
951420
952141
953511
953733
953816
954244
955102
955120
955991
956341
957394
957469
957528
958708
958732
959117
959903
960264
960839
960978
962196
963258
963329
963500
963523
963615
964386
964393
964536
964983
965032
965473
967165
967217
967280
967295
969068
970488
970654
970916
972782
972883
973987
974122
975306
975486
975853
975897
977640
977829
978552
978729
980613
981371
981962
982154
982995
983313
983620
984775
985291
985588
985682
986978
987792
988692
990328
992130
992594
992699
994488
995068
995841
997029
998545
999021
999694
999728
999970
1000503
1001964
1002551
1002608
1003366
1004644
1005897
1006301
1006960
1007606
1008136
1008376
1009344
1009439
1010000
1011002
1011392
1012481
1014384
1015337
1015669
1017496
1017547
1018514
1018889
1019603
1020231
1020596
1022785
1023023
1024487
1024511
1026225
1026838
1028470
1030310
1030391
1031252
1031992
1032258
1032954
1033381
1033518
1034783
1035023
1035211
1035440
1035944
1036212
1036452
1037190
1037260
1037533
1038880
1039029
1039138
1040044
1041523
1043104
1044118
1044582
1045030
1045120
1045493
1046665
1046906
1047587
1047617
1047735
1047905
1049074
1052000
1052351
1052919
1053073
1053489
1054362
1054705
1055931
1056070
1056139
1056332
1056892
1057197
1057343
1057525
1057759
1057887
1057939
1059122
1059264
1059459
1059950
1061481
1061637
1061837
1063017
1063364
1064162
1064772
1065311
1065975
1066554
1066626
1067295
1068315
1068889
1069932
1070412
1070989
1071450
1072676
1074343
1074996
1075172
1075341
1077452
1077855
1078551
1078738
1080305
1082015
1082879
1083441
1084345
1085088
1085266
1085922
1086750
1089604
1089966
1090194
1090323
1091846
1092292
1095810
1095891
1096289
1099079
1099219
1099345
1099347
1099695
1100545
1101214
1101767
1102684
1102873
1102967
1103163
1103450
1104426
1105519
1106362
1107141
1107311
1108704
1108928
1109186
1109496
1109621
1109653
1110843
1111244
1112698
1113008
1113738
1114714
1115415
1115416
1116587
1117545
1119712
1120736
1121072
1122775
1125216
1132309
1135670
1135848
1139056
1139417
1149164
1149491
1149802
1150381
1151736
1151882
1154809
1157557
1157744
1158085
1158321
1159082
1159100
1159139
1160216
1160772
1160970
1161081
1162378
1163504
1163597
1163690
1163691
1163901
1164080
1166138
1166561
1167207
1167570
1167617
1168259
1168320
1168767
1171103
1171491
1171502
1171591
1171716
1172145
1172598
1173294
1174098
1174443
1175061
1176435
1176487
1176543
1176570
1177119
1177459
1178525
1179306
1179385
1179498
1179522
1180709
1180978
1182118
1182149
1185071
1186493
1187405
1187773
1188808
1189972
1190007
1191759
1193320
1194325
1194391
1195104
1195165
1196227
1197850
1198352
1198788
1199933
1200507
1200836
1200839
1201603
1202105
1202722
1202725
1203072
1203191
1204361
1204848
1205093
1206265
1206274
1208091
1208170
1208199
1209542
1210145
1210646
1211025
1211930
1213768
1215534
1215892
1216244
1217165
1218346
1218364
1218394
1218664
1218881
1218965
1219661
1220085
1220735
1221561
1221607
1222388
1223638
1224401
1225265
1225802
1225976
1227145
1229100
1229161
1229615
1231303
1232316
1232676
1233005
1233360
1234157
1234806
1235206
1235780
1236406
1236516
1236845
1237605
1237802
1238217
1238243
1239028
1239214
1239942
1240460
1241233
1241394
1241765
1242223
1242397
1243075
1244043
1244683
1245083
1245268
1245352
1245402
1245706
1246482
