301840
318521
324156
377865
402629
416067
416480
419686
421188
426793
429671
438276
448629
449227
452481
457331
483240
495371
499204
504536
521874
529566
529847
533350
537392
542964
556676
567520
584815
587888
599293
601435
607285
609552
616647
715583
750068
750091
839720
847272
849404
870977
872909
872971
873394
880568
890122
915015
930557
932270
936736
939722
945725
963942
969405
970623
971035
991985
997744
1007415
1017280
1030922
1031803
1033786
1042966
1043904
1055005
1057173
1061702
1063450
1064451
1065835
1071940
1075171
1076700
1089632
1094910
1096704
1100106
1111293
1113184
1152913
1160765
1163559
1167769
1168827
1169334
1174792
1179949
1181760
1185863
1188127
1190770
1192624
1197273
1204199
1206752
1211070
1213152
1216002
1219134
1221526
1224499
1226252
1231998
1236629
1245656
