100139
100194
100202
100212
100552
101105
101185
101358
101682
101775
102120
103048
103371
103566
103814
103904
103922
104293
104401
104518
105193
105351
105372
105498
105707
105758
105892
106150
106174
106234
106748
107250
107844
107936
108063
108228
108765
108805
108875
108927
108938
109051
109054
109075
109363
109381
109498
109538
109551
109572
109678
109711
110297
110592
110731
111061
111074
111175
111176
111209
111300
111303
111432
111552
111828
111880
112161
112231
112633
112841
112979
113014
113036
113123
113425
113487
113494
113725
113794
113797
113931
114449
114807
114811
114932
114995
115022
115334
115521
115687
115692
115907
116388
116517
116566
116969
117321
117610
117921
118229
118302
118364
118414
118478
118554
118602
118606
119307
119510
119521
119645
120248
120259
120286
120992
121107
121128
121147
121408
121437
121499
121590
121672
121730
121757
122130
122221
122343
122767
122861
123007
123236
123358
123777
124069
124464
124732
124990
125204
125507
125521
125615
125798
125915
125918
126035
126277
126426
126691
126734
126875
126972
127136
127263
127376
127551
127739
127760
127790
128090
128265
128703
128975
129105
129172
129318
129345
129401
129525
129748
130019
130700
130764
130799
130820
130935
131005
131320
131348
131403
131514
131554
132014
132036
132046
132099
132482
132519
132722
132739
133070
133113
133707
133755
133767
133831
133892
133917
134251
134281
134473
134545
134585
134917
135348
135531
135889
136067
136646
136649
136654
136832
137165
137356
137461
137581
137685
137982
138058
138169
138170
138296
138325
138520
138923
139038
139288
139568
140093
140183
140387
140439
140465
140566
141207
141220
141311
141332
141636
141642
141964
142062
142157
142309
142372
142418
143234
143262
143382
143408
143649
144465
144512
145257
145478
145566
145728
145772
146032
146263
146275
146540
146710
146720
147052
147287
147391
147410
147432
147734
148440
149020
149337
149356
149428
149886
149963
150043
150269
150393
150865
151015
151252
151702
151806
151826
152266
152370
152797
153114
153490
153534
153557
153673
153780
153850
153899
153970
154132
154386
154890
154897
154935
154982
155211
155907
155913
155939
156491
156644
156705
157246
157796
157833
158032
158085
158234
158388
158394
158554
158639
158939
159035
159071
159078
159082
159205
159880
160546
160791
160867
160952
161156
161206
161394
161415
161919
162167
162402
162567
162754
162806
162851
162884
163288
163332
163515
163523
163934
164050
164198
164308
164313
164593
164901
164904
165076
165229
165402
165734
165785
166145
166799
167209
167283
167298
168201
168551
168569
168832
168842
168953
168983
170035
170167
170222
170293
170673
170696
170729
170804
171002
171090
171103
171152
171222
171396
171614
171799
171803
171848
172679
172838
172869
173174
173210
173319
173416
173623
173928
174251
174447
174525
174547
174617
174793
174942
175024
175168
175222
175370
175450
175673
175846
175866
176264
176404
176750
177045
177693
177755
177919
177933
177959
178026
178630
178797
179267
179416
179604
179727
180111
180171
180230
180374
180397
180544
180625
180654
180808
180952
180990
181027
181275
181495
181624
181642
181660
181686
181931
181964
182140
182297
182311
182406
182475
182535
182887
183119
183178
183398
183417
183470
184045
184211
184660
184791
184950
185019
185126
185135
185183
185265
185339
185342
185411
185511
185699
185798
186505
186652
186815
186830
186974
187233
187330
187495
187833
187930
187947
188213
188309
188528
188537
188558
188588
188629
188790
188804
188835
188938
188970
189283
189419
189719
189769
189906
190062
190328
190490
190741
191293
191304
191307
191346
191397
191426
191472
191561
191714
191925
191995
192009
192034
192277
192408
192445
192709
193191
193223
193388
193406
193469
193796
193807
193959
193986
194283
194335
194430
194762
194904
195024
195197
195260
195749
195808
195864
196012
196059
196232
196293
196749
196867
197064
197132
197297
197394
197678
197750
197752
197892
197965
197985
198339
198443
198805
199182
199323
199656
199673
199847
199940
199984
200082
200347
200416
200513
200525
200564
200573
200601
200726
200898
201038
201130
201396
201410
201448
201887
202040
202075
202227
202350
202506
202507
202535
202691
202754
202856
203085
203487
203556
203707
203740
203780
204037
204046
204057
204181
204288
204301
204400
204431
204764
204765
204804
205109
205258
206040
206079
206416
206507
206673
206686
206779
207177
207233
207296
207309
207749
208423
208629
208708
208744
209276
209458
209514
209608
209659
209677
210261
210653
210760
211044
211046
211074
211166
211458
211671
211672
211749
211854
212029
212771
212898
213211
213461
213511
214039
214066
214589
214946
215168
215374
215782
215849
216089
216618
216646
217160
217273
217297
217389
217490
217725
217726
217797
217877
218025
218299
218306
218465
218865
219384
219422
219826
219870
220023
220046
220306
220987
221739
221900
222204
222403
222634
223033
223072
223109
223161
223729
223786
223831
223906
224093
224098
224472
224478
224522
224646
225166
225255
225324
225582
225614
225621
225686
225796
225811
226007
226210
226924
226927
226985
227159
227234
227267
227509
227723
228317
228477
228538
228728
228856
228929
229363
229711
229958
230094
230124
230410
230856
231136
231687
231731
231829
232029
232070
232189
232262
232696
232723
233415
233534
233592
233668
234017
234116
234140
234186
234220
234320
234380
234800
234803
234827
234859
235015
235297
235663
235762
235938
236292
236344
236443
236598
236773
237181
237303
237437
238281
238881
239186
239281
239370
239412
239451
239503
239730
239835
239999
240151
240562
241593
241904
241974
242064
242618
242680
242868
242901
243060
243296
243525
243592
243983
244024
244198
244544
245072
245076
245082
245141
245247
245440
245493
246440
246558
247468
247514
247624
247754
248295
248633
248855
249024
249045
249169
249382
249457
249865
249979
250022
250050
250063
250116
250153
250176
250204
250638
250929
251036
251114
251141
251350
251428
251477
251505
251890
252089
252121
252184
252366
252505
252820
252901
253050
253107
253171
253309
253363
253367
254029
254276
254316
254338
254833
254873
255198
255262
255535
255586
256524
256540
256648
256742
257006
257154
257161
257373
257484
257910
257975
258061
258382
258440
258605
258609
258896
259132
259143
259184
259221
259381
259544
259561
259630
259705
259881
259945
260244
260523
260525
260856
261040
261223
261240
261360
261393
261727
261752
262442
262444
262604
262766
262806
262924
263293
263518
263713
263805
263913
263921
264205
264303
264417
265085
265108
265240
265739
265981
266087
266161
266265
266940
267105
267234
267391
267528
267648
267798
267956
268441
268731
269244
269413
269492
269906
269975
269991
270220
270237
270276
270843
270856
270966
271036
271256
271346
271489
271668
271964
272307
272454
272472
272549
272583
272880
272970
273010
273267
273864
273947
274124
274132
274400
274685
274754
274836
274871
274894
274901
274953
275025
275433
275443
275462
275517
275763
275978
276094
276151
276600
276634
276667
276711
276857
276893
277301
277509
278415
278491
278565
278677
278763
278770
278908
279540
279810
279979
280433
280570
280850
280880
280966
281206
281951
281955
281988
282188
282388
282393
282558
282632
283533
284355
285090
285365
285626
285995
286161
286170
286429
286669
286926
287131
287202
287308
287800
288051
288466
288642
288714
288739
288828
289051
289093
289259
289550
289668
290431
290616
290794
291218
291805
291806
291944
292653
292710
292888
292901
293601
293702
293965
294333
294576
294668
294969
295003
295006
295041
295124
295230
295538
295730
295823
295906
296038
296174
296181
296501
296684
296832
297075
297113
298424
298591
299109
299445
299446
299608
300175
300238
300297
301402
301967
302008
302247
302471
302492
302695
302998
303023
303397
303422
303450
303479
303513
303546
303588
303696
304012
304095
304157
304384
304549
305107
305412
305419
305447
305487
305499
305507
305510
305678
306257
306489
306583
306745
307031
307039
307158
307299
307359
307577
307719
307874
307921
307966
309021
309153
309563
309886
309907
310155
310581
310761
311409
311654
312029
312256
312355
312604
312801
312821
312947
313327
313423
313537
313674
313887
314093
314813
315187
315247
315284
315310
315397
315727
316624
316681
316991
317586
317710
317812
318315
318322
318902
319006
319122
319322
319703
320052
321135
321180
321442
322413
322420
322436
322537
323051
323208
323690
323804
323859
323920
324014
324062
324571
324901
325151
325302
325435
326169
326404
326897
327351
327605
327910
328019
328141
328952
329769
330142
330487
331064
331214
331444
331982
332056
332133
332432
332635
332665
332788
333036
333665
333674
333857
333899
333931
334185
334233
334335
335097
335156
335334
335440
335544
335643
335763
336247
336312
336318
336831
336882
337309
337353
337358
337752
337840
337921
338268
338288
338514
338631
338798
339051
339511
339524
339905
340068
340126
340187
340253
340267
340315
340468
340999
341101
341102
341164
341341
342158
342219
342266
342442
342474
343018
343202
343312
343449
343748
343754
343805
344588
345301
345427
345500
345624
345762
346125
346289
346333
346493
346950
347067
347353
347496
347553
347715
347942
348255
348948
348977
349049
349380
349466
349536
350093
350522
350643
350923
350969
351013
351016
351230
351253
351612
351648
351763
352432
352494
353175
353221
353707
354216
354241
354407
354575
354783
355661
355812
355848
355892
359113
359561
359596
360297
360586
361002
361090
361292
361404
361488
362251
362482
362499
363005
363692
364137
364367
364676
364948
365431
365989
366458
366919
366982
368080
368489
368517
369285
369474
369769
370411
370591
371331
371398
371435
371444
371456
371485
371575
371690
371706
371866
371882
372225
372272
372572
372638
373616
373699
373747
373869
374383
374485
375021
375108
375155
375197
375519
376082
376124
376277
376431
376762
377414
377790
378965
379259
379349
379359
379448
379896
380131
380150
380236
380828
381685
381774
381797
382469
382675
382706
382891
383035
383170
383172
383456
383508
383585
384542
384876
384906
385298
385318
386308
386321
386629
386756
387643
387660
387857
388739
388979
389385
389496
389609
389628
390199
390343
390402
390469
390670
390726
391197
391203
391758
391805
392506
392706
392712
392795
392833
393439
394073
394741
395270
395636
395991
396469
396506
396585
396642
397283
397384
397409
397621
398935
399691
399764
400662
400916
401036
401082
401190
401551
402443
402514
402635
402831
402886
403177
403184
403196
404157
405594
405901
406575
407187
407237
407241
407872
407912
407955
408729
410425
410571
410856
411153
411159
411677
411679
411901
412127
412790
412877
413003
413530
414738
415349
415901
416219
416657
416890
417557
418451
418815
419307
419368
419628
419668
419944
420016
420160
420839
420841
421796
421831
422035
422261
422379
422790
422871
422901
423611
423653
423721
423878
424857
425149
425455
426476
427150
427283
427327
427572
428220
428892
429092
429163
429424
429537
429627
429795
430886
431265
432729
432858
432898
432921
433081
433296
434088
434342
435197
435521
435733
436127
436854
436895
436940
436954
436986
437011
437343
437383
437424
437974
438114
438410
439034
439252
439310
440514
442697
442800
443006
443706
443971
444055
444175
445031
445481
445614
447013
447047
448486
449016
449026
449038
449488
449596
450011
451204
451487
452425
452907
452975
453036
453037
453065
453256
454219
454300
454478
454530
454538
454642
454815
455312
455688
456005
457314
457599
457688
457930
458202
458457
458528
458746
459070
459432
459723
460021
460222
460243
460711
461002
461107
461322
461427
461551
461571
461705
461842
462014
462185
462435
462636
463433
464331
464482
464868
464880
465004
465285
465308
465370
465567
466493
466822
466946
468396
468426
468686
468789
469049
469163
469639
469770
469829
470065
470144
470169
470410
470752
471775
471785
471927
472529
473446
473727
474027
474269
474598
474879
474969
475252
475440
476566
476907
477001
477305
477935
478306
478456
478530
479114
479140
479246
479256
479307
479735
479921
480193
480373
480483
481094
481424
482021
482512
482580
483100
483545
484135
485071
486075
486127
486210
486237
486354
487173
487221
487374
488781
489055
489263
489316
490024
490277
490823
490919
491689
491702
491842
492058
492222
492936
493464
494061
494174
495076
495304
495387
495424
496730
497232
497772
498199
498303
498326
498626
499063
499127
499402
499471
499566
499734
500586
500865
500915
501514
501521
502622
502749
503775
504865
505184
505358
505641
505693
507197
507704
507755
508075
508751
508797
508803
509007
509216
509386
509392
509824
510635
510658
510734
511024
511129
512483
513862
514478
514627
514649
515060
515188
515329
515710
515778
516241
516884
517260
517443
517452
518130
518759
519327
519472
519499
520056
520093
520531
520708
521161
521191
522140
522769
522871
523011
523480
523766
524177
524508
524668
525118
525202
525249
526088
526400
526700
526873
526887
526985
527418
527669
527838
527983
528700
528757
528917
529241
529805
530240
530327
530433
531121
531276
531681
532233
532933
533108
533852
534026
534268
535047
535449
535454
535838
535929
536074
536334
536398
536549
536990
537710
537723
538091
538133
538928
538955
539324
539583
539677
539695
540234
540247
540956
541193
541273
541417
541453
541470
541793
542073
542277
542559
543430
543877
545604
546314
546453
546497
547017
547053
547335
547747
548439
548581
549005
549238
549392
549403
549728
549845
550117
550155
550799
551221
551934
552027
552228
552555
552824
552972
553162
553218
553463
553754
553790
554607
554855
555151
555806
556301
556703
556943
557025
557131
557312
557541
557871
558182
558685
558940
559445
560048
560331
560373
560559
560845
560864
561615
561726
562015
563734
563799
563868
564220
564434
565022
565260
565442
566430
567034
568132
568859
568886
569268
569279
570365
570490
571913
571960
572169
572744
572850
573477
573519
574109
574232
574821
574979
575459
575523
575900
577702
578038
578301
578640
578644
578750
578902
580313
580773
580829
581042
581130
583772
584167
584447
585456
586840
588437
588699
589124
589776
590071
590204
590239
591465
591916
592024
592214
592345
592618
593192
593447
593648
594114
594142
594237
594666
595081
595248
596052
596217
600143
600505
600607
601306
601900
602583
603134
603301
604098
605068
605135
605319
605523
605525
605763
606283
606450
606632
607789
608352
608890
609257
610054
610196
610737
611456
611537
612733
613206
613804
616591
616783
616924
618337
619880
621843
622174
623192
623335
623370
623614
624145
624160
625091
625958
626547
627589
627641
628643
628778
630771
631418
634258
634638
635336
636341
637618
641173
642259
642745
644144
644314
644588
645043
645215
645406
645896
646625
648052
649714
651048
651571
652195
652309
652546
653397
653447
655783
655983
658167
659845
660497
662776
665336
668299
668785
669009
669272
671210
671464
673843
677481
678103
679237
679925
680679
680791
681522
685675
685984
686238
688008
688065
690305
690517
695424
696371
696497
700863
707702
711019
711135
711308
711978
714833
715147
715221
715313
715341
717413
717621
720496
721420
722159
722327
723615
723744
724236
724553
725596
726889
727526
728393
729048
729550
731074
731462
732056
733146
733175
733909
736206
736429
737633
739408
740276
742430
744146
744897
749466
750974
751146
751190
751456
752912
756579
758846
759495
760359
764005
764487
764801
768034
768994
770369
770844
771232
772456
773826
776247
777614
779241
780709
781499
787610
787614
789245
789767
790557
790858
791661
794978
795191
796107
796552
797671
797757
797767
798022
798831
798943
800526
801016
801580
802143
803745
803938
804222
804391
804528
804991
805041
805158
805164
805293
806299
806515
807093
807149
807205
807708
808804
808909
810001
810467
810865
811153
811417
812055
813375
813514
814129
814206
815100
815181
815942
818643
819320
819455
819522
820248
821519
821688
822437
822584
824567
825224
825683
826258
826642
829834
830560
831439
831848
832293
832855
833153
834533
835017
835363
835783
836943
837799
838612
838788
840183
840539
841343
842118
842314
843188
843577
843580
844047
844356
844475
844897
845033
845419
845961
846301
846676
846796
847660
847693
848426
849095
849883
852354
852509
859944
862741
864033
864748
864992
866385
867699
867784
867805
868477
868560
870108
871913
872217
873360
873718
874591
874599
874653
874972
875023
875200
875358
875487
875691
875771
876342
876693
876768
877777
878237
879040
881500
881754
881847
883193
883507
883603
885538
886368
886537
887080
887624
887891
888684
888781
889255
889627
891069
891873
892100
893091
893318
894316
895221
895339
895429
896485
896576
897071
897404
897914
898361
898484
898779
899049
899061
899725
900394
900910
901098
901144
901420
904119
906631
907710
907796
908504
908982
910238
910272
912398
912460
912470
912494
912949
913577
913649
913869
914699
915084
915181
915275
915587
915967
917021
917664
917858
918260
919805
920194
920814
921601
922543
923982
923984
924257
924447
925584
927139
929267
930421
934160
934626
935108
935917
937249
938245
940354
941316
942090
944871
949127
949491
952256
952297
952642
952731
953816
954080
955102
955120
956341
957393
957568
958444
958708
960713
961165
961422
963303
963615
964386
964899
965246
966233
966276
967295
967536
969250
970654
970748
973987
975080
975143
975449
975788
975853
976256
976575
978729
980754
982862
984050
984988
985482
987275
987563
987604
988614
991052
992130
992235
995739
997163
998202
998765
999728
999810
1000753
1001193
1001550
1003223
1005729
1005767
1006506
1010323
1010715
1011336
1012154
1013519
1014033
1014663
1016615
1018051
1018489
1018514
1018517
1020512
1020524
1021696
1022767
1023595
1025065
1025362
1025791
1025962
1027135
1027971
1028364
1028559
1028886
1029030
1029838
1029987
1030140
1030880
1031252
1031275
1031383
1033300
1033381
1033497
1034508
1035438
1035978
1036517
1037693
1037872
1038238
1039029
1040845
1042856
1044106
1044118
1045120
1045748
1046018
1046162
1046472
1046714
1048196
1048334
1049900
1052089
1053208
1054084
1055071
1056332
1056766
1058591
1059452
1059922
1062318
1062335
1063037
1063912
1064103
1064323
1065235
1065517
1066122
1066628
1066967
1067245
1069182
1071135
1071706
1074343
1074873
1074996
1075341
1077085
1078103
1078193
1079981
1080645
1082843
1086519
1087070
1089919
1090194
1090202
1090719
1093004
1093278
1094458
1094705
1095699
1096278
1097773
1099219
1099695
1101214
1102306
1102540
1103089
1104319
1104772
1104796
1105362
1106362
1106966
1106971
1107311
1108138
1109049
1110964
1111244
1111590
1112698
1113061
1113732
1113856
1114857
1115067
1116404
1120736
1121384
1122033
1122433
1123564
1125421
1131965
1133555
1133574
1149541
1151020
1151895
1152111
1152325
1154661
1157333
1157721
1157970
1158411
1158469
1158518
1158853
1158986
1159132
1159554
1161100
1161406
1162193
1162683
1163690
1163746
1163901
1164080
1164511
1165070
1165368
1165951
1166842
1167617
1168051
1168652
1170059
1171218
1171591
1172511
1174145
1174277
1174679
1175856
1176435
1176485
1176668
1177294
1177385
1177459
1177510
1177989
1178525
1178922
1179522
1179555
1182225
1183600
1185280
1186493
1188409
1189494
1191484
1191737
1191955
1193925
1193992
1196227
1196711
1197766
1199267
1199522
1199687
1199933
1200229
1200705
1201785
1202105
1202592
1204318
1204918
1205434
1210145
1210646
1210758
1210851
1211308
1211429
1212318
1212485
1213517
1213768
1214938
1215757
1215832
1216000
1216244
1218794
1219387
1221464
1221561
1221607
1221673
1224030
1226798
1226994
1228771
1230451
1231467
1232890
1233472
1234893
1235378
1235780
1235941
1236038
1236845
1237940
1238217
1240577
1241815
1242175
1244371
