147958
172939
284538
289595
298513
313330
315521
326027
354817
361353
377865
378081
390288
407466
416480
420524
420925
421188
429671
431767
440211
452551
457331
461139
461439
469710
470371
470683
471727
480079
481450
482054
485828
488841
488879
492396
495306
495371
496799
516269
529566
534737
537392
537653
542862
551871
555631
555882
556676
560438
564612
571539
574336
578537
580138
580438
581958
584282
584815
589753
589939
590891
599293
602687
604039
606431
618413
622333
624419
656134
741582
743189
744426
746805
747498
762055
778269
781095
790221
837578
870977
872317
872971
874772
879527
881163
884273
896790
904689
905667
907509
915015
926689
932566
935849
939722
945568
954615
958148
959811
966858
969405
970562
970623
975791
981897
989009
996122
998638
1008808
1012544
1014510
1017280
1020474
1027240
1030188
1031480
1033786
1035622
1037406
1043904
1048035
1050761
1052762
1063532
1064451
1071940
1075171
1079768
1100329
1104536
1111293
1113184
1151427
1153191
1156175
1164896
1165834
1167769
1167825
1168827
1169334
1169387
1171111
1174346
1174792
1177544
1179279
1181203
1181387
1182777
1188815
1192624
1195219
1195348
1198123
1206572
1206752
1209791
1214200
1216002
1218323
1234017
1234438
1239584
1240896
1241388
