101024
106845
112771
114078
117987
123892
124370
128802
129652
129710
129742
130891
131739
132873
133534
133955
134419
137637
141200
141674
142784
144223
145547
145921
147422
149358
150303
153034
153629
154165
156003
156369
157480
159875
162269
162721
164245
165583
170455
173068
175261
178316
179079
180886
185940
188096
192866
205655
207265
207999
215571
230354
232475
232716
233562
235302
238407
249736
252539
252625
253259
254464
255383
261867
271519
274391
275145
277047
279261
281037
281388
284434
285727
285933
286069
286698
295911
296615
296978
297198
300450
303544
304419
308103
309787
311535
312694
313531
317806
319861
319952
320493
320828
322611
325217
325582
327128
329029
330278
330361
330960
331746
333895
335124
335616
337232
339016
339726
340892
345366
345428
347996
349914
350268
351473
358124
358193
361274
362946
363069
364482
364691
367316
367858
367989
369132
369359
373276
380705
384624
385046
389097
389132
392166
392865
395875
397222
397723
398255
398806
400827
402039
403297
405080
405963
406490
406497
407077
410736
411041
411179
412807
414485
414594
418716
418954
419573
422146
425791
429142
430600
430837
431759
432141
432571
433209
433359
436155
440998
442907
445789
447370
448267
449593
449661
450559
453499
456150
458452
459236
460295
460443
460608
461473
464446
465179
465434
466365
468525
471661
472067
472574
473484
474380
479054
480106
480255
480763
484956
486113
486586
487410
487727
489876
490250
490873
491581
492343
492371
494647
495718
495927
496318
496844
496885
498041
499344
499990
503181
503411
506123
506709
508684
508716
508777
509781
512805
512926
513037
513229
513327
513590
514818
515156
517318
517522
520105
520405
522680
523187
523421
526524
528297
529492
529543
529696
530654
531106
531557
531856
531887
532366
534228
536648
536854
538050
538373
538455
540379
541473
548681
552096
552295
556243
558155
558271
558695
563848
564353
564534
565670
571550
572243
572727
573408
574861
577041
577397
577640
579194
579243
581043
581768
581927
582195
583577
585878
586140
586731
588014
588781
589005
589971
592073
592368
592856
593552
594319
595004
595074
598761
601806
603359
606928
607544
608795
610841
613217
614715
615241
616601
618576
619485
620265
621421
632424
638941
646642
648195
662750
669659
671403
672788
683150
690889
700038
705311
716465
717974
733615
738677
742911
752805
754023
754771
756427
769445
773647
773804
773862
774914
776458
778201
779222
782942
784649
791844
792139
793305
794349
807236
818325
820702
821505
824213
825962
829273
829307
832733
834995
837378
840637
848783
849340
866455
867045
867946
871644
872216
872580
874218
874292
877522
879369
881068
882245
882421
882992
884179
885851
886056
886811
889372
892267
893721
893939
894187
895220
896943
897318
898615
910707
916188
920943
921280
921295
922108
922654
928949
933462
933793
935817
936447
937134
940103
940381
941597
942179
945271
945698
946912
948395
949140
955971
956686
958011
966883
968362
968904
972646
976826
977704
978245
979326
979597
985249
991767
996587
1007836
1009063
1010794
1011561
1012523
1017612
1018599
1018648
1019059
1021887
1024519
1025528
1034506
1035736
1036780
1036866
1039669
1039853
1040881
1041558
1042448
1042675
1044697
1048120
1049623
1050237
1053904
1058467
1062886
1063103
1064077
1066878
1067387
1067863
1071032
1072656
1074308
1074481
1075952
1076400
1076876
1080641
1089061
1089611
1097163
1099716
1102578
1102631
1103020
1106512
1107167
1108657
1108996
1110735
1111819
1112491
1121044
1123400
1125095
1145358
1150404
1150750
1153180
1155422
1163932
1164107
1164426
1164524
1165940
1166377
1166927
1167620
1168627
1170293
1170319
1170504
1170991
1171733
1173287
1175532
1178228
1178382
1179692
1179877
1180476
1180755
1183237
1189196
1189881
1190251
1190439
1191561
1196258
1196789
1197342
1198151
1198347
1201555
1203156
1203423
1204460
1206774
1207053
1207591
1210001
1212744
1214960
1215829
1216011
1217590
1217817
1218070
1219618
1220333
1222260
1224342
1225803
1226584
1228399
1229069
1230138
1231646
1234847
1235655
1237467
1237795
1240239
1240310
1241082
1241990
1243465
1243533
1244298
1244846
