100351
102086
102509
102861
109828
109978
111896
120461
121032
122503
123035
124559
128359
130756
141312
145209
170777
171711
172406
177205
178786
181421
181816
186748
188531
198920
203225
204208
205363
205515
205866
213013
219147
225015
231930
235527
236428
240504
241230
241596
241922
242569
245604
246715
251002
252075
253662
254903
255913
259756
265244
266691
267164
267994
271240
271812
273537
275294
275313
276275
276485
277045
279676
300688
304589
305572
320242
341023
346951
355942
361281
367948
368495
375618
386939
399087
403412
409431
410330
428604
429973
433622
434667
439081
439825
445612
460099
467695
484879
485421
486286
495441
495911
504488
505859
510699
518800
519469
528718
530131
533921
543869
557428
559927
592027
612288
628458
630658
633165
636409
659570
723417
738892
747446
799041
805674
808622
815881
817512
829256
843087
864719
912045
918942
921598
947655
988022
1027704
1047566
1052919
1078545
1098521
1171369
1188909
1197856
1207540
1209111
1213495
1229386
1230300
1235311
