100630
100680
100942
101205
102647
105047
105377
105431
105649
106203
106982
107030
107493
108294
109730
109899
110487
110899
111287
112006
112041
112044
112387
112935
113297
113376
113661
113699
113700
113875
114363
114658
114666
114817
116281
116290
116560
117912
117934
120331
120927
121443
121607
123294
123801
123881
124575
124681
125407
126217
126367
126601
126632
126651
126718
127319
127682
127960
129151
129289
129461
130366
130464
130555
130571
130769
131263
131834
132249
132260
132417
132936
133022
133259
133998
135205
135825
136688
137060
137090
137190
137252
137504
137871
137955
138287
138886
140052
140911
141126
141648
142122
142373
143378
143668
144256
144417
144811
145147
145215
145282
145436
145467
145827
145875
146110
146175
146208
146298
146314
146554
147772
147984
148040
148195
148416
149172
150164
150337
151216
151873
151989
152992
153055
153656
153900
153963
154184
154193
154248
154647
154737
155231
155563
156086
156096
156121
156366
156634
156974
157047
157180
157267
157314
158972
159094
159250
159748
160378
160400
160437
160892
161425
161482
161848
162055
162284
163124
163869
164310
164453
164525
164738
165344
165358
166524
166603
167097
168523
169488
170102
170782
171039
171795
171975
172576
173528
174585
175203
175869
176162
176228
176549
176862
177767
179113
179750
179988
180415
181114
182299
182357
182670
182794
183834
184838
184841
185156
185297
186860
187314
187589
189043
191795
191954
192516
192639
193198
193677
193871
195200
195241
196174
196976
197219
197718
198265
198525
198674
199278
199285
199746
201193
202119
202124
203819
205071
205668
205764
206111
208189
209033
209076
209755
209872
210939
211111
211446
211979
212363
212891
212932
213487
214182
214303
214517
214828
215796
215998
219736
219746
219957
221187
221737
222676
222847
223493
224471
227142
227626
227925
228296
230341
230440
231094
231185
231418
232159
233042
234277
234495
234604
236862
237374
237582
237648
238040
238153
238557
238743
238828
239145
239256
240049
240304
241388
241604
241673
242171
242190
242201
242480
243093
244827
245092
245468
247066
247209
247304
247704
247822
247851
247956
248210
248336
248530
248676
248786
249449
250456
250963
252890
252947
253364
253466
253734
253749
254395
254548
255031
255848
256993
257970
258165
259947
261082
261214
261384
261918
261946
262086
262161
262318
262557
263519
265487
266488
266648
266879
267299
267463
267775
269882
269982
270435
270568
270915
270927
271452
271497
272234
272686
272966
273854
274204
274371
274796
275298
275377
275774
275914
276189
278259
278593
279218
280575
280693
280786
280855
282068
282500
282533
282624
282802
283016
283278
284050
284995
285662
285945
286104
286215
286228
286315
286554
287490
288039
288098
288159
288213
288517
288685
288795
289241
289245
289246
289307
289822
289839
290340
290355
290610
290961
291344
291564
291659
291682
291752
291899
292347
292422
292885
293164
293992
294115
294116
294156
294412
294495
294943
295084
295086
295440
296030
296286
296343
296455
296604
296725
296766
296815
297354
297390
297442
297467
297538
298041
298214
298450
299083
299397
299714
299907
299926
300120
300145
300984
302246
303309
303419
304298
304487
305094
305264
305645
306607
306638
306942
307176
307210
307595
307974
308073
308334
308584
308900
308992
309206
309662
309724
311714
312163
312314
312566
312825
312856
313095
313514
313976
314138
314234
314475
314587
314938
315116
315504
315575
315579
315946
315996
316042
316138
316209
316343
316368
316412
316450
317424
317815
317870
318850
319484
320144
320316
321030
321172
321182
321236
321348
321672
321909
322207
322387
322520
322776
323046
323479
323949
324403
324418
324441
324605
324614
324953
325309
325450
325831
326056
326059
326208
326497
326629
326781
326854
327015
327681
327874
328876
329149
329339
329364
329426
329683
330205
330312
330866
331247
332083
332346
332850
332943
333072
333382
333391
334203
334775
335094
335224
335335
335469
335481
335737
335918
336035
336381
336414
336514
336730
336921
337089
337592
337743
338085
338182
338806
338947
339048
339606
339885
339977
340311
341253
341256
341273
341716
341849
341866
342099
342524
342546
342688
342699
344096
344106
344290
345337
345467
345887
346164
346638
346666
346834
347246
347414
347476
347568
348102
348322
349121
349622
349878
350143
350390
350593
350769
350965
351040
351078
351455
351613
351686
351712
351715
352108
352405
352527
352980
353097
353337
353412
353509
353824
354730
355035
355203
355387
356172
356280
356529
357012
357025
357731
357957
358331
358393
358528
358955
359002
359007
359077
359398
359766
360199
360303
361188
362058
362310
362611
363093
363138
363302
363733
363786
364641
364771
365174
366241
366567
366896
366986
367291
367609
368969
369330
369390
369391
369486
369567
369654
369660
369932
370278
370342
370988
371498
371519
371751
371752
372108
372351
372863
374085
374467
374604
374708
374847
375104
375121
375338
375393
375617
376147
376484
376513
376532
376854
377424
377599
378183
378412
378446
378563
378650
380403
380555
380689
380881
381294
381452
381808
381915
382117
382334
382642
382961
382985
384267
386199
386680
386879
387239
387373
387528
387588
388097
388275
388315
388999
389100
389207
389285
389725
389821
389853
389945
389982
391425
391631
391792
392200
392937
393462
394026
394811
396106
396831
397295
397452
397622
398211
398410
398534
399352
399682
399710
400788
400808
401213
401310
401894
402120
402221
402504
402637
403759
403874
404347
404374
404833
405226
405239
405626
405997
406435
406595
406626
406779
407030
407134
407141
407307
407310
408176
408216
408266
408547
409174
409989
410242
410508
410581
410982
411304
411438
412949
413192
413547
413937
414193
414378
414465
415088
415765
416537
416959
417954
418551
418965
420245
420571
420842
420968
421137
421214
421852
422458
422807
422933
423574
423602
423766
423935
424321
424511
425001
425424
425522
425686
425951
425954
426406
426430
426563
426807
426964
427096
427250
427779
428418
428544
428750
428820
428875
428887
429107
429595
429719
429767
429826
430438
430566
431199
431350
431384
431547
432256
432855
432995
433174
433464
433838
434313
434444
434481
435091
436311
436333
436587
437840
437884
438169
438426
439114
439115
439171
439261
439274
439383
439714
440558
440622
440641
440924
441032
441047
441803
441866
442103
442885
443070
444678
445147
445261
445522
446043
446141
446166
446169
446438
446599
446878
447317
447321
448040
448653
448792
449285
449654
449743
449925
450524
450548
450623
450776
451628
451669
451685
452192
452286
452545
452774
453192
453193
453547
453834
454083
454161
454197
456219
456298
456683
456884
456892
457077
457287
457865
458081
458098
458101
458323
458835
458921
459345
459802
460228
460523
460756
460805
461245
461611
462628
462736
462924
463488
463507
464208
464842
465127
466468
466582
466690
467169
467594
467703
468960
469360
470042
470255
470432
470564
470774
470805
471402
471841
471956
472476
472493
472871
473077
473693
473831
474394
474468
474521
475157
475420
475601
475984
476362
476652
477216
477616
477648
477807
477918
478155
478604
479064
479899
480033
480136
480361
480366
480524
480899
480928
482352
482729
482761
482998
482999
483076
483490
483533
483688
484042
484351
484604
484914
485052
485361
485876
486791
486982
487798
490029
490096
490190
490375
490898
491022
491256
491803
492313
492345
492760
493372
493984
494444
494678
494923
495047
496238
496929
497295
497577
497651
497798
497894
498495
498529
498824
499303
499519
499712
499732
500190
500205
500694
501153
501191
501817
501846
501913
502006
502556
502830
502923
503187
503202
503525
503953
503982
504001
504102
504710
504975
505081
505338
506019
506323
506588
506611
506632
506984
507563
507605
507911
508045
508067
508445
508654
508840
510060
510208
510386
510450
510622
510751
512204
512440
513053
514513
515009
515368
515555
515788
516402
516463
516711
516797
516890
517175
517640
517916
517999
518233
518341
518714
518762
518808
518843
518911
518977
519593
519872
519885
519917
520041
520394
521183
521340
521377
521418
521461
521787
521982
522699
522876
522884
523099
523273
523346
523672
524222
525815
525889
525946
526399
526488
526587
526598
526727
526976
527677
527764
528008
528367
528441
528716
529602
529667
529783
529795
530055
530085
530130
530133
530869
531298
531406
532337
532369
533301
534295
535159
535174
535212
536297
536487
536512
536870
536971
537640
538243
539054
539396
539813
540071
541099
541433
542084
542752
543558
544260
545598
545752
545865
546140
546403
546986
547031
547635
548232
548515
548780
548967
548999
549038
549263
550000
550149
550293
550387
550513
550584
550874
550893
551179
551381
551551
551617
551892
552778
552870
552904
552998
553151
553832
553841
554079
554565
554580
555122
555559
555618
555727
555797
556204
556224
557170
557292
557417
557708
558309
558934
559261
560736
561007
561750
561901
562198
562434
562758
563386
563531
563600
563641
564686
565223
565366
565842
566007
567280
567321
567649
567756
568991
569912
570723
571211
571624
572285
572329
572651
573223
573259
573488
573766
573823
574090
574409
574469
574537
574753
575229
575287
575379
575399
575826
576011
576301
576327
576380
576466
576831
577267
577441
577469
577620
577626
578179
578455
578526
579353
579539
580198
580256
580277
580957
581827
581916
582026
583460
584082
584973
586233
587925
588666
588688
589322
589325
589952
591107
591109
592510
592938
593200
593236
593459
594027
594239
594278
594535
594927
595305
596160
596325
596440
596500
597247
597464
597494
597681
598989
599504
599725
599856
600418
600449
600675
601110
601405
601588
601940
602997
603334
604451
604625
605153
605261
605844
606741
607089
607453
608161
608527
608653
608950
608982
609104
609151
609478
610441
610931
612525
612953
615217
615572
615986
616225
616308
616635
616689
616767
616794
616900
616935
617055
617754
618617
620797
621583
621627
621707
622027
622579
623330
623440
623860
624033
624190
624483
625508
625753
625772
626070
626109
631728
632799
634774
634932
635047
636755
637172
637904
641540
649715
650921
653292
654290
656857
657916
658494
660083
660994
664671
665101
665107
666700
668634
668724
669899
673678
674245
674344
675528
676748
679263
680563
684620
684785
686064
686625
688836
690546
692658
692982
694314
696493
697825
697903
698889
699807
702345
703493
703679
704970
705461
705599
707139
713024
714379
714981
716607
717686
717976
717996
718008
718449
718647
719880
723407
723771
724769
725513
725674
725733
727214
729490
729883
732484
734723
736264
737319
738639
739371
740249
740325
741223
741466
742751
742752
743208
743742
744437
745408
747540
747654
747719
747961
748201
748250
748312
748897
748914
749584
749724
749773
750189
751056
751640
753443
754685
755485
755860
756073
756209
756480
756486
756895
757192
757634
758197
758395
758478
759580
760240
761471
762412
764099
764196
765409
765772
765800
767208
767895
769631
769912
770127
771082
771316
771773
773493
775022
775300
776061
778466
778695
778698
778855
779533
779784
780125
780196
781591
781798
783083
783503
784065
784400
784455
784556
785547
786504
786954
788247
790218
792356
793071
794248
794611
797589
798694
799798
800672
801089
803600
805459
806597
809731
810796
815334
815803
817595
820012
821338
823956
824083
826897
827281
827754
828607
829305
829768
830201
830708
830899
831241
832102
833102
834878
835212
835254
836316
836821
837172
838190
838634
841409
841484
843694
844279
845238
845332
845965
846717
847010
849063
849398
856114
862083
864222
864313
864515
867149
868156
868199
868338
869371
869865
870253
871463
872009
873712
873816
874430
874432
874722
874911
874976
875750
875997
877469
877676
878168
879303
879507
879726
880018
880022
880558
880687
880754
881021
881061
881409
881662
881845
883395
883606
883609
883831
883840
885724
886099
886182
886924
887379
887764
887828
888764
889405
889462
889816
890100
890216
890276
890457
890643
891167
891365
891917
892098
892110
892846
892868
895595
895682
895820
895975
896260
896583
897154
897326
898158
898398
899601
899638
899788
899802
901480
901879
902440
902624
902846
902950
903423
904975
905130
905873
906059
906482
906704
907399
907465
907616
907922
908014
908239
909186
910027
910386
910640
911227
911475
911614
911887
911967
912284
914486
915947
916245
917165
918006
918021
918128
919066
920326
920487
920780
922261
922413
922746
923299
925477
926266
926660
926693
927343
929119
929431
930308
930364
931146
931403
932650
932953
932988
934209
936316
937549
937601
939447
943941
946440
946557
947017
949782
950145
950274
950583
951867
951912
952528
952954
953034
953473
953668
954060
954307
955175
956000
956698
957469
958096
958732
959369
961600
963258
963523
964818
964919
965032
965265
965693
966930
967217
967612
968664
969958
970408
970436
970813
970916
971440
971894
971904
971992
972065
973209
973430
973631
974675
975522
976710
976732
978530
978552
979204
980613
981027
981371
981616
981782
981962
982856
984130
985588
986325
986410
986779
986881
987358
988004
988587
988673
988692
988923
989006
989745
990267
990333
991347
993289
993476
993835
994488
995066
995068
995311
995513
996305
997283
997960
997980
998009
998545
998627
999056
999694
1000572
1001002
1003298
1003312
1003424
1005938
1007668
1007975
1009417
1009849
1010092
1010411
1010638
1011325
1012584
1015214
1015337
1015523
1015591
1015959
1016098
1016700
1017573
1017619
1019039
1019250
1019413
1019603
1020156
1020231
1020856
1021653
1022678
1023310
1023349
1024698
1026225
1026838
1029648
1030310
1030971
1031171
1031701
1031947
1031992
1032314
1034783
1034893
1035567
1036212
1036452
1036736
1037063
1037716
1038016
1038540
1040595
1041468
1041523
1042827
1043027
1043765
1044582
1044841
1046665
1046757
1047735
1047905
1048693
1051441
1052000
1052302
1052803
1052838
1053562
1053632
1054186
1054205
1054705
1055039
1055931
1056623
1056787
1056892
1056909
1057759
1058415
1058437
1058519
1059033
1059343
1059661
1060124
1060144
1060567
1063076
1063547
1063632
1063971
1064097
1064162
1064491
1066546
1066625
1066626
1067318
1068315
1068828
1069812
1070005
1070082
1070565
1071331
1071778
1072676
1073436
1073949
1074813
1076228
1076336
1076897
1077452
1077855
1078872
1079240
1080102
1080209
1080244
1080370
1081768
1081772
1082527
1083110
1083441
1085088
1085353
1085922
1086701
1086750
1087890
1088550
1090510
1091502
1093208
1093425
1095868
1095891
1096289
1097043
1097861
1098547
1098836
1099079
1099186
1099347
1099487
1100266
1102164
1102269
1102469
1102684
1102967
1103368
1103450
1105858
1106306
1106383
1106530
1107636
1107755
1107772
1108254
1109186
1110438
1111303
1112397
1113174
1113778
1115415
1115520
1118420
1122359
1122610
1122775
1123496
1124305
1134152
1140726
1149848
1150208
1150525
1150587
1150728
1151099
1151232
1151744
1153149
1153518
1153614
1153668
1155363
1156066
1156578
1157432
1158446
1158578
1159102
1159705
1160149
1160461
1161487
1161805
1162081
1163145
1163691
1163734
1164324
1166487
1166561
1166696
1166779
1167207
1167570
1168767
1169281
1169319
1170752
1171265
1171370
1171672
1171944
1172049
1172145
1172744
1172838
1174443
1175121
1175527
1175608
1176067
1176543
1176749
1176947
1176950
1177828
1178946
1179591
1179606
1180455
1182559
1183089
1184199
1184638
1186514
1188174
1188282
1188651
1188808
1189232
1189501
1189972
1190007
1191759
1192664
1194139
1194377
1195165
1195241
1195393
1195916
1196055
1196332
1196500
1197452
1197850
1198352
1198788
1198813
1198815
1199560
1200063
1200297
1200313
1201299
1201603
1203695
1204131
1204202
1204589
1204742
1205093
1206265
1208170
1208302
1208935
1209542
1210433
1210893
1213796
1216429
1217692
1218394
1218881
1219628
1219661
1220175
1220283
1223512
1223638
1225683
1225976
1228184
1229397
1231585
1232007
1232575
1233005
1233049
1233360
1235206
1236406
1237301
1237802
1238124
1239957
1240197
1240903
1241233
1241350
1241765
1241825
1241833
1242320
1242492
1243075
1243330
1244154
1245373
1245639
1246586
