111737
117667
117805
120055
128103
132253
138118
150817
150825
154953
155285
156490
163810
163968
197778
203128
234222
235596
275401
280156
281256
281976
285732
286321
286476
287842
288348
288842
298935
299248
300745
302709
307536
310920
310944
310952
313130
313143
314228
314647
314666
315508
319870
323281
325127
329392
330679
331420
333729
334919
339428
339456
339464
339846
349530
350768
353744
355247
355809
355838
356791
356945
357250
357354
357845
360867
362740
364345
366033
366052
366534
366974
369123
373230
374337
376377
378542
379272
380329
380539
380551
382180
384386
385630
386618
387459
389555
389709
389888
391139
392990
393559
393650
393980
394148
394646
394832
397673
403445
403485
406076
407186
408811
409846
411890
412833
416396
417976
418986
419062
420529
421383
421909
422118
422197
422497
423459
423591
423953
424345
427737
428793
429748
431807
431837
433003
434197
434495
436386
438646
440125
440971
444052
444143
445207
446533
446979
447143
447204
448585
448779
451129
451156
452878
453200
454794
456059
456270
459988
460415
460754
460889
460915
463278
463969
464473
464835
464983
465110
465771
466214
468192
468749
468791
472053
472987
474006
474401
474699
474850
475419
477520
478470
478858
478898
480562
480638
482649
482740
482827
483143
483791
484505
484507
484669
485149
485289
485938
488638
488933
489345
489861
493366
495018
495544
497711
498225
500078
502383
502470
503231
503829
504614
507317
507976
508101
508397
508618
509178
509218
509547
510225
510243
511653
513762
515602
516301
516496
516505
516784
517918
518226
518436
519137
519261
519847
520752
520978
522060
522471
523465
523515
523822
523844
524662
526049
526900
528601
530862
532306
533584
533587
534904
535249
535745
535895
537573
537872
538900
539130
539741
540798
541016
541689
542426
542513
542530
545672
545877
546857
547665
548830
549049
550372
551098
552846
554157
554667
554673
555013
555981
556062
556233
556852
557344
557398
557636
558424
558639
558641
559347
559661
560139
562172
562667
563916
564071
564110
564430
564592
564738
565138
565740
566090
566217
566352
566531
567128
568735
568863
569174
570060
570636
570691
572030
572165
573956
574941
574988
575218
575557
576975
578147
578715
579001
579429
579652
580153
581731
581812
582622
582842
583156
583553
583933
584107
584381
584471
586117
586680
587093
587965
588498
588849
589121
590478
591897
592647
593107
593782
595043
595399
596213
597545
597703
598394
598679
600064
600365
600407
600705
600867
601544
601965
602580
602649
602814
605207
606762
607223
607393
607833
608228
608303
608425
609056
609205
609497
611039
611629
612518
612824
613237
613642
614173
615263
615774
616170
616425
616561
617669
618453
618634
618667
619810
619942
620532
621060
621991
622410
624505
624871
625577
626122
626163
626293
647845
654955
656266
660116
664948
666223
669327
673209
674510
678400
679482
681566
682209
686041
686919
687466
687995
688336
691791
695753
696916
697228
698499
700437
700984
703617
704043
709087
711253
711515
712438
714679
715453
716018
716095
716317
716325
733680
735292
735711
736979
739388
739860
739929
741484
741648
741764
741769
743017
744951
745257
745419
745446
753246
754772
754789
755092
756311
756770
756804
758350
758362
759771
760007
760294
760414
761107
761277
761912
762882
763495
766837
771171
771711
773805
776007
777643
778982
779698
779732
784957
794690
795208
795480
795567
802579
815145
819859
824151
827072
828021
828186
831640
832073
832718
834080
834357
838620
839184
841189
841934
844497
847382
848826
849583
849882
854407
863109
863192
864534
865871
865970
868830
869726
871314
872031
872139
873063
873363
873470
873567
873625
875601
877227
877973
878063
878894
879099
879335
880099
880102
880197
881054
885525
886366
886524
889264
889564
890211
890399
892959
893132
895072
895218
895812
896292
896406
897112
899200
899733
899949
901660
901985
902966
903506
903640
904707
904958
905482
905659
907235
907248
907866
910334
910412
911071
911241
915245
917561
918392
918439
919238
919531
922200
922899
928890
930957
933827
937357
937365
939408
939477
940391
940576
943514
945336
947024
948825
948892
949426
949568
950781
951641
951920
953511
953681
954786
954912
955263
956423
958406
958821
959996
961949
964536
965787
965907
967160
968004
968493
968496
969925
970021
970173
971143
971983
972937
973691
977640
977643
979705
980431
982129
982902
985584
985590
986037
987792
988051
989317
989360
990145
991497
992218
992661
993844
994004
994453
995076
995709
996421
997149
997822
999259
999415
999970
1001799
1003499
1004943
1005484
1005793
1008328
1009010
1009439
1010143
1010274
1012296
1013377
1013535
1014384
1014536
1014685
1014979
1015129
1015669
1016225
1016402
1018105
1021380
1022283
1022797
1025017
1025066
1027715
1028864
1030391
1030911
1032078
1034684
1037084
1037190
1037370
1038337
1038520
1039101
1040923
1041657
1042374
1043083
1044423
1044655
1044710
1046200
1046906
1047587
1047723
1047955
1048849
1049835
1050031
1053073
1053328
1053560
1054006
1054616
1054887
1057792
1058749
1059708
1059954
1060608
1061200
1061317
1061637
1061789
1062112
1062170
1062852
1063767
1064750
1065332
1066192
1066859
1067295
1067883
1068268
1068889
1069116
1070101
1070303
1071450
1071986
1073619
1074022
1074210
1074445
1074641
1074731
1074766
1075029
1077588
1077708
1077982
1079799
1080987
1081650
1083206
1083852
1083883
1084698
1085762
1087105
1088792
1089824
1090057
1090134
1090275
1091025
1097825
1097881
1098325
1098840
1099084
1099624
1099947
1100051
1100398
1100448
1101823
1103098
1104744
1105168
1105518
1105519
1106173
1106260
1106981
1107968
1108055
1108114
1108145
1108363
1109301
1109302
1109932
1110685
1110941
1111436
1112194
1112419
1113288
1113819
1114355
1114432
1115900
1115939
1116865
1121072
1124356
1124508
1125216
1132309
1133552
1139380
1150209
1150453
1151143
1151413
1151882
1153136
1154685
1154722
1155827
1157017
1157149
1157557
1157947
1158085
1158216
1158336
1159082
1159100
1159385
1160216
1160772
1161081
1161088
1163090
1163180
1163442
1164265
1164639
1165385
1166138
1166148
1166395
1166865
1167677
1168111
1168259
1168320
1169143
1171066
1171502
1171966
1172498
1172598
1172856
1173505
1173955
1173969
1175187
1175194
1175571
1175858
1175947
1176580
1176893
1177175
1178332
1178842
1178902
1179385
1181170
1181978
1183137
1184128
1184263
1185071
1185744
1185954
1186750
1187387
1187529
1189171
1189329
1189420
1191106
1191135
1193235
1194276
1194451
1194832
1195732
1196280
1196346
1196633
1197029
1197795
1198602
1199229
1199866
1199905
1200584
1200983
1201800
1202494
1202706
1202768
1203263
1203541
1203708
1203711
1204382
1204652
1205188
1205519
1205586
1205666
1207660
1208115
1210531
1211165
1213697
1214116
1214331
1214762
1214860
1215572
1216334
1218083
1218259
1218364
1218594
1218664
1218676
1218965
1218994
1219925
1220085
1220617
1221189
1221274
1222168
1224008
1224156
1224381
1225176
1225767
1226719
1226834
1227145
1227315
1228789
1229161
1229524
1231035
1232187
1233149
1234831
1234862
1235144
1235962
1236516
1236675
1236696
1236840
1236866
1237221
1237545
1237605
1238572
1238615
1239028
1239141
1240056
1240402
1240460
1240554
1240923
1241616
1242017
1242367
1242689
1243373
1243407
1244683
1244869
1245019
1245402
1245706
1246482
1246576
1246673
