103316
106845
123892
129710
129865
130260
134419
137637
141674
142784
147422
148178
149358
150303
151063
152472
153096
153339
154165
159875
161358
162269
162721
162835
164245
170455
173068
173576
175261
178316
186661
188096
190598
196252
201704
205655
216836
230354
232475
232716
235302
236787
238139
238407
249736
274391
274448
275145
275365
277636
282341
282961
284704
285727
285933
290854
295722
295911
297198
300092
300450
302023
302133
308901
309554
309787
313531
313574
317110
319952
320828
322611
323049
323165
325217
329029
335616
336868
337599
340892
345366
347996
349175
349914
350141
351983
357905
358261
360281
360286
361328
367316
367858
369359
375751
376752
377190
381568
384624
384798
388401
389097
390271
392166
392865
397222
398255
400827
402700
404674
405080
406497
407672
411041
411179
412807
413942
415771
415846
419573
420381
421177
422146
424220
425791
426036
430340
430600
431711
431759
432571
432893
433359
433360
436155
436180
437363
438192
441335
445530
445789
447834
449959
450559
452612
456150
456271
460441
460608
461473
464446
465179
466365
468051
472574
473484
473825
474380
474680
477834
479010
480106
480255
481567
484511
484956
486586
487727
488325
489876
490250
490873
494628
494705
495718
496885
503411
508716
510562
513229
515936
516806
522578
523421
529492
529543
529696
529710
532366
533071
533351
533840
536854
536998
537965
538455
541311
545785
547596
548152
550614
551256
551714
552295
555991
560425
561292
564534
565670
569602
572243
572727
574861
575015
577372
577640
577867
579243
580947
581043
581203
581768
581927
583577
584297
585265
585615
585878
589028
590436
590596
591085
592464
592856
595004
595074
596616
598314
600837
601806
603359
613217
618148
618225
620993
623517
631865
632424
632628
672563
677608
686116
725689
735084
739733
742911
743180
753505
756372
756427
758732
763225
766093
768277
772088
773647
774114
779222
783258
821296
824734
825962
828136
829273
829307
829744
832733
834995
837378
849340
864972
866455
867946
871644
872216
872512
872580
874292
874366
874732
880747
881068
882421
885100
885851
886811
889372
892407
895220
898275
898615
899392
902131
904012
905875
915497
933462
933793
935817
936557
938204
940381
941597
943536
949140
952814
953394
956686
956992
961289
961337
962845
963774
964541
966883
967519
968904
976826
978653
979240
979326
987379
992127
994721
996587
1005206
1005407
1010794
1011496
1014134
1017719
1018648
1019059
1021887
1021980
1023754
1025140
1034531
1035736
1040881
1041558
1044697
1058467
1058727
1063103
1063232
1066878
1067387
1067863
1069952
1071032
1073687
1074308
1074481
1077788
1080641
1085992
1089061
1089611
1097350
1101074
1103020
1106512
1108657
1112491
1115529
1121044
1123223
1127399
1153617
1155422
1158650
1158916
1168627
1170319
1170504
1170991
1177724
1178284
1178382
1179877
1180755
1180766
1190251
1191561
1192896
1193538
1195554
1196258
1197342
1198151
1198347
1201555
1201691
1202281
1204460
1210001
1211928
1214469
1214796
1215150
1216011
1218070
1220333
1230138
1232749
1235655
1241990
1244298
