100715
107610
111901
121842
132873
134419
135537
137637
144223
147466
147839
148673
149358
164011
164245
172457
175030
176923
178316
179122
180587
183365
186567
189203
193058
196079
205440
209038
211249
214010
225099
232158
232716
239147
241262
248830
251775
263990
271363
275145
284538
285334
285727
285933
289744
290642
301840
309113
312694
313574
322611
324924
329954
331822
334092
338862
339517
342631
347996
348456
349175
352503
355192
355952
360281
360516
366154
369359
371266
373276
376207
378833
385884
392865
393298
397005
399636
405080
411041
411179
414071
414778
415543
419573
421188
426774
429671
430600
438276
438350
439351
443448
448223
448379
450717
456150
458054
458452
473484
480061
480255
481335
486282
486768
493932
494474
495371
499344
505897
509781
510354
512934
513229
514356
517911
518888
520105
526949
527508
529492
536854
537265
538322
540322
551256
555241
555991
558155
562023
564534
567840
576281
579194
579243
580916
590436
590891
595959
599293
603359
612375
623403
626124
639169
656026
672788
673228
684803
689705
690889
716465
725689
727518
733528
734827
756427
763366
771574
792719
796188
818420
821181
825962
829744
832733
837578
841620
849340
857299
867045
872971
881324
889372
921280
924660
936719
937939
939722
945698
953867
953914
956686
966883
969405
973642
979326
982864
991985
996122
998432
1011380
1012322
1017280
1018648
1021980
1025779
1028858
1031427
1036180
1044697
1049623
1050325
1051255
1061702
1063103
1064451
1071032
1071940
1073556
1081866
1091381
1095744
1102578
1102714
1105731
1107167
1121044
1125095
1153290
1155422
1158650
1162713
1166438
1166717
1169908
1170139
1170319
1170991
1174346
1174792
1187667
1188815
1192997
1195041
1198986
1204460
1211526
1214469
1218070
1220333
1220893
1223554
1224499
1226252
1229219
1236011
1240239
1241990
1242619
