100715
101492
101812
103556
106845
107150
107610
107981
111320
111800
118951
120446
122194
122953
126268
126398
126867
132873
133955
134419
134811
135206
138455
138874
139305
142784
144223
145132
148673
149358
151984
152472
152989
154365
155384
168371
171572
172457
178316
179210
179354
186567
187761
193058
207999
208877
212940
222422
222750
223124
227535
232716
235302
239147
241363
249736
253342
253769
257800
275145
275365
284704
285727
289744
290288
294706
295911
296144
298422
302852
304419
306837
312694
313354
323880
329479
334092
335616
336083
336239
336868
343664
344568
345926
348211
348780
349038
349205
351599
354153
354556
355592
355952
357905
358653
358805
361928
362946
371266
376207
378833
382160
383671
389914
397005
401319
401667
402629
411041
414915
415543
416801
421226
425791
426192
427662
438276
438369
443156
443466
446165
446458
447972
448223
450717
458452
460608
461473
462236
472574
473825
479953
480079
480445
480557
492034
496667
507552
512762
523772
526168
526949
534349
536854
538050
542676
542913
546438
556245
556559
556676
557623
572727
581043
583577
585615
585855
585878
587888
592102
595959
596504
597155
599293
606704
608795
609082
615790
623846
658039
682613
718423
727718
731697
734691
734827
748376
758819
759352
763366
763902
766154
772281
789768
796188
798602
817236
818420
821181
821296
829273
834995
849251
849340
867045
867749
869622
870977
871644
872909
872971
874436
883810
896790
900203
917073
917243
919017
925293
932361
932480
937134
938207
938814
939722
947206
949243
953867
956686
959624
963812
963942
969405
969956
971035
979326
985686
1001557
1006439
1009063
1011380
1014510
1025140
1025779
1031480
1033005
1033583
1038563
1041891
1043904
1044697
1049504
1049623
1058467
1063103
1066878
1067321
1071032
1071940
1074308
1074510
1092033
1106348
1109874
1121044
1140087
1155422
1158650
1165766
1169908
1170319
1170504
1170848
1170991
1173138
1174792
1175532
1180957
1187192
1190770
1193538
1196573
1203156
1204460
1216114
1217590
1220333
1224179
1226252
1226584
1241367
