100128
101998
102086
103525
106500
106904
107231
109665
109828
117387
117669
118658
120461
120734
121796
122503
122808
122824
122976
124913
130756
138510
139035
140167
141943
144552
145209
153779
160992
163661
165647
167428
171711
172406
178786
181421
182290
184731
184920
186748
187554
190629
193943
197265
198548
200111
205515
205866
209656
219147
222640
225009
225706
226774
233524
235527
235952
238896
240504
241230
241596
241897
242569
244983
245246
247515
247708
247732
248661
250397
250400
251002
251568
252324
253172
253255
254903
255167
256395
258533
261715
262270
264183
265244
265419
267175
268921
269558
270378
273537
276275
276358
284292
287148
289020
289404
300688
303160
303635
304589
308525
313883
314652
319718
320242
324385
328351
334544
335400
341023
344797
346406
347235
352671
355942
361281
362743
363690
367139
367948
375618
375936
376597
401419
408071
410330
414692
418335
419473
430278
433622
434667
436016
437624
439081
446172
447576
455253
462102
465147
467695
484879
485421
486268
487104
488258
499532
510699
517711
518800
519469
530131
530416
533921
539572
540810
555704
557270
557428
561560
562802
567436
569472
576712
578978
592027
594753
612288
615259
618391
626274
633165
640694
651029
658129
697724
729279
738892
747446
749307
780673
783679
794841
796448
808422
808622
814239
822185
827712
829256
842170
876038
897105
902580
918942
921598
945434
978617
985441
995860
1011124
1021628
1027704
1036566
1038955
1052919
1100769
1150667
1161856
1164939
1179139
1188909
1193813
1197856
1203522
1212238
1213495
1224488
