100128
100351
102086
102662
103525
104088
105839
108543
109046
109828
112024
112768
113046
114202
117387
117669
117699
118924
119438
119454
120407
120461
121729
122407
122503
122824
122976
123035
123290
126432
128645
130752
131325
134055
134314
138510
138543
141312
141652
142018
142967
143238
145209
148963
158293
158369
160974
160992
163661
165109
166923
167290
167428
170515
171711
172406
175616
179325
180475
182173
184071
186748
188531
192911
195571
197452
197968
202323
202425
203225
204886
205350
205515
205866
206055
206349
208598
216241
216710
219147
221186
222356
225009
227452
227768
231930
233553
234416
235527
235952
236533
236748
238326
238896
239598
241230
241473
241897
241922
242569
243775
243996
245604
246715
247732
248881
249463
250019
250397
250400
251002
251637
252075
252324
253172
253255
254813
254903
256259
256395
259756
261004
261396
261715
263583
265244
265965
267175
267994
268921
270378
271240
276081
276275
276358
276394
279676
279773
281031
287668
288950
293944
300696
303160
304346
308525
314652
320242
324385
324673
324985
341023
344763
344797
344891
350887
351215
352497
353299
355942
361281
367948
368495
371928
375618
375709
377063
381307
381733
390808
399087
401419
405700
409630
410330
412481
414077
419473
429973
433622
434667
439081
439825
445612
447576
450463
460099
462102
466057
472381
474174
483369
484879
485421
486268
487104
489057
492475
495441
497169
499532
499840
504488
505859
510699
518800
519469
523975
528718
539572
541799
555704
557270
557428
559927
569472
592027
595037
596289
601992
612288
626274
626711
626865
633165
640517
641006
645421
653580
659944
667186
673938
687345
688601
689069
693691
720619
728085
738892
747446
755136
790432
794841
796884
799990
805683
808422
808622
811954
817512
820251
822185
827712
833231
840593
842170
845902
890978
905098
912307
921598
926371
969445
971267
985441
995860
998909
1027704
1036566
1038955
1065311
1066598
1092292
1094496
1094565
1152694
1164676
1164916
1179139
1188909
1193813
1197856
1207004
1208003
1209111
1213495
1229386
1230877
1235311
1243418
