100194
100202
100497
100577
101105
101165
101303
101656
101749
101775
101937
102120
102136
102156
102233
102475
102532
102746
103019
103046
103382
103422
103517
103814
103904
105126
105349
105429
105498
105769
105843
105892
106129
106150
106174
106214
106565
106748
107174
107250
107305
107463
107844
108228
108321
108520
108765
108824
108938
109051
109054
109075
109220
109363
109498
109572
109711
110196
110297
110518
110691
110731
110754
111038
111061
111209
111211
111432
111809
111828
111880
112013
112511
112979
113014
113036
113109
113123
113206
113295
113418
113487
113725
113755
113787
113794
113797
113895
114449
114807
114811
114886
114932
114995
115022
115242
115275
115303
115334
115880
116049
116188
116517
116566
116610
116969
117249
117610
118071
118164
118364
118478
118554
119376
119510
119521
119805
120086
120248
120286
120672
120768
120981
120992
121029
121128
121147
121192
121222
121408
121499
121590
121672
121730
122130
122221
122601
123236
123357
123460
123708
123777
123949
124069
124464
124755
124990
125034
125509
125615
125915
126124
126249
126277
126423
127111
127136
127285
127303
127364
127376
127725
127739
127757
127760
127790
128090
128150
128265
128523
128560
129040
129105
129318
129390
129401
129415
129525
129962
130019
130184
130300
130532
130640
130700
131014
131320
131348
131368
131514
131516
131554
131823
131961
132014
132122
132500
132519
132722
132739
133113
133397
133767
133789
133831
133892
133917
134281
134473
134545
134631
134917
135233
135348
135889
136067
136146
136832
137581
137677
137685
137982
138296
138325
138682
138707
138794
138810
138923
138965
139113
139416
139568
140093
140183
140465
141184
141207
141220
141311
141332
141636
141642
141866
141887
141964
142157
142309
142372
142418
142659
142694
143204
143331
143498
144465
144666
145257
145422
145478
145566
145772
146032
146701
147079
147287
147391
147410
147504
147513
148440
148550
148601
149020
149036
149302
149886
149963
150031
150382
151055
151200
151252
151260
151702
151806
152266
152339
152370
152462
152621
152797
152801
152824
153490
153534
153673
153850
153949
154300
154474
154715
154890
155063
155211
155862
155879
155913
156054
156243
156491
156644
156705
157181
157246
157833
158123
158388
158639
159082
159418
159564
160153
160270
160513
160677
160705
160791
160952
161156
161206
161394
161912
162076
162167
162220
162262
162326
162402
162754
162796
162884
163332
163470
163674
163934
164038
164050
164231
164308
164313
164593
164597
165229
165324
165402
165568
165659
165710
165734
165785
166252
166465
167209
167298
167349
167823
167976
168223
168379
168775
168832
168953
168956
168983
169025
169206
169412
169447
169558
169564
170158
170167
170729
170837
171002
171090
171145
171222
171287
171396
171614
171615
171664
171799
171803
172305
172605
172756
172838
172869
173120
173181
173319
173338
173746
174251
174447
174525
174547
174578
174648
174942
175168
175370
175596
175673
175853
176214
176216
176404
176713
176750
176761
176911
177126
177796
177933
178285
178797
179265
179267
179416
179727
180230
180273
180808
180952
180990
181027
181312
181588
181642
181686
181867
181964
182361
182406
182535
182855
183417
183878
183931
184045
184070
184660
184756
185135
185215
185339
185411
185699
185742
186240
186515
186738
186835
186974
187495
187715
187833
187947
188177
188528
188537
188551
188558
188588
188629
188835
188982
189197
189419
189579
189637
189769
190298
191027
191185
191304
191307
191346
191358
191397
191426
191472
191561
191714
191835
192277
192445
192627
193191
193278
193465
193469
193470
193575
194077
194125
194411
194561
194636
194668
195024
195205
195211
195260
195349
195749
195808
195864
196012
196163
196232
196234
196433
196749
196990
197201
197678
197892
198410
198443
199194
199656
199673
199769
199937
199984
200047
200082
200223
200370
200564
200898
201396
201584
201600
202040
202075
202154
202227
202535
202754
203487
203556
203657
203707
203921
203999
204029
204037
204046
204060
204181
204301
204383
204431
204764
204821
205109
205166
205683
205793
206024
206155
206236
206316
206416
206426
206659
206965
207305
207309
207483
208256
208285
208744
208883
209276
209458
209514
209599
209608
209659
209677
209895
210261
210628
211074
211149
211606
211854
212139
212771
213120
213211
213412
213461
213730
213959
214272
214551
215168
215200
215351
215374
215782
215849
216732
216808
216979
217076
217160
217726
217797
217829
217833
218262
218465
218498
218865
220023
220158
220306
220378
220829
220933
221102
221346
221464
221739
221882
221900
222204
222403
222551
222650
222888
223161
223641
223786
223831
224070
224098
224472
224478
224522
224585
224604
224646
225324
225686
226007
226056
226086
226358
226537
226617
226621
226924
227132
227159
227267
227628
227677
228186
228458
228477
228538
228634
228704
228856
228918
229252
229572
229711
229770
229813
230124
230856
230993
231378
231506
231629
231687
231807
231893
232070
232785
232805
233135
233415
233501
234017
234116
234140
234220
234320
234661
234800
234803
234901
235183
235232
235297
236154
236292
236344
236443
236566
236609
236773
236843
237287
238281
238415
238857
238881
239081
239186
239412
239422
239503
239730
239835
239971
240151
240479
240562
240630
240683
240696
240766
241533
241682
241959
241974
241986
242027
242148
242232
242268
242618
242680
242913
243592
243783
243983
244198
245072
245076
245144
245493
246440
246476
247754
248410
248627
249024
249189
249382
249440
249443
249602
249680
249865
249904
249934
249955
249979
250116
250176
250929
251036
251066
251141
251287
251477
251505
252089
252097
252181
252184
252444
252464
252474
252505
252547
252606
252704
252901
253171
253296
253363
253535
254208
254276
254292
254495
254623
254833
255586
255620
255796
256060
256626
256648
256735
256742
256884
257006
257373
257832
257851
257910
257982
258382
258523
258555
258896
259132
259430
259544
259561
259630
259705
259856
259881
259945
260525
261092
261223
261240
261304
261542
261752
261852
262090
262236
262442
262444
262604
262728
262806
263293
263432
263748
263823
263913
264012
264205
264552
264687
264927
265084
265240
265350
265611
265630
265739
266150
266177
266265
266458
266716
266873
267234
267277
267391
267648
267798
267956
268141
268651
269187
269223
269312
269404
269732
269800
270220
270517
270538
270809
271036
271256
271349
271676
272123
272307
272549
272583
272880
272970
273267
273277
273864
273947
274034
274132
274199
274400
274459
274467
274554
274836
274953
275025
275134
275462
275782
275978
276052
276094
276372
276634
276667
276929
276988
277301
277351
277744
278491
278677
278799
279311
279401
279540
279941
279979
280850
280880
280890
280966
281555
281971
281988
282311
282388
282393
282396
284016
284341
284355
284372
284497
284889
285090
285450
285626
286161
286217
286429
286963
287030
287131
287308
287468
287608
287754
288051
288466
288642
288714
289051
289392
290187
290616
290835
291317
291363
291806
292654
292888
293026
293147
293965
294576
294838
295003
295041
295124
295265
295906
296174
296181
296501
297113
297431
298245
298591
298776
299418
299446
299608
299637
300175
300297
301402
301967
302471
302487
302965
302998
303023
303389
303422
303450
303696
304012
304157
304340
304709
305370
305419
305507
305578
305678
306042
306257
306731
307031
307173
307359
307437
307631
307718
307874
307966
308612
308966
309153
309381
309520
309563
309886
310155
310389
310581
311254
311307
311351
311524
311654
311750
312029
312415
312801
312931
312955
313674
313776
313887
314188
314813
315247
316403
317586
317710
318128
318322
318678
318983
319299
319461
320170
321137
321180
321657
321847
322466
322597
322977
323031
323045
323051
323804
323859
324062
324971
325026
325241
325302
326234
327074
327351
327802
327994
328019
328086
328934
328952
329014
329769
330487
331214
331273
332068
332133
332432
332610
332635
332795
333036
333577
333674
333899
334002
335097
335156
335333
335334
335544
335685
336115
336247
336312
336873
337309
337353
337607
337617
337752
337777
337840
337921
338105
338268
338762
339011
339051
339445
339524
339905
340149
340446
340578
341101
341102
341173
341310
341341
342442
343015
343142
343202
343312
343449
343754
343805
344415
344630
344702
344751
344791
345108
345301
345762
346125
346289
346333
346475
346950
347148
347496
347680
347715
348462
348948
348997
349380
349408
349522
349536
349732
350522
350732
350923
350969
351013
351230
351253
351648
351763
352539
353175
354353
355080
355661
355812
355825
356448
356806
357674
357820
357876
359113
360593
361090
361488
361741
362274
362412
362673
362768
363005
364367
364676
364804
364895
365367
365989
366503
366910
366982
366994
367047
367212
367552
368080
368496
368517
369127
369285
369718
369769
371444
371575
371866
372038
372225
372245
372572
372638
372779
373699
373929
374383
374485
375021
375108
375197
375519
375578
375744
376431
376468
376741
376762
376847
377414
377445
377607
377790
378200
379466
380054
380236
380828
381310
381585
381774
381797
382265
382427
382675
383035
383172
383585
384261
384301
384542
384552
384801
384876
385298
385713
385901
386245
386308
387267
387478
387532
387660
387680
388222
388739
388979
389258
389312
389385
389628
390039
390199
390402
391149
392321
392706
393261
393439
393647
394073
394741
394813
395532
395636
395817
396669
396761
396933
397621
397953
398526
398935
399468
399691
400662
400722
400840
400905
400916
400992
401082
401190
401551
401971
402443
402831
402886
403177
403184
403388
403492
403552
403765
404019
404281
405072
405901
405919
406056
406630
407237
407912
407955
408218
408597
408906
409352
409421
410425
410740
410824
410856
411215
411677
411679
412122
412127
413283
414017
414036
414076
414104
414738
415901
416080
416657
416890
417444
418074
418815
419307
419439
420016
420269
420839
420958
421033
421208
421796
422261
422405
422778
422871
422901
423653
423748
423878
424857
425149
427150
427283
427572
428273
428661
429092
429537
429627
429688
430159
430886
431819
432898
433073
433579
433944
434088
434234
435521
435551
435869
436127
436551
436954
437007
437424
437932
437949
437974
438454
439041
439252
440514
440569
441225
441739
442697
443377
443703
443706
444175
444277
444316
444787
445430
445481
445614
446209
446418
447981
448486
449026
449358
449488
449529
449531
449596
450205
450570
451020
451717
452295
452375
452425
452702
452726
453036
453671
454013
454219
454530
454538
454907
454965
455312
455625
455830
456790
457930
458415
458746
458836
459070
459432
459515
459723
459990
460711
461002
461322
461571
461848
461997
462039
462048
462132
462636
462697
463350
463433
463787
464321
464331
464787
465004
465285
465308
465370
466493
466822
466946
467764
468426
468467
468541
469049
469619
470004
470065
470144
470752
471775
471799
471923
472112
473263
473727
474027
474269
474879
474969
475180
475440
475671
476097
476259
476566
477001
477056
477841
477935
478530
479256
479307
479921
480373
480623
481954
482021
482512
482580
482965
483211
483502
483545
484073
484135
484792
486102
486127
486197
486628
487123
487374
487885
488781
489263
489854
490114
490823
492075
492768
493156
493464
493696
494061
494112
495076
495206
495387
495684
496467
497232
497622
497674
497772
498199
498303
498326
499127
499147
499434
500109
500586
500915
501514
502622
503538
503579
504769
505184
505358
505468
505602
506535
507197
507622
507639
508075
508797
509007
509386
510086
510303
510658
511024
511129
512340
512400
512483
512485
513202
514044
514478
515129
515329
515638
515710
515731
516399
516578
516884
517260
518047
518130
518556
518759
519059
519327
519722
519887
520056
520717
521161
521191
521746
521885
522140
522268
522574
522769
523517
524542
524668
524777
525249
525646
526873
526941
526964
526985
527150
527590
527838
528700
528757
530433
531053
531164
531831
532233
533000
533010
533525
534226
535454
535838
535916
535929
536074
536398
536722
537489
537723
538133
538235
538928
538955
539677
540017
540234
540247
540625
541273
541286
541417
541453
542166
542461
542559
543400
543430
543877
543895
544090
544149
544166
544950
545072
545604
545910
546314
546453
546704
547053
547151
547386
547651
548581
548624
548844
549247
549705
550155
550268
550799
551221
551228
552555
552703
552770
552972
553113
554567
556301
557541
557871
558182
558685
560047
560101
560373
560559
561354
561615
562982
563734
563799
563868
564220
564535
565022
565124
565260
565442
566430
567224
567637
567787
568132
568769
568796
568859
568886
569268
569528
570458
571913
571960
572141
572511
572600
572690
572744
572850
573477
573519
574109
574855
574979
575459
575523
576362
576586
577925
578290
578301
578902
580773
580829
580987
581042
582047
582375
582737
584167
584447
586484
586840
587662
588437
589124
589209
589776
591253
591465
593447
594142
594666
595081
596052
596199
596217
598334
599061
599245
600143
600607
601306
601654
601900
603301
603391
604098
604361
604653
604772
605319
605523
605763
606281
606450
607939
609224
609257
610196
612528
613272
613319
613804
613847
614111
614909
616909
616924
618337
618347
619193
619880
622174
623313
623370
624990
625091
625590
631244
631418
633637
634043
634258
634638
636458
637113
638666
642835
643718
645215
645400
645406
648052
649259
651048
652195
652590
654240
655783
655983
657021
657959
658355
659362
659841
660059
661695
662120
662295
662382
662972
665738
669786
671210
680679
680791
681336
681522
682525
685675
688008
688065
690904
691644
695135
695688
696047
697152
700863
701121
711308
711978
713479
715147
715221
717621
718379
721265
723615
724012
724438
725052
725596
726943
727418
727800
728485
729550
731462
731934
732056
733175
733909
737370
740276
740470
743412
744128
744146
746247
747609
749246
751017
752568
752912
753649
756225
760359
763292
764005
764801
765659
768034
769354
770369
770844
771232
772456
773826
774184
777614
781190
781499
785031
787610
788170
789245
789449
789482
794082
794594
794978
795191
796552
797671
797757
797767
798156
798831
798943
801580
803745
804391
804528
805158
806299
806452
806484
807093
807430
807828
808787
808804
808909
809144
811153
813114
813372
814129
814206
814744
815173
815181
815942
816093
818643
819320
819434
819522
820248
821001
821662
822198
822437
825168
825189
825224
825378
825683
831439
832235
832293
835363
836943
837373
837799
838612
839870
840183
841816
842941
844047
844446
844897
845718
846301
847660
847693
847910
848540
849095
849883
852354
852509
863202
863448
863639
863705
864160
864748
864992
866022
866133
866385
867553
867699
867784
867805
869323
872674
873360
875023
875200
875487
875691
875771
876212
876389
876615
876768
877179
879040
881238
881500
881579
881686
881735
881754
881847
883193
885538
886368
886537
887624
887891
888861
890351
890821
891069
892510
896272
896485
896576
897079
897914
898484
898779
899061
899725
900464
900910
901098
901420
901421
901586
903429
904119
906775
907710
907996
908504
908982
909799
910238
912470
912494
912949
913899
914109
914699
915084
915181
917858
918260
919805
920841
920936
923982
924257
924447
929267
930665
934626
937696
938182
940505
941075
943036
945490
945563
947685
950963
952642
953088
954473
955102
955120
956341
957231
957393
957568
959062
962172
963091
963615
964075
964386
964899
965178
965330
965473
966233
967128
967280
967500
969250
970064
970748
972539
973987
975449
975853
976105
976256
979998
981076
982862
983577
984247
984508
984547
985381
986790
986807
988472
988614
989098
991052
991727
992235
992452
997051
997163
998202
998703
999728
999737
1001133
1001220
1001746
1001837
1003223
1004644
1006301
1008468
1008762
1010546
1011163
1014415
1014488
1014944
1015768
1016615
1018724
1020524
1020706
1021023
1021208
1022740
1023595
1023700
1023942
1024219
1024511
1025065
1025362
1025791
1027971
1028259
1029030
1029264
1029987
1030140
1030880
1031090
1031126
1031252
1032311
1032321
1033126
1033378
1033381
1033497
1036517
1036808
1036898
1037693
1039029
1039714
1042216
1042458
1043276
1045120
1046018
1047235
1047997
1048196
1048870
1049074
1049900
1050983
1052089
1053489
1055062
1055920
1055988
1056258
1057511
1058591
1059459
1059920
1060176
1063037
1063252
1063343
1063550
1064323
1065517
1066512
1066628
1066981
1067245
1067478
1067487
1068484
1069042
1070444
1071508
1072779
1072790
1074539
1075341
1077085
1078103
1078690
1079739
1079981
1080645
1081716
1083463
1085225
1085603
1085639
1089136
1090202
1090866
1092457
1093004
1094458
1097548
1099219
1099507
1099677
1099695
1101017
1101226
1101376
1102006
1103089
1103111
1105926
1106966
1108138
1108731
1109049
1109110
1109294
1110964
1113008
1113092
1113856
1121384
1132196
1133555
1135669
1150924
1151020
1152114
1152667
1153214
1157333
1157721
1158469
1160879
1161406
1161938
1162193
1163690
1163746
1163901
1164560
1165070
1166433
1167617
1168051
1168652
1171591
1173294
1173623
1174105
1174277
1176435
1176485
1177060
1177989
1177999
1178435
1178525
1178802
1182383
1183558
1184687
1185280
1185433
1186081
1186493
1187405
1191297
1191737
1193925
1196227
1196711
1197766
1197874
1199118
1199145
1199522
1200044
1200229
1202105
1203312
1203926
1204040
1204318
1207494
1208199
1210145
1212318
1212485
1212683
1213768
1215438
1215757
1215832
1215974
1216244
1216276
1217183
1221464
1221607
1221907
1222990
1223164
1226798
1228771
1228845
1231420
1232470
1233167
1234764
1235670
1235780
1235897
1236845
1238217
1238732
1243826
1244624
