100034
100128
100194
100202
100680
100942
101105
101299
101392
101656
101775
101998
102086
102475
103019
103382
103422
103525
103814
103904
103914
104756
105429
105649
105769
106150
106213
106214
106565
106730
106748
106904
107030
107250
107486
107493
108228
108294
108321
108765
108787
108824
108938
109054
109075
109076
109665
109711
109730
109765
109828
110196
110518
110552
110731
110899
111038
111061
111209
111392
111432
111737
111958
112013
112041
112044
112387
112511
112979
113036
113123
113295
113418
113725
113794
113797
114449
114666
114730
114807
114811
114864
114886
114995
115242
115275
115588
116241
116566
116969
117249
117387
117610
117805
117912
117934
118071
118364
118478
118658
119376
119510
119521
120086
120286
120331
120461
120768
120981
120992
121128
121408
121590
121730
122130
122221
122503
122601
122824
123236
123294
123460
123642
123777
123801
123949
124069
124464
124681
124716
124784
125615
125911
125915
126059
126231
126367
126423
127376
127757
127760
127790
127960
128090
128265
128523
128560
128568
129105
129151
129390
129962
130181
130184
130300
130555
130571
130756
130769
131368
131514
131554
131572
131834
131961
132014
132262
132500
132519
132739
133162
133789
133892
133917
134035
134062
134281
134483
134545
134631
135233
135348
136045
136146
137060
137090
137252
137581
137677
137685
137870
137871
138296
138325
138469
138701
138707
138794
138810
138909
138923
139113
140183
140232
140480
140578
140911
141220
141311
141536
141576
141845
141866
142157
142309
142694
143668
144221
144250
144465
145209
145215
145257
145422
145566
145772
145875
146032
146208
147079
147287
147410
147513
147563
147896
147969
148440
148550
149036
149049
149083
149302
149838
149886
149963
151200
151252
151702
151806
152339
152462
152824
153490
153534
153779
153850
153949
154052
154474
154647
154737
154890
155063
155211
155913
156054
156096
156366
156490
156491
156608
156634
156655
156690
157047
157172
157246
158388
159219
159418
159719
160270
160513
160677
160791
161912
162050
162167
162220
162262
162284
162754
162796
162884
163470
163661
163810
164043
164231
164590
164593
165377
165568
165710
165785
166154
167209
167298
168223
168584
168735
168832
168953
168983
169025
169447
169558
169564
170158
170729
171039
171090
171145
171222
171396
171615
171711
171799
172406
172756
172869
172884
173095
173181
173319
173338
173746
174251
174447
174458
174525
174547
174585
175111
175203
175673
175868
176549
176750
176761
176862
176911
177126
177933
178285
178751
178786
179416
179988
180230
180415
180990
181027
181607
181686
181867
181964
182238
182290
182406
182535
183878
183931
184070
184731
184841
185215
185339
186145
186738
186748
186835
186974
187495
187554
187833
187947
188040
188177
188482
188528
188558
188588
188835
189043
189197
189419
189637
190085
190298
190629
191307
191561
191714
191747
191975
192277
192445
192562
192624
193056
193333
193469
193677
193748
193871
193943
194125
195749
195808
196012
196163
196232
196329
196433
196749
197678
198525
198548
198674
199769
199937
199984
200047
201584
201862
201921
202154
202227
202535
203487
203819
204029
204046
204383
204764
205109
205166
205515
205654
205683
205925
206111
206155
206316
206416
206426
207305
208285
208744
208883
209276
209458
209514
209598
209608
209656
209659
209677
209734
209794
209872
209895
209988
210355
210628
210939
211074
211149
211854
212302
212480
212771
212891
213211
213959
214517
215168
215200
215374
215849
215998
216732
217076
217160
217468
217726
217829
218262
218744
219957
220306
220401
220829
220933
221464
222403
222888
223220
223493
224098
224478
224522
224646
225324
226056
226358
226617
226924
227142
227151
227159
227677
228186
228458
228477
228538
228634
228704
228918
229711
229813
229943
230856
230980
230993
231378
231418
231506
231629
231807
231893
232070
232785
233042
233501
234017
234116
234800
234803
234901
235183
235297
235527
236154
236344
236609
236843
236862
237000
237374
238281
238415
238481
238557
238743
238896
239186
239412
239422
239503
239639
239835
240151
240304
240479
240504
240562
240683
240696
241388
241533
241558
241596
241959
241986
242027
242171
242201
242232
242569
242618
243592
243783
244795
244827
244983
245072
245076
245144
245199
245246
246476
247732
247735
247754
248410
248530
248661
249024
249382
249443
249680
249934
249979
250116
250397
250400
250700
251002
251036
251066
251287
251365
251477
251505
252089
252097
252181
252326
252464
252474
252547
253171
253172
253255
253363
253749
254495
254830
254833
255116
255167
255586
256060
256229
256395
256742
256884
256993
257006
257793
257995
258523
259430
259561
259630
259947
261035
261304
261384
261715
261752
261852
262086
262604
263293
263432
263748
263823
263913
263941
264012
264552
265084
265111
265240
265374
265419
265630
265739
266488
266873
266879
267234
267277
267391
267648
267775
267956
268141
268651
268921
269558
269800
270220
270378
270517
270538
270754
270809
270927
271036
271256
271364
271497
271676
272307
272583
272970
273537
273829
273854
273864
274034
274199
274400
274459
274467
274554
274742
274836
274953
275025
275377
275401
276275
276358
276372
276634
276667
276878
276988
277091
277351
277935
278491
278593
278799
279311
280320
280693
280792
280855
280880
280966
281256
281269
281988
282068
282388
282533
282934
284023
284341
284389
284497
285090
285206
285587
285611
285803
286161
286217
286429
286584
287030
287148
287308
287447
287468
287873
288051
288466
288642
288714
288795
288842
289051
289116
289220
289404
289707
290187
290835
291022
291165
291363
291564
291899
292035
292347
292531
292885
292909
293026
293839
293965
293992
293993
294115
294360
294412
295041
295086
295397
296174
296181
296455
296501
296815
297008
297113
297341
297354
297431
297510
297772
298245
298450
298742
298935
299418
299810
300297
300380
301402
301774
302471
302487
302715
302892
302965
302998
303023
303083
303121
303160
303389
303602
303635
303696
303808
303934
304157
304340
304709
305264
305370
305419
305516
305578
305651
305678
306607
306652
306911
306942
307031
307210
307631
307718
307874
307966
308584
308900
308992
309153
309397
309563
310155
310380
310389
310920
311307
311524
311654
311750
312029
312415
312870
313291
313776
313839
313883
314138
314153
314228
314234
314813
314863
315247
315504
315579
316209
316368
316403
316678
317038
317586
317644
317980
318265
318269
318300
318322
318677
319299
319317
319484
320242
320843
321180
321348
321593
321847
321965
322466
322520
323045
323051
323804
323859
324352
324385
324971
325302
325309
325409
325831
326234
326483
326598
327025
327074
327138
327361
327457
328019
328086
328781
328946
329014
329149
329769
330072
330084
330487
330642
330928
331214
331247
331273
331511
332133
332348
332943
333729
333899
334002
334268
334438
335156
335224
335333
335334
335363
335544
335685
335918
335938
336247
336312
336687
336730
336769
336921
337009
337216
337353
337592
337617
337777
337840
338103
338268
339051
339057
339159
339456
339606
339905
340236
340311
340446
340578
340820
341023
341101
341173
341253
341270
341310
341341
341582
341989
342301
342338
342524
342666
342699
343142
343312
343449
343754
343805
344157
344587
344630
344797
344970
345762
345792
345803
346245
346475
347148
347235
347476
348462
348948
348997
349164
349380
349465
349530
349622
350143
350390
350522
350969
351013
351078
351230
351253
351648
351674
352108
352539
352671
352980
353175
353337
353460
354730
355080
355203
355661
355745
355809
355942
356791
356945
358331
358869
360593
361090
361281
361488
362611
362743
363045
363093
363302
363733
364171
364804
364895
365006
365174
365367
365690
366422
366567
366982
367139
367948
368080
368247
368517
368544
368969
369127
369206
369285
369390
369391
369572
369654
369769
371168
371498
371519
372038
372225
372245
372572
372779
373587
373743
373929
374383
374677
375108
375393
375519
375552
375578
375618
375744
376741
376847
376854
377414
377607
377790
378158
378412
378436
379272
379365
379466
380670
380828
380881
381310
381377
381585
381832
381915
382117
382675
383075
383172
383294
383585
383660
384238
384386
384542
384552
384801
384940
385364
385378
385538
385901
386245
386618
387021
387239
387267
387478
387680
388097
388246
388275
388392
388999
389033
389258
389285
389385
390199
390402
391149
391437
392706
392937
393462
393647
393980
394026
394073
394148
394741
394811
394813
395023
395532
395989
396547
396669
396761
396894
397295
398225
398241
398526
398935
399542
400253
400788
400880
401190
401500
401551
401581
401699
402047
402831
403184
403445
403492
403759
403914
404018
404019
404152
404281
404374
404614
405368
406221
406435
406512
406630
407099
407250
407369
407628
407912
407955
408175
408218
408811
408906
408953
409352
409846
409935
409989
410175
410330
410392
410397
410425
410819
410921
411304
411452
411677
411679
411787
413192
413217
413283
413547
413973
414036
414104
414193
414692
415088
415266
415901
416080
416537
416657
416890
416910
416959
416984
418074
418443
419033
419307
420751
420839
420953
421137
421256
421796
421815
422053
422118
422261
422458
422497
423093
423574
423653
423748
424321
424543
424597
424651
425256
425424
425954
426406
426511
426653
426722
427025
427096
427150
427250
427283
427408
427572
427779
428257
428273
428462
428661
428875
429092
429530
429595
429627
429688
429748
429913
430278
431142
431350
431547
431819
432305
432704
432715
432898
433003
433622
434088
434135
434667
434904
434944
435091
435281
435521
436016
436321
436333
437007
437142
437424
437840
437974
439041
439081
439106
439252
440622
440971
441117
441482
441795
442103
442178
442697
442821
443377
443703
443706
443775
444143
444175
444277
444540
444678
445147
445207
445370
445430
445481
445614
446043
446209
446391
446418
446438
446535
446878
447204
447321
448486
448590
448779
449033
449166
449488
449531
449654
449902
450205
450524
450548
450570
450623
450648
450776
451633
451669
452375
452545
452702
452895
453193
453207
453374
453671
453725
453834
453846
454197
454219
454896
454907
455248
455253
455312
455625
456892
457077
457930
458081
458098
458268
458415
458549
458921
459070
459305
459345
459515
459723
459802
459990
460089
460228
460550
460711
460754
460756
461002
461110
461515
461699
461848
462055
462102
462214
462598
462636
462819
462890
463016
463030
463253
463510
463711
463969
464086
464331
464835
464842
465004
465285
465370
465591
466214
466384
466493
466822
466862
466895
466898
466934
466937
467594
467853
468467
468745
468749
468837
469793
470144
470629
470752
470805
471775
472112
472493
472871
473077
473164
473693
473831
473942
474027
474401
474969
475180
475561
475601
475671
475803
475855
476137
476259
476646
476652
476846
477001
477520
477692
477935
478470
478530
478604
478609
478749
479307
479346
479921
480033
480366
480373
480432
480524
480537
480899
482352
482512
482562
482580
482684
482699
482965
483211
483533
483545
483688
484505
484507
484669
484795
485052
485421
485495
485876
485938
486197
486375
486628
486647
487123
487374
487513
487798
487885
488638
488649
488781
489263
489485
489543
489886
490190
490737
490858
490898
491154
491256
491523
491864
491884
492075
492348
493156
493366
493464
493535
493696
493984
494112
494621
494746
495206
495387
496148
496238
496563
496573
496665
496860
496891
497232
497366
497547
497579
497772
497798
498022
498199
498303
498529
498824
499434
499532
499712
500566
500586
500915
501111
501514
502383
502397
502556
502604
503081
503187
503202
503538
503579
503989
504975
505021
505338
505358
505602
506535
506588
507563
507639
507869
508090
508101
508399
508797
510208
510423
510658
510669
510875
510973
511024
511109
511998
512204
512450
513469
513810
514476
514697
515047
515788
516301
516578
516711
517196
518047
518436
518488
518800
518843
519232
519722
519736
519885
520071
520717
520727
520752
520978
521161
521191
521201
521461
521549
521837
521885
521982
522260
522283
522574
522646
522769
523099
523212
523273
523586
523672
523687
524032
524668
524910
525249
525646
526347
526488
526727
526873
526886
526900
526964
526985
527821
528008
528716
528757
528869
529602
529783
529795
529874
529904
530055
530232
530416
530419
530433
530730
531053
531164
531729
531831
532233
532620
533010
533301
533587
533921
534226
535237
535454
535838
535895
535916
535929
536074
536722
536971
537131
537996
538133
538243
538349
538851
538928
538955
539054
539572
539677
539813
540017
540226
540247
540798
541016
541286
541417
541453
541689
542166
542397
542733
543073
543323
543375
543400
543430
543895
544090
544149
544166
544203
544399
544498
544959
545865
545944
546314
546453
546704
547053
547386
547652
548624
548830
548844
549038
549634
549659
550293
550387
550799
550874
550893
551074
551098
551633
551892
552697
552770
552846
552861
552904
553151
553457
553730
553980
554567
555013
555398
555468
555704
555714
555797
556062
556301
556657
556831
557128
557270
557636
557871
558424
558641
558685
558934
559661
560101
560373
560724
561082
561354
561615
562434
562586
562758
563531
563799
563868
564430
565124
565138
565260
565442
566531
567220
567311
567321
567395
567637
567649
567787
568591
568796
568859
568886
569472
569912
570060
570164
570178
570299
570723
571822
571913
572087
572141
572285
572600
572651
572744
573223
573259
573413
573519
573766
573952
574409
574634
574836
575459
575533
575625
575826
576301
576362
576380
576586
576692
576736
576920
576981
577470
577925
577984
578290
578301
578365
578455
578978
579353
579539
579893
580277
580371
580773
580942
581633
582375
582381
582421
582604
582735
582737
582842
583556
583933
584167
584471
586233
586484
586977
587093
587965
588320
588437
588675
589526
590404
590478
590757
591109
591253
591465
591679
591743
591864
592031
592123
592510
592935
593447
593459
594027
594278
594535
595081
596052
596199
596217
597071
598005
598334
598391
598394
598899
598952
599245
599279
599480
599725
600143
600388
600407
600467
600607
600682
600770
601555
601588
601640
601900
601965
602009
602111
602293
602580
602649
602814
602997
603294
603391
603632
604098
604451
604625
604653
605153
605207
605261
605265
605319
605523
605763
606250
606450
606741
607089
607393
607678
607784
607833
607939
608527
608651
609085
609151
609205
609497
610168
610196
610441
610798
611332
612288
612824
613237
613272
613319
613405
613644
613847
614111
614173
614286
614909
615217
615725
616355
616425
616689
616757
616767
618127
618311
619193
619240
619574
620003
620532
620600
620797
621060
621358
622174
622396
622433
622758
623153
623200
623261
623440
623860
624828
624871
624990
625091
625131
625376
626162
626274
626293
626335
631244
631418
631728
632799
633165
634258
645400
648052
649259
653010
655783
656513
657916
657959
659841
661812
662972
664828
665395
665738
665787
667914
671210
673209
674245
675569
679163
680679
680791
681336
681522
684214
684785
685619
685675
687466
688065
689103
690904
691791
692658
695688
697448
697825
698889
699345
700210
700437
700863
701121
702366
703679
704970
705196
707139
711253
712021
712041
712438
714390
715147
715221
716095
716869
717621
718379
718604
723615
723771
724012
724438
724452
725596
727418
729550
729595
729727
733175
733909
734719
734723
735223
735561
738639
738694
738717
738892
739860
740325
740470
740709
740735
741466
741468
742398
742980
744146
744898
746247
746755
746930
747169
747540
747609
748250
748448
748914
748989
751491
751640
752568
752577
752912
752960
753443
753649
754934
756204
756225
756770
757634
757924
758197
758362
760240
760414
761107
761471
763154
763292
764017
764801
764843
765659
765780
767895
768034
768895
769158
769479
770369
772616
772988
773493
775383
776007
777179
777319
777614
778466
778695
778698
779784
780007
780196
780855
781190
782913
783679
787610
788080
788170
788247
789391
789449
791569
794082
794248
794690
794701
794841
794978
795345
796483
797398
797671
797757
798831
798943
801089
801580
803600
804050
804528
805459
806452
806597
807093
807430
808787
808909
809144
810351
811153
813114
813372
814206
815173
815181
815942
816093
817773
817778
819320
819434
819522
821001
821073
822185
823514
823924
823956
824083
824472
825168
825189
825224
827072
827281
827344
827637
827818
828186
830062
830201
831439
832718
833102
835212
836316
836821
837155
837799
838066
838612
839184
839435
840183
841409
842170
843326
843468
844446
844497
844536
844575
845965
846913
847660
849095
849883
852354
863192
863202
863448
863639
863993
864345
864534
864948
864992
865378
866022
866215
866670
867342
867539
867567
867699
867784
867960
868830
869685
869696
869865
870253
870293
871314
871597
871765
871984
872365
872674
873360
873625
874603
875101
875691
876597
876692
876768
877203
877574
877676
877727
878894
879040
879125
879166
879452
879779
880018
880558
880905
881389
881500
881662
881686
881754
881845
881847
883193
883606
883998
885634
886368
886408
886537
887624
887891
888764
889264
889830
890351
890907
891069
891167
892098
892622
893080
893116
895588
895649
895812
896272
896583
896797
897079
897105
897112
897154
897326
897373
898398
898488
898779
899061
899247
899574
899725
899788
901098
901420
901421
901480
901586
901985
902580
902666
902966
903493
903640
903655
904119
904975
905229
905482
906151
906577
906775
907465
907710
907965
908051
908210
908239
908504
908561
908659
908982
909180
910611
911475
911600
911967
912494
914112
914486
914699
914722
915181
915325
915947
916381
917561
917580
918855
919299
920487
920841
920936
922200
922899
923982
924027
924254
924257
924262
926215
927276
927592
927958
928829
929267
930235
930843
931283
931376
931403
932279
933077
934091
934189
935075
935624
936127
936632
937357
937601
938145
938188
942270
944990
945434
946201
947310
948947
949334
949568
949677
950711
950786
952954
954473
955102
955120
955263
956000
956341
956393
957469
957568
958096
958301
958470
958606
959369
959390
959654
960904
961949
962172
963258
963585
963608
963615
963806
964386
964919
965032
965265
965473
965732
965907
966086
966233
966593
967160
967199
967280
967612
969035
969099
970064
970916
971007
971803
971894
971904
971992
972274
973691
974102
974286
975853
977130
977658
977946
978914
979705
980914
981322
981418
981846
982237
982862
984274
984494
984508
984775
985381
985407
985441
985590
985710
985986
986305
986807
987412
988673
988692
988923
989033
989745
990145
990333
990467
990538
991052
995068
995311
995860
996278
997051
997822
997881
998202
998545
999728
999796
999970
1000475
1000560
1000572
1001133
1001220
1002608
1003498
1004253
1004644
1005776
1006344
1007975
1008468
1009849
1010546
1010670
1011124
1011163
1011522
1011602
1012481
1012584
1013224
1014384
1014685
1015057
1015634
1015718
1016615
1016700
1017395
1018183
1019603
1020856
1022568
1022740
1023349
1023700
1023942
1024148
1025003
1025017
1025474
1026225
1027723
1029030
1029987
1030310
1030971
1031252
1031532
1031553
1031992
1032078
1032311
1033126
1033466
1033795
1034683
1034684
1034893
1035023
1036212
1036452
1036566
1036808
1036898
1037190
1038955
1040323
1040415
1040980
1041119
1041694
1043276
1044423
1044582
1045120
1045493
1045791
1046545
1046665
1046906
1047251
1047905
1048196
1048846
1048849
1048927
1049313
1049672
1049907
1050983
1050999
1052503
1053328
1053562
1053819
1054186
1054887
1055062
1055722
1056484
1056600
1056892
1057679
1057944
1058185
1058415
1058591
1058611
1059122
1059225
1060144
1061200
1061637
1063364
1063390
1063550
1063729
1063767
1063883
1064097
1064162
1064323
1065137
1065175
1065332
1065517
1066512
1066546
1066859
1067114
1068268
1068315
1069042
1070388
1070444
1070604
1071331
1071450
1071508
1071986
1072004
1072489
1072676
1072779
1072790
1073917
1073949
1074699
1075083
1075341
1075480
1075948
1076144
1077077
1077089
1078103
1078468
1078690
1078872
1080244
1080370
1080578
1080602
1080645
1081650
1082751
1083463
1084345
1084492
1084517
1085097
1086180
1086227
1086750
1087105
1088112
1089775
1090202
1090818
1091502
1091680
1091926
1092002
1093004
1093978
1095721
1095891
1096107
1097881
1098547
1099331
1099359
1099677
1099947
1100621
1100772
1100853
1101376
1101445
1101767
1101768
1102006
1102748
1103111
1104105
1104149
1104744
1105168
1105519
1105858
1106260
1107448
1108055
1108138
1108350
1108731
1109049
1109110
1109186
1109301
1109302
1110423
1110880
1110964
1111303
1111461
1115415
1120037
1121072
1121384
1123076
1124305
1125505
1132196
1133552
1135669
1149478
1150209
1150653
1150667
1150810
1151020
1151143
1151413
1154685
1154858
1157432
1157557
1157721
1158163
1158216
1158336
1158369
1158469
1158578
1159069
1159078
1159100
1159705
1159774
1159966
1160216
1160772
1160869
1161487
1162156
1162191
1162278
1162378
1163180
1163442
1163514
1163690
1163746
1163901
1164184
1164324
1164560
1164639
1164939
1164963
1165070
1165109
1166138
1166148
1166397
1166426
1166561
1166868
1167207
1167586
1168051
1168320
1168334
1168652
1168767
1169210
1169281
1169666
1170448
1170752
1170775
1170934
1171370
1171591
1171871
1172049
1172062
1172616
1172790
1173623
1173969
1174105
1174443
1174695
1175006
1175223
1175791
1176485
1176955
1177999
1178029
1178133
1178332
1178435
1178802
1179139
1179385
1180366
1181716
1181968
1182149
1182381
1182383
1183011
1183558
1183776
1184687
1184695
1185280
1186081
1188458
1188909
1189216
1189420
1189972
1190088
1191737
1191759
1192519
1192539
1192664
1193246
1193729
1194377
1195165
1196055
1196227
1196316
1196346
1196711
1196921
1197149
1197414
1197639
1197850
1197874
1198352
1198563
1198647
1198813
1199118
1199145
1199522
1199983
1200229
1200272
1200839
1201800
1202105
1202485
1202494
1202768
1203312
1203522
1203557
1204589
1205586
1206265
1206420
1207163
1207269
1207370
1208947
1209189
1209383
1209542
1210893
1211406
1211924
1212238
1212318
1212370
1212674
1214239
1214302
1214425
1214860
1215438
1215707
1215708
1216276
1216905
1218364
1218560
1218664
1218673
1218676
1218881
1219125
1219925
1220228
1220283
1220617
1221274
1221377
1221584
1221768
1222517
1222990
1223728
1224488
1225831
1226719
1226798
1227191
1227224
1228130
1228771
1229161
1229524
1229789
1231035
1231887
1233005
1233149
1233167
1234579
1234862
1235670
1235780
1235962
1236406
1236516
1236675
1236845
1237605
1237802
1238160
1238217
1238501
1239591
1240847
1241312
1242689
1243826
1244624
1244683
1245373
1245402
1246350
1246486
1246576
