232528
284538
301840
324156
350146
354817
364470
377865
402629
407466
420524
421188
429671
436393
438276
444738
452551
457331
480079
481450
483240
488841
494474
495371
495463
512934
531486
551871
556676
563679
563851
567200
567223
584282
590891
591159
595959
599293
613501
633283
656026
656134
698237
734691
737643
738293
743895
763366
789578
819787
832957
837578
839720
865696
872909
872971
873394
881163
886947
902688
918206
924660
937939
939722
945432
945568
969405
970623
971139
975212
975791
977832
980992
982864
991393
991985
996122
997744
998432
1012544
1016068
1017280
1020474
1037406
1051255
1055005
1061702
1064451
1065030
1065835
1071940
1075171
1089632
1096704
1102714
1158928
1160765
1162122
1162713
1163559
1164301
1166438
1169908
1170139
1174346
1174792
1181387
1181760
1188815
1192624
1198123
1199621
1211526
1214200
1216823
1220893
1224499
1226252
