100194
100202
100388
100615
101105
101763
101775
101937
102475
103344
103371
103814
103922
104231
104293
104401
104424
105429
105498
105769
105892
105919
106150
106748
107216
107250
107727
107811
107844
107936
108228
108765
108805
108875
108927
108938
109054
109498
109572
109615
110196
110592
110731
111176
111432
111809
111828
112039
112570
112841
112979
113009
113036
113109
113125
113181
113425
113487
113567
113725
113787
113797
113838
114216
114811
114995
115334
115559
115562
116517
116566
116969
117065
117086
117249
117610
117757
118229
118302
118364
118478
118554
118606
118855
119310
119510
119521
120021
120099
120248
120286
120981
121128
121147
121408
121437
121499
121590
121672
121730
121814
122130
122370
122900
122918
122994
123517
123777
123949
123953
124069
124144
124464
125615
125640
125915
126035
126875
126975
127376
127640
127760
127790
127802
128083
128090
128167
128265
128703
129105
129390
129409
129686
130019
130184
130300
130532
130640
130799
130996
131320
131348
131403
131514
131516
131554
132014
132045
132046
132099
132505
132519
132721
132739
133070
133113
133707
133755
133892
133917
134163
134473
134545
134631
134914
134917
136486
136646
136832
136904
137677
138058
138296
138325
138663
138707
139038
139288
139416
140093
140121
140234
140387
140427
140465
140566
140614
141207
141332
141636
141642
141815
141866
142066
143121
143382
143826
144465
144512
145478
145566
145772
146032
146559
146720
146883
147052
147391
147410
147432
148374
148440
148775
149020
149080
149356
149601
149886
149963
149980
150393
150865
151252
151353
151702
151806
152266
152339
152857
153009
153358
153490
153534
153673
153848
153949
153970
154066
154300
154386
154474
154486
154715
154890
154897
154931
155063
155211
155907
155913
156268
156346
156491
156578
156644
156705
157246
157503
157663
157796
158186
158388
158554
158639
158939
159567
160153
160270
160429
160513
160806
160907
161105
161197
161674
162158
162167
162362
162402
162606
162754
162796
162884
163332
163523
163776
163934
164050
164231
164308
164508
164593
165402
165660
165785
166799
167002
167298
167992
168285
168983
170158
170729
170804
171002
171103
171152
171222
171396
171664
171799
172277
172305
172756
172838
173319
173416
174212
174251
174296
174525
174547
174578
174617
174735
174917
175080
175168
175450
175853
175866
176216
176264
176750
176761
177693
177933
178285
178797
178829
179416
179604
179727
180230
180374
180826
180952
181027
181029
181624
181642
181686
181935
181964
182297
182406
182535
182887
183398
183672
183846
184045
184070
184343
184791
184887
185215
185339
185724
185798
186240
186738
186974
187495
187715
187833
187915
187930
187947
188309
188478
188513
188537
188558
188588
188766
188835
188938
188970
188982
189283
189419
189769
189855
190062
190168
190261
190900
191017
191304
191307
191426
191537
191561
191681
191827
191857
192556
192635
192765
193191
193278
193469
193796
194359
194430
195024
195071
195197
195211
195384
195808
195864
196083
196163
196232
197297
197750
197752
197808
198410
198443
198617
198805
199323
199576
199673
199856
199937
199984
200047
200107
200156
200366
200391
200501
200513
200564
200898
201113
201250
201396
201413
201699
201800
201887
202227
202350
202409
202690
202754
203088
203368
203487
203511
203563
204037
204301
204328
204400
204504
205109
205166
205800
206155
206686
206916
207001
207002
207233
208231
208423
208744
209055
209218
209276
209608
209659
210492
210653
210761
211046
211074
211149
211657
211672
211752
212139
212413
212508
213211
213325
214089
214162
214177
214946
215267
215374
215782
215849
217076
217297
217310
217726
217739
217797
218262
218299
218431
218465
219159
219353
220021
220023
220306
221327
221900
222403
223641
223786
224116
224478
224522
224646
225255
225358
225571
225621
225811
226086
226924
226985
227267
227509
227628
227677
228477
228538
228704
228856
230094
230124
230616
230856
231351
231629
231687
231807
231893
232696
232785
233072
233415
233592
233668
234017
234140
234320
234380
234661
234800
234827
234859
234901
235297
236292
236544
236598
237181
237437
238581
238881
239129
239412
239503
239835
239844
240151
240175
240479
240484
240521
240562
240683
240766
242033
242143
242232
242452
242618
243484
244024
244101
244198
244651
245072
245076
245144
245887
246348
247287
247885
247993
248072
248242
248633
248801
248962
249045
249382
249572
249816
249865
249934
250050
250069
250153
250204
250929
251036
251114
251287
251428
251477
251719
251930
252225
252366
252444
252507
252547
252606
252704
252901
253171
253230
254316
254849
254873
256503
256697
256735
256742
257024
257373
257832
257851
257982
258020
258061
258065
258382
258523
258674
259132
259143
259381
259544
259630
259866
260019
260024
260525
260720
261517
262442
262444
262806
262924
263293
263477
263805
263913
264004
264277
264303
264526
264552
265084
265630
265739
266087
266157
266263
266265
266414
266716
266849
266994
267030
267198
267277
267391
267737
267956
268305
268558
268854
269492
269666
269732
269906
270189
270220
270237
270349
270380
270517
270990
271256
272307
272556
273002
273010
273229
273864
274132
274199
274440
274467
274836
274894
274953
275025
275433
275462
275782
275978
276094
276151
276372
276634
276711
276951
277301
277345
277677
277744
277989
277990
278275
278491
278869
279756
279798
279941
280433
280880
280966
281206
281555
281832
281890
281951
281988
282188
282311
282388
282393
282671
283533
284341
284600
284655
285090
285626
285828
286161
286429
286667
286769
287131
287308
287608
287754
287831
288051
288466
288642
288714
288782
288976
290030
290835
291218
291553
291806
292710
292888
293652
293965
294576
294965
295048
295124
295879
295906
296038
296181
296308
296832
297113
297711
297988
299107
299175
299388
299627
300175
300218
300501
301402
302471
302965
302998
303213
303422
303546
303696
303859
304157
304373
304710
305343
305419
305678
306257
306583
306731
306917
307039
307299
307718
307874
307966
308169
308170
308299
308966
309021
309153
309563
309886
310133
310155
310528
310581
310702
311421
311906
312029
312415
312569
313674
313887
314188
314813
315007
315397
315727
316303
316981
317586
318551
318678
319114
319299
321120
321180
322061
322977
322989
323051
323540
323804
323920
324664
324751
325066
326292
326740
326764
327351
328019
328086
328105
328141
328330
328952
329014
329769
330487
331214
331273
331444
332432
332610
332635
332788
333067
333668
333674
333899
334388
334468
334874
335097
335156
335334
335643
335763
336247
336312
336830
336831
337353
337531
337607
337840
338288
338631
339378
339445
339511
339524
339905
340068
340187
340188
340253
340446
340652
341101
341102
341310
341341
342130
342442
343202
343312
343449
343805
343869
344415
344469
344630
344702
345624
345837
346289
346475
346950
347322
347545
348215
348255
348339
348948
348997
349035
349380
350354
350522
350923
351013
351016
351249
351525
351612
351763
352928
353118
353175
354818
355050
355661
355848
356448
356672
358338
358412
359175
361002
361047
361404
361488
362617
362989
363005
364137
364296
364367
364676
364804
364809
364850
365037
366994
368080
368354
368452
368517
368561
369089
369127
369205
369474
369624
369666
370111
370130
370216
370690
371435
371485
371575
372225
372572
372592
372779
373747
373882
374383
374485
375021
375108
375519
375535
376277
376741
377472
377790
378965
379459
380054
380150
380828
380829
381310
381774
381797
382492
382719
382851
383585
384801
384893
384906
385318
385430
385713
386709
387480
387660
387857
388979
389020
389385
389496
389597
389609
390039
390199
390670
390807
391033
391197
391277
392183
392706
392833
392932
392959
393210
393261
394073
394165
394741
395636
395777
396038
396506
397384
399094
399284
399468
399691
400662
400722
400992
401082
401190
401551
402831
402886
403177
403184
403598
404670
405901
406546
406798
407241
407912
407955
409197
409352
409911
410425
410856
411672
411679
412252
412591
415122
415562
416080
416219
416890
417444
417557
418124
418403
418780
419307
419368
420016
420269
420626
420839
421070
421208
421348
421796
422261
422871
422901
423037
423619
423713
423721
424857
425086
425149
425276
425455
425664
426469
426790
427283
427327
428202
428273
428816
429092
429163
429537
430868
430886
431265
431592
431819
431870
432669
432898
433081
433296
433579
435521
435551
435733
436127
436986
437007
437011
437974
438114
439034
439310
439628
440725
441987
444167
445031
445481
445614
449358
449531
449596
449919
450011
450052
450399
451487
451623
451646
451913
452375
452588
453036
453256
454013
454219
454609
454907
455008
455312
457820
457930
458457
458692
458746
459070
459432
460243
460711
461427
461571
461997
462014
462636
462697
463457
464243
464331
464519
464868
464928
465004
465285
465308
465370
466471
466493
466500
466822
466946
467113
467764
468426
468467
469049
469298
470065
470144
470271
470752
471256
471630
471775
471799
472568
473727
474027
474098
474598
475440
475454
475671
476228
476566
477001
477056
477841
478530
478658
479256
479396
479921
480373
481424
482021
482512
482580
483211
483258
483502
484135
484269
485071
486075
486210
487336
487374
488754
489263
489316
490024
490090
490823
490888
492075
493156
493340
493464
494174
495304
495387
495424
495684
497674
498326
499402
499566
500586
500915
503073
506206
506972
508075
508093
508501
508797
508803
509007
509386
509527
509824
510635
510734
511024
511129
512483
514044
514478
515778
516389
516560
516578
516709
516827
517260
517499
518130
518696
518902
519452
519472
519887
520056
520508
520531
520693
521161
521191
521710
521885
521894
522140
522268
522574
522769
523480
523694
523766
524087
524542
524668
524845
525118
525249
525646
526088
526400
526693
526887
526985
527418
527590
527838
528700
528757
528917
529241
529805
530240
530327
531053
531521
531831
532334
532504
532690
533708
534226
535047
535413
535838
535916
535929
536074
536334
536398
536615
536669
536696
536722
536911
536990
537176
537708
538133
538955
540234
540247
540994
541417
541470
542073
542166
542277
543430
543699
543870
544149
544950
545910
546453
546706
547017
547651
548285
548581
548624
549005
549392
549705
549728
550117
550155
550227
550268
550658
550799
551221
551934
552030
552703
552715
552824
552896
552903
552972
554567
554607
555151
556024
556219
556301
556943
557541
558446
558940
560331
560373
560864
561615
563379
563799
563868
564233
566339
566360
567498
568132
568859
570365
570458
570490
570702
570803
571913
571960
572169
572744
572850
573519
573848
574855
575459
577925
578038
578290
578301
578507
578640
580773
580829
582737
583691
584447
588437
588699
589776
590071
590632
591171
592024
592214
593447
594114
595081
595248
596052
596217
599245
599727
600505
600607
601900
602583
603143
604098
604276
604772
605068
605319
605523
605763
606450
606632
608666
610196
610365
611456
611537
613206
613272
613804
614102
614909
615898
616783
616924
617315
618337
619193
620083
621108
621645
622174
623370
623950
625091
625590
626337
626547
627555
627798
628778
629549
631244
632286
634638
639570
641173
642259
642550
642835
643161
645406
645491
647884
648052
649714
649774
651048
651586
651923
652309
653387
653427
654029
654552
656858
657021
657257
657959
658355
658655
658850
659179
660497
665738
668785
670780
671210
671878
672998
674172
679237
679925
680679
680791
681522
683849
685675
686238
688065
690517
690904
693572
695135
696120
696497
711135
711978
714833
715147
715221
715341
716537
717413
717621
720385
720705
721265
721306
721420
722327
723615
725683
726503
727418
728393
728652
729048
732056
733175
733909
737370
742857
747609
751017
752912
754409
759286
763292
764102
765348
765567
768034
770369
770844
771232
772456
774150
779241
780709
781190
783181
784079
785031
787211
787610
787614
788170
789767
795191
796107
797139
798022
798831
798943
801016
801937
802319
804391
804528
804991
805041
805158
805164
805433
806141
806299
806452
807093
808013
808909
810001
810428
810858
811998
813375
813844
814206
814744
815181
815784
816656
816699
817519
818077
818643
819320
819522
822437
822596
823709
825168
825189
825224
825311
826642
831439
831848
832235
833153
835783
836943
838612
838788
840183
842314
843188
843577
845961
847660
847693
849327
849883
863202
863448
863705
864748
864774
865525
867784
868477
870078
871913
872217
874591
875023
875200
875487
875771
876693
876768
879040
879803
881500
881754
881847
883094
883193
886368
887080
887891
888781
889255
889614
890754
891069
892312
892510
893950
894527
895569
896144
896272
896576
897079
897952
899725
900910
901058
901144
904119
905059
906775
907331
907710
907974
908504
910238
911318
911369
912398
912460
912494
912949
913363
913528
914699
915084
915181
915275
917021
917858
917932
918260
919805
923982
924257
924447
925584
927314
929267
929968
934626
935434
935917
937658
940354
941862
942898
944871
945318
945905
947705
948013
948719
949491
952297
953088
953767
955102
955120
956341
957231
957568
958708
959463
963091
963615
963689
964075
964386
964558
964899
965178
966233
969250
970438
970654
970748
971363
972462
972539
973987
975449
975701
975853
976245
982614
984988
987226
987563
989182
990979
991727
997051
997163
998202
998649
999728
1000406
1001133
1001746
1006767
1006950
1007314
1008136
1010546
1011336
1011392
1012154
1012941
1013519
1014033
1014663
1016343
1018638
1021208
1021223
1022740
1024511
1025065
1025962
1028364
1029030
1029264
1030140
1030880
1031252
1031383
1032311
1033300
1033454
1033497
1033774
1036197
1036517
1038025
1038786
1039029
1039714
1039821
1044118
1044945
1045120
1046018
1046714
1048334
1054084
1054914
1055071
1055191
1055988
1057862
1058491
1058591
1059459
1059920
1062784
1063037
1063785
1064103
1064304
1064323
1065136
1066122
1066512
1066548
1066628
1067245
1070841
1071116
1071508
1071706
1072461
1072779
1073498
1075341
1075943
1076717
1077474
1077767
1080375
1082406
1083655
1083810
1085603
1089919
1093004
1097548
1099677
1099695
1101214
1102306
1102540
1102687
1103089
1103111
1104545
1106362
1106966
1107311
1110411
1111244
1111590
1112698
1113856
1115067
1115782
1116356
1119605
1120736
1121384
1122033
1122527
1133574
1149541
1151020
1152114
1152325
1154207
1154284
1159132
1162193
1163690
1163746
1163796
1163823
1163901
1163962
1165070
1165812
1166433
1167617
1168051
1168082
1168652
1170800
1171591
1172011
1174277
1176921
1177294
1177989
1178337
1185280
1186493
1187405
1187832
1190768
1191955
1193925
1194864
1196227
1196711
1197766
1198803
1199267
1199933
1200229
1201835
1202105
1202133
1202592
1202722
1203926
1204097
1204414
1206278
1210145
1210332
1210851
1211025
1211308
1212318
1213768
1215110
1215184
1215438
1216244
1216276
1218585
1219183
1220313
1220580
1221464
1221607
1226798
1227732
1232407
1232516
1233167
1233472
1234895
1235378
1235670
1235780
1235941
1236101
1236845
1237940
1238198
1238217
1238732
1238925
1239079
1239963
1241815
1242175
1243105
