100942
101205
101299
101318
101532
101687
102375
102647
102917
103218
103914
104345
104870
105047
105649
106232
107030
108294
109279
109730
109765
110168
110211
110899
111939
111958
112041
112044
112059
112401
113211
113297
113376
113875
113960
114666
114730
114864
114866
115438
115511
116290
116441
117850
117934
120124
120331
120404
120622
120927
123294
123501
123642
123801
124681
124784
124955
125407
125664
126217
126367
126601
126651
126662
127538
127960
128568
128737
129151
129464
130053
130181
130366
130464
130555
130571
131263
131572
131834
131862
132260
132286
132417
132622
132936
134146
134483
134691
134783
135414
135825
136688
136996
137090
137308
137310
137464
137504
137871
138287
138389
138395
138451
138886
139002
139363
140480
140578
140965
141181
141601
141648
141664
141778
142373
143322
143668
144205
144417
144626
144811
145004
145215
145230
145467
145827
145928
146208
146314
146452
146574
147480
147772
147896
148229
149318
149370
149421
149579
149838
150176
150221
150337
151126
152590
152992
153500
153656
153900
153963
153994
154084
154183
154248
155563
155710
156096
156121
156366
156370
156608
156634
156974
157011
157047
157112
157229
157267
157314
157427
158972
159051
159250
160378
160433
160595
160892
161010
161058
161425
161742
162055
162585
163178
163869
163984
164225
164453
164525
165344
165609
166603
167097
168649
168735
170782
171740
171795
172052
172576
172974
173095
173410
173876
173968
174307
174585
175203
175869
176123
176469
176549
176862
177545
178751
179101
179586
179724
179988
180207
180223
180415
180707
181114
181758
182377
182670
182809
183140
184049
184838
184841
184904
185297
186337
188482
189043
189157
191225
191747
191954
192516
192562
192624
193056
193677
193871
195200
195241
195246
195564
195876
196329
196822
196976
197039
197219
197421
197627
197718
198355
198674
199278
199285
199911
200355
201118
201127
201158
201921
201941
202124
203590
204013
204068
204827
204947
205003
205764
206093
206111
207105
207120
208815
209010
209988
210355
210939
211111
212031
212552
212891
212932
213487
214182
214317
214463
214517
215998
216620
219803
219957
220364
220439
220492
221782
221843
223220
223493
223774
224262
224471
225819
227142
227626
227925
229076
229452
229546
230138
230440
231094
231301
231418
231859
232159
233042
233174
233569
234495
235223
236862
237023
237374
238173
238365
238481
238743
240049
241017
241558
241673
242201
242658
242928
242966
243136
243447
243893
244550
244680
244827
245092
246011
247304
247822
247851
248336
248425
248530
248676
248887
249740
249926
250456
250535
250963
251365
251708
252326
252641
253364
253781
254395
254801
255972
256229
257663
257705
257793
257995
258025
258784
259947
260118
261061
261226
261384
261502
261918
262086
262161
262166
262427
262440
262919
263882
264151
264172
264832
265111
265374
266488
266879
266889
266917
266995
267440
269417
269603
269982
270370
270927
271158
271265
271497
272234
272301
273854
274176
274394
276396
277876
277935
278259
278593
278702
278811
280320
280693
280868
280994
281377
282068
282500
282533
282624
283278
284207
284980
284995
285430
286228
286306
286315
286391
286554
286753
286890
286903
288098
288213
288366
288685
288795
289065
289246
289682
289822
290249
290337
290405
290610
290816
291022
291564
291899
291986
292347
292493
292885
293416
293451
293602
293607
293851
293947
293960
294115
294156
294360
294412
294552
294943
295084
295086
295787
295890
296219
296286
296343
296604
296815
296915
297139
297341
297354
297442
297467
297953
298214
298426
298450
298473
298688
299083
299397
299505
300145
300473
300774
300839
300916
301157
301616
302086
302962
302991
303309
304298
304445
304860
305003
305242
305264
305347
305645
306030
306100
307210
307595
308073
308273
308334
308467
308695
308992
309445
310030
310170
310380
310619
310847
312163
312774
312856
312870
313472
313514
313731
313839
313942
313976
314138
314234
314408
314475
314636
314790
315386
315504
315575
315579
315746
315897
316138
316209
316368
317038
317424
317571
317870
318265
318300
318455
318476
319317
319484
319668
320498
320791
321030
321172
321236
321330
321353
321909
322387
322615
323046
323469
323722
323949
324071
324206
324352
324441
324605
325208
325239
325309
325450
325831
325873
326483
326603
326781
327015
327025
327138
327313
327358
327482
327610
327681
327874
328201
328640
328876
329364
329426
329819
329867
330069
330084
330312
331247
332348
332651
332850
332943
333054
333415
333423
333530
333793
333809
333924
334058
334074
334136
334431
334438
335094
335481
335737
335918
336040
336921
337215
337452
337592
337665
337743
338042
339048
339606
339885
339977
340236
340456
341253
341256
341270
341716
341803
341866
341989
342099
342338
342524
342688
342712
343539
343816
343979
344106
344129
344157
344298
344970
345337
345369
345538
347476
347542
347626
348085
348618
349114
349537
349622
350054
350143
350390
350769
350820
350965
351040
352108
352405
352980
353460
353509
353824
354730
355203
355402
355508
356178
356187
356320
356609
356737
357620
358181
358331
358519
358760
358869
359005
359007
359077
359121
359909
360284
360626
360695
361068
361384
361480
361977
362310
363093
363138
363733
364068
364658
365043
365174
365510
365690
365986
366177
366241
366567
366593
367391
367609
368108
369215
369390
369391
369654
369932
370342
370417
370568
370988
371342
371498
371519
372049
372351
372709
372751
372863
373369
373710
374205
374454
374511
374677
374708
375104
375230
375338
375657
375791
375949
375986
376043
376173
376513
376854
377785
378183
378412
378436
378563
379021
379043
379139
379792
380333
380689
380881
380944
381313
381668
381808
381862
382031
382117
382334
382500
382663
383103
383158
383294
383617
384238
385337
385979
386301
386750
387239
387325
387572
387836
388097
388275
388905
388923
388999
389100
389207
389285
389767
389821
390982
391085
391792
392099
392200
392937
393334
393396
393462
393703
394026
394121
394699
394811
395989
396004
396036
396088
396831
397272
397295
398534
399352
399389
399682
400041
400153
400253
400788
400880
401272
402047
402096
402221
402485
402637
403759
403961
403979
404122
404152
404347
405310
405314
405626
406141
406378
406484
407250
407307
407628
408175
408547
408799
408953
409690
410242
410397
410508
410812
410819
411304
411438
411452
412068
412414
412468
413192
413540
413554
413932
413973
414149
414188
414193
414465
415088
415331
415695
416537
416555
416623
416684
416795
416925
416959
417411
417692
417796
417954
418126
418551
418770
419033
420751
420953
421137
421381
422670
424321
424511
424597
424865
425001
425062
425686
425951
425954
426406
426430
426511
426563
427096
427250
427408
427779
427966
428345
428439
428875
429530
429595
429826
429913
430018
430438
430844
430880
431547
431743
432305
432995
433095
433959
434135
434444
434481
434499
434798
435178
435281
435389
435834
436333
436431
436536
436586
436802
436822
438169
438932
439106
439115
440641
440809
441047
441344
442103
442113
442803
442885
443015
443105
443409
443923
444342
444398
444743
444803
444938
445147
445261
445381
445663
446043
446169
446438
446535
446830
446878
447321
447795
448108
448259
448590
448792
448886
449115
449166
449236
449743
449890
449925
450009
450524
450548
450623
450648
450658
450775
451364
451429
451669
451914
452028
452168
452331
453193
453207
453627
453702
453834
454059
454083
454155
454161
454400
454896
456892
457287
457399
457692
457778
457865
458121
458163
458398
458651
458921
459380
460017
460089
460228
460550
460697
460805
461515
461611
461624
461875
462055
462635
462819
462890
463253
463507
463510
463903
464167
464208
464280
464404
464781
464842
465127
465145
465158
465364
465521
465877
466437
466468
466582
466979
467042
467169
467407
467853
468216
468288
468493
468570
468745
468837
468961
469803
469896
470042
470805
471039
471460
471529
471776
471841
471874
471922
472019
472286
472493
473077
473693
473831
473942
474442
474702
475420
475601
475637
475855
476652
476721
477413
477436
477616
477648
477692
477807
478065
478155
478556
478604
478639
478840
479458
479474
479797
480136
480223
480366
480524
480899
480928
481432
481773
482352
482699
482729
483002
483128
483161
483533
483688
483786
484042
484493
484735
485052
485098
485101
485384
486524
487513
488446
488580
489886
489993
490190
490737
490755
490858
491179
491256
491395
491449
491767
491803
491936
492580
492670
493372
493713
493937
493984
494444
494923
494940
495047
495325
495409
495425
495617
495625
496238
496563
496860
497223
497696
497798
497985
498022
498489
498512
498529
498824
499303
499519
499712
499732
500206
500566
500694
500946
501191
501269
501817
501835
501883
502006
502556
502688
502695
503202
503865
503953
504100
504538
504549
504975
505071
505779
505941
506019
506256
506588
506632
506984
507418
507844
507875
507933
508067
508560
508840
508877
509182
509350
509835
510060
510062
510153
510208
510669
510710
510886
510973
511228
511747
511792
511998
512147
512440
513469
514311
514513
514562
514668
514775
515368
515958
516402
516407
516711
516797
516890
517175
517641
518300
518398
518482
518488
518714
518762
518843
519304
519306
519362
519861
519885
520041
520059
520071
520099
520727
521183
521340
521598
521982
521999
522260
522646
523099
523273
523297
523346
524090
524165
524222
525126
525659
525672
525815
526399
526488
526976
527199
527677
528008
528271
528415
528536
528716
528811
528869
529037
529795
530133
530944
531298
531392
531406
531554
531668
532337
532364
532369
532387
532620
533279
533301
534548
535088
535988
536214
536487
537145
538243
538286
538673
539054
539188
539813
540071
540428
540732
540788
541029
541039
541433
542084
542397
543053
543323
543375
543558
543563
544364
545598
545865
545944
545984
546403
546839
546948
547162
547403
547482
547578
547635
548075
548108
548326
548780
548999
549038
549061
549759
549950
550156
550216
550387
550874
550893
551179
551446
551892
552778
553151
553478
553602
553832
553841
554079
554199
554525
555222
555525
555618
555714
555753
555797
555871
556159
557170
557371
557602
557708
558934
560324
560369
560697
561007
561915
561920
562031
562434
562758
563386
563600
563641
563748
563904
564686
565223
565366
565437
565546
566222
566585
567280
567321
567581
567649
567971
568646
569912
570723
572285
572483
572651
572688
573223
573259
573393
573488
573766
574225
574409
574634
574649
574753
574838
575287
575826
576266
576301
576380
576694
576902
576981
577441
577914
578639
579353
579539
579553
579663
579893
580123
580256
580717
581328
581622
581633
581688
582405
583460
583791
584082
584126
584495
584660
585153
585186
585321
586233
587513
587730
588002
588268
588320
588423
588675
588730
589325
589425
591109
591431
592123
592157
592510
592631
592824
593091
593137
593459
594027
594239
594278
594535
595077
595139
596325
596575
597071
597177
597464
598262
598391
598520
598832
598989
599279
599725
600388
600449
600467
601246
601405
601588
601640
601732
601940
601994
602009
602247
602481
602997
604451
604551
604625
604667
604947
605153
605261
605844
606739
607089
607267
607784
608289
608651
608982
609104
609597
610441
610976
611059
611673
611740
613003
613162
613324
614304
615217
615243
616105
616225
616278
616635
616689
617055
617645
618311
618550
618779
619106
619369
619452
620290
621048
621175
621358
621627
621707
621947
622027
622371
622396
622481
622767
623261
623440
624033
624147
624190
624366
624483
624891
625292
625943
626335
627846
632799
633114
634535
638210
639696
643337
644142
649715
652979
653292
654138
655399
657916
661812
664576
664671
666512
668592
668634
668724
670255
670787
673790
674245
679163
680859
684785
691206
691556
692658
693851
696493
697448
697825
698889
699477
700210
703679
704970
705461
707139
711980
712862
713391
714379
715919
716228
716605
717996
718449
719763
721553
723771
724769
725594
725674
728050
729030
729727
730007
730981
731154
731930
732484
733249
734723
735736
736264
738258
738639
738694
739868
740142
740325
740786
741170
741466
741468
742006
744582
745144
745339
745567
746755
746930
748250
748914
749414
749724
750189
751640
752577
753456
753583
753808
755525
756073
756209
756856
756895
757192
757597
757634
758197
760240
760736
761137
761471
762412
763217
764017
764186
764518
764703
764843
765409
765800
765847
767197
768575
769479
771082
771204
771876
773493
776578
778466
778698
779524
779784
780125
780196
781798
783503
783978
784065
784400
784577
785339
785547
785654
787826
789070
790583
790704
791569
791686
794248
794611
794671
794675
797398
798464
798749
800736
805459
805522
806597
810351
811849
815803
817773
818839
819033
821526
821793
821955
822157
822937
824083
824247
825755
827281
827410
827637
827684
827754
828612
828865
829768
829769
830201
830638
830899
831612
832721
833102
833186
834134
835212
836499
836821
836966
837001
837740
837831
838190
838634
839435
840055
841252
841409
841703
843255
844279
844535
845834
845965
847010
849063
849398
857103
862846
863993
864036
864313
865625
866495
867332
868475
868999
869075
869078
869139
869865
870253
870316
871822
872009
872506
873712
873816
874309
874415
874722
874911
875101
875222
875750
876327
877238
879068
879166
879617
879726
880018
880445
880558
880711
880837
880890
881389
881409
881662
882335
882604
883345
883667
884486
884542
884582
885458
885531
885562
885724
885886
886926
887722
887828
888377
888764
889184
889462
889768
889830
890216
890276
891167
891917
892098
892868
893080
894273
894384
895682
895765
896389
897154
897203
897233
897326
898384
898879
899176
899330
899419
899503
899574
899601
899638
899788
900204
900554
900881
900951
901075
901480
901658
901721
901879
902587
903493
904149
904661
904772
904975
905130
906338
907465
907616
908014
908076
908210
908239
908561
908667
910241
910386
910611
911192
911227
911353
911475
911614
911632
911887
911967
912261
912284
912610
915686
916245
916607
918367
919066
919345
920326
922347
922746
923784
927319
927882
928507
928931
930235
930308
931403
932199
932389
932953
933050
933077
933865
934189
934354
935878
936316
937549
941247
943369
943941
944957
945174
946082
946254
946483
947256
947721
948321
948522
948861
948905
949334
949782
950274
950589
951912
951964
951994
952141
953343
953733
953755
953991
954244
954307
955150
955533
956307
956698
956935
957469
958732
959369
959654
959856
960264
960904
961048
963069
963258
963523
963608
964750
964919
964998
965032
965265
965726
965732
966086
966445
967165
967384
967612
968348
968846
969236
969958
970052
970215
970916
970923
971470
971894
971992
972506
972595
973330
973651
974145
975292
975897
976710
978552
979506
980801
981371
981962
982774
983244
983287
983313
983606
984130
984203
984204
984430
984556
985407
985710
986779
987107
987358
988587
988692
989289
989394
989745
989826
994183
994299
994488
995068
995674
996264
997029
997283
998226
998545
999588
999796
1000212
1000572
1001002
1001274
1001919
1002608
1003366
1003959
1005938
1006344
1006932
1007975
1008413
1009030
1010123
1010411
1011122
1012481
1014586
1014952
1015088
1015337
1015344
1015499
1015959
1016473
1016985
1017324
1017619
1018363
1018706
1019039
1019250
1019603
1020121
1020503
1021126
1022678
1023349
1025324
1026225
1026838
1030053
1030281
1030310
1030410
1030971
1031512
1032314
1033136
1033289
1033683
1034094
1034783
1034893
1035211
1035277
1035449
1036212
1036736
1036863
1037291
1037716
1037769
1038016
1038186
1038540
1039249
1039589
1039836
1040260
1040391
1040936
1042524
1042827
1043027
1044582
1044594
1044805
1045493
1046665
1047905
1048509
1049064
1050811
1051160
1051441
1052000
1052176
1052803
1053125
1053632
1054186
1054205
1054285
1055018
1055039
1055722
1056066
1056118
1056238
1056600
1056623
1056892
1057085
1057197
1057476
1059172
1059225
1059661
1060858
1061106
1061567
1061707
1061717
1062043
1063076
1063364
1063606
1063632
1063946
1063971
1064097
1064162
1065483
1065655
1065901
1066889
1068315
1068786
1069964
1070156
1070388
1071331
1072004
1072489
1072676
1073228
1073371
1075083
1075098
1076586
1076634
1077821
1078607
1078618
1078646
1078872
1079464
1079952
1080003
1080102
1080209
1080244
1081019
1081436
1082751
1083396
1083441
1083529
1083753
1085057
1085199
1085495
1086295
1086750
1086766
1086983
1087925
1088554
1088642
1089040
1089689
1090029
1090181
1090991
1091502
1091993
1093208
1095220
1095721
1095891
1096242
1097340
1098547
1098836
1099347
1099359
1099487
1100266
1101837
1101895
1102164
1102684
1102756
1102967
1103434
1103450
1105448
1105858
1106776
1107201
1107755
1107772
1109186
1109265
1109458
1109853
1110178
1111176
1111303
1112122
1112588
1114915
1115415
1115520
1120667
1122775
1123126
1124305
1128460
1139056
1150381
1150728
1152248
1156107
1158419
1158446
1158578
1159268
1160121
1160717
1161487
1162191
1163691
1163734
1164586
1165492
1165634
1166224
1166696
1166868
1167207
1167570
1167989
1168293
1168442
1168550
1168767
1169281
1169666
1170752
1171265
1171370
1171716
1171944
1172049
1172616
1172787
1172900
1172945
1173103
1173625
1174643
1175352
1175442
1175910
1176067
1176119
1176543
1176770
1176955
1177137
1177825
1178388
1178623
1179412
1180366
1180455
1180756
1180862
1181655
1182176
1182381
1182559
1182802
1183011
1186514
1187758
1188174
1188282
1189232
1189972
1190153
1191389
1191682
1191689
1191759
1192300
1192664
1193469
1194577
1195073
1195165
1195393
1195699
1195916
1196418
1196500
1197110
1197850
1198352
1198815
1199364
1199738
1200297
1202481
1202978
1203072
1203306
1203549
1203609
1204127
1204202
1206265
1207037
1208302
1209219
1209542
1209662
1211406
1212474
1213082
1213236
1214465
1214477
1215497
1215839
1216506
1216816
1216869
1217121
1217691
1217885
1218394
1218881
1219333
1219843
1220142
1220214
1220283
1221728
1223105
1223988
1225196
1225683
1225976
1226863
1229703
1229789
1229819
1232575
1233005
1233049
1233056
1233360
1234056
1234306
1234865
1235206
1235431
1236406
1236459
1237578
1237802
1238124
1238574
1239396
1239591
1239872
1240396
1240791
1241233
1241825
1242252
1242705
1243476
1243498
1244706
1245083
1245091
1245438
1246474
1246586
