100680
100942
101299
101389
101392
102099
102917
103218
103914
104756
105047
105649
106203
106213
106232
106730
106939
107030
107486
107493
107874
107966
108294
108787
109076
109302
109730
109765
110552
110899
111392
111958
112041
112044
112387
113566
113700
113875
114363
114465
114601
114666
114730
114864
115111
115438
115606
116241
116748
116759
117157
117850
117912
117934
120331
123294
123501
123642
123801
124291
124523
124681
124716
124784
125494
125815
125897
125911
126059
126231
126367
126718
127960
128568
128775
128859
129151
129289
130181
130366
130464
130508
130555
130571
130769
130838
131071
131572
131834
132260
132262
132454
133162
134035
134062
134483
134578
135414
135514
135553
136045
136064
136072
136688
136996
137060
137090
137223
137252
137464
137504
137870
137871
137910
138395
138469
138701
138909
140232
140480
140578
140911
141177
141536
141576
141601
141648
141664
141845
142373
143116
143665
143668
144205
144221
144250
144626
144811
145017
145215
145230
145395
145467
145592
145875
145974
146201
146208
146390
147071
147360
147563
147772
147895
147896
147969
147984
148360
148590
149049
149083
149149
149350
149579
149838
150337
151971
152033
152186
152992
152995
153731
153829
153963
154004
154052
154184
154193
154248
154289
154647
154737
155231
155496
155710
156096
156121
156366
156608
156634
156655
156690
156974
157047
158972
159219
159250
159719
160378
160433
162050
162284
163088
163869
164043
164590
165344
165377
165609
166524
166603
166939
168584
168735
169242
170131
170311
170586
170884
171039
172884
173095
173528
174585
175111
175203
175868
176549
176862
177556
177767
178222
178751
179113
179724
179742
179988
180415
181085
181607
182238
182299
182794
183228
183834
183942
183978
184838
184841
185156
186145
186860
188040
188482
189014
189043
190085
191463
191747
191909
191954
191975
192058
192516
192562
192624
192639
193056
193083
193333
193677
193748
193871
195105
195200
195246
195998
196329
196976
197039
197718
198133
198355
198525
198674
199285
199746
199911
201118
201127
201862
201921
202124
202591
203067
203373
203590
203819
204947
205071
205654
205925
206111
206599
207105
207998
208325
209010
209033
209598
209734
209794
209872
209988
210355
210939
211111
212302
212480
212891
213109
213322
214303
214517
214828
215998
216179
216329
217468
218744
219957
219965
220401
220439
220492
221843
222847
223220
223493
224471
225819
226302
227142
227151
227626
229065
229076
229513
229546
229943
230440
230980
231418
231859
231934
232159
232553
233042
233569
235462
236734
236862
237000
237374
237469
237582
238481
238557
238743
239639
240304
241388
241558
242171
242195
242201
242440
242928
244127
244795
244827
245092
245199
246255
247704
247735
247851
248106
248336
248530
249449
249535
250440
250620
250700
250963
251365
251374
251708
251924
252326
252620
253466
253734
253749
254395
254830
255407
255972
256229
256993
257663
257793
257995
258025
258405
259947
260993
261035
261384
261502
261918
262086
262565
263940
263941
264151
264688
265111
265374
266488
266879
266917
267463
267775
268342
268529
269603
269882
270754
270927
271265
271364
271497
272234
272301
273829
273854
274330
274742
274759
275377
276878
277091
277922
277935
278593
279218
279787
280320
280693
280792
280855
280999
281377
281633
281956
282068
282112
282261
282426
282533
283016
283278
283792
284017
284023
284050
284389
284573
284995
285206
285611
285803
286104
286173
286228
286391
286584
286637
286890
287447
287730
287873
288098
288142
288159
288213
288366
288685
288795
289065
289116
289220
289241
289246
289307
289707
289822
290337
290667
291022
291165
291564
291744
291752
291899
292035
292246
292347
292374
292493
292709
292885
292909
293559
293839
293908
293992
293993
294115
294360
294412
294943
295084
295086
295397
295601
295941
296033
296219
296286
296343
296455
296504
296604
296815
297008
297341
297354
297510
297772
298450
299397
299505
299810
300069
300136
300145
300380
300473
300774
300916
301774
302246
302619
302715
302871
302892
303083
303121
303419
303602
303808
303934
304298
304487
304554
305264
305651
305744
306030
306100
306607
306652
306788
306911
306942
307210
308273
308334
308584
308815
308900
308992
309397
309648
310380
310847
310914
311714
312856
312870
313387
313472
313731
313839
314138
314153
314234
314356
314636
314863
315168
315504
315575
315579
315762
316042
316209
316343
316368
316593
316678
316835
317038
317641
317644
317870
317980
318265
318300
318677
319309
319317
319484
319824
319839
319895
320498
320843
321182
321348
321351
321593
321965
322387
322520
322776
322922
323046
323333
323479
323762
324178
324352
324418
324441
324605
325245
325309
325409
325450
325831
325873
325922
326190
326208
326483
326598
326603
326629
326781
327015
327025
327133
327138
327361
327452
327457
327610
327874
327975
327984
327997
328183
328946
329149
329426
329667
329683
329819
330072
330084
330406
330642
330928
331247
331511
331786
332348
332924
332943
333415
333423
333924
334268
334438
335103
335224
335321
335363
335469
335688
335716
335918
335938
336097
336514
336687
336730
336769
336921
337009
337216
337592
337743
337814
338009
338042
338103
338619
339057
339159
339606
339713
339822
339885
339977
340199
340236
340311
340329
340456
340820
341253
341270
341501
341582
341628
341989
342301
342338
342524
342654
342688
342699
344106
344157
344269
344329
344970
345337
345780
345792
346245
346415
346427
347220
347476
348085
348094
348100
348101
349164
349360
349622
349959
350054
350143
350390
350593
350725
350965
351040
351078
351455
351674
351920
352108
352527
352980
353047
353107
353337
353460
353824
353937
354333
354730
355203
355387
355676
355745
356160
356178
356217
356937
357731
357957
358021
358181
358331
358394
358869
358958
359007
359121
359592
360750
361791
361926
362058
362611
362894
363045
363046
363093
363302
363412
363733
363786
364171
364206
364658
365006
365174
365690
366177
366241
366422
366567
366593
366803
367609
368247
368456
368969
369206
369390
369391
369567
369572
369654
369660
370127
370988
371168
371397
371498
371519
372351
372863
373006
373587
374468
374511
374677
375387
375393
375542
375544
375552
376043
376219
376513
376613
376854
377242
377365
377599
378158
378183
378412
378436
378563
379365
380333
380569
380670
380689
380881
380944
381294
381313
381377
381808
381915
382117
382530
382985
383075
383124
383294
383660
383964
383984
384238
384940
385364
385538
385660
386199
386301
387021
387181
387239
387297
387325
387373
387644
387862
388097
388246
388275
388392
388801
388999
389033
389207
389285
389725
389821
389823
389961
390100
390756
391083
392301
392366
392476
392698
392769
392937
393334
393462
393523
393614
393981
394026
394121
394541
394624
394811
395023
395250
395989
396088
396106
396894
397187
397289
397295
397316
397622
398241
398274
398839
399542
399682
400253
400788
400880
401500
401512
401581
401699
401848
402047
402120
402484
403759
404018
404152
404347
404374
404614
406221
406435
406484
406512
406534
406750
406987
407134
407141
407250
407270
407276
407369
407610
407628
408175
408216
408953
408988
409096
409690
409935
409989
410175
410392
410397
410726
410819
410970
410982
411304
411452
411787
412068
412515
413192
413217
413547
413554
413973
414193
414327
415088
415266
415447
416537
416555
416623
416684
416910
416959
418443
418808
419033
419058
419136
419979
419983
420751
420800
420953
421137
421256
421815
422151
422349
422458
422847
423093
423518
423574
424321
424597
424651
424865
425256
425263
425424
425686
425951
425954
426406
426511
426653
426722
426807
427025
427096
427250
427408
427779
427809
427921
428257
428462
428651
428875
428887
429530
429595
429719
429913
430391
430438
430802
431120
431350
431547
431743
431746
432122
432305
432704
432715
432995
433119
433562
433889
434135
434444
434481
434798
434904
434944
435091
435281
436321
436333
437004
437351
437840
438131
438169
439087
439106
439261
439312
439383
439714
440622
441047
441117
441177
441344
441482
441660
441795
442103
442178
442439
442885
443775
443780
444540
444678
444898
445147
445381
446043
446118
446169
446185
446391
446438
446535
446878
447317
447321
447717
448040
448590
448660
448792
449033
449115
449166
449233
449654
449743
449890
449902
449925
450524
450548
450623
450648
450658
450776
450950
451082
451301
451364
451633
451658
451669
451897
452331
452545
453193
453207
453374
453725
453834
453846
454059
454083
454197
454896
455458
456040
456209
456775
456892
457077
457287
457399
457624
457865
458081
458098
458268
458323
458348
458549
458615
458921
459305
459345
459736
459802
460089
460228
460550
460756
460805
461324
461515
461611
461624
461699
462055
462214
462819
462890
462924
463016
463030
463253
463507
463510
463711
463903
464167
464208
464781
464842
465127
465145
465591
465877
466468
466723
466898
466937
467594
467853
467975
468288
468383
468493
468745
468837
469167
469360
469793
470042
470564
470629
470805
471461
471543
471841
472493
472871
473077
473164
473693
473831
473942
474673
475157
475467
475561
475601
475803
475855
476137
476652
476798
476846
477413
477565
477692
477807
478112
478167
478556
478604
478749
479474
479553
479753
480033
480366
480432
480524
480537
480708
480899
481388
481682
481929
482318
482352
482684
482699
482953
482998
483161
483533
483688
484351
484795
484935
484939
485052
485098
485876
486375
486524
486647
487076
487513
487704
487798
488649
489543
489768
489886
489993
490190
490282
490737
490755
490858
490898
491154
491256
491395
491803
491864
491884
492313
492488
493373
493535
493937
493984
494444
494621
494746
494963
495325
495409
496148
496238
496563
496573
496665
496832
496856
496860
497223
497366
497547
497579
497620
497651
497696
497798
498022
498489
498495
498529
498824
499303
499712
499991
500021
500566
500652
500694
500737
501111
501153
501187
501191
501835
501913
502397
502556
502604
502695
502923
502999
503081
503187
503202
503496
503769
503898
504538
504878
504975
505021
505338
505613
506019
506588
506632
507563
508067
508090
508445
510060
510208
510423
510479
510597
510669
510973
511109
511792
511998
512147
512204
513029
513392
513469
513810
514562
514668
515788
516100
516464
516711
517157
517175
517196
517415
518375
518398
518488
518843
518911
519232
519306
519736
519861
519885
520041
520071
520331
520491
520727
521183
521201
521325
521461
521549
521912
521982
522260
522283
522646
522726
522876
522884
522905
523099
523273
523545
523672
523818
524032
524222
524910
524978
525126
525481
525889
526347
526488
526727
526778
526886
526976
527088
527677
527821
528008
528367
528415
528716
528869
529296
529602
529783
529795
529874
529904
530055
530232
531398
532620
533301
534447
534555
535159
535686
536487
536870
536971
537131
537145
537170
538243
538471
538619
538893
539054
539294
539301
539410
539488
539533
539813
539879
540071
540517
540788
540861
541815
542281
542288
542397
542733
542929
543073
543323
543375
543423
543558
543683
544281
544364
545368
545865
545869
545914
545944
545984
547162
547482
547652
548345
548729
548950
549038
549659
550293
550387
550874
550893
551179
551446
551617
551633
551846
551892
552061
552697
552861
552904
553151
553457
553980
554079
554164
554519
554521
554580
554904
555398
555468
555540
555714
555753
555797
556224
556481
556831
557128
557170
557390
557408
557579
558877
558934
559082
560180
560485
561007
561159
561860
561915
561920
562198
562434
562586
562758
563064
563386
563531
563600
563748
563837
563904
564686
565366
565546
566034
566212
566403
566577
567220
567321
567395
567441
567649
569912
570164
570178
570444
570723
571211
571624
571753
571822
572087
572139
572285
572329
572651
573223
573259
573355
573366
573413
573521
573766
573952
574048
574409
574456
574634
574753
574836
575042
575287
575533
575625
575826
576301
576380
576736
576981
577134
577470
577476
577984
578455
578786
579182
579353
579539
579893
580256
580277
580371
580717
580942
581633
582735
583460
583556
584126
584801
585069
585130
585247
585301
585939
586206
586233
586653
588320
588342
588675
589104
589322
589325
590237
590404
590487
590757
591109
591743
591864
592031
592123
592510
592935
593085
593268
593459
594027
594239
594278
594535
594866
595139
595305
595841
596920
597071
597247
597464
598005
598262
598372
598391
598520
598832
598952
599279
599365
599480
599725
600173
600388
600467
600652
600770
601555
601578
601588
601640
601966
602009
602111
602707
602861
602997
603294
603632
604451
604625
605153
605261
605265
605492
606250
606739
606741
606915
606922
607089
607278
607678
607784
607850
608527
608651
608982
609085
609104
609151
609414
610168
610441
610798
611740
612953
613367
613644
614578
615217
615243
616225
616278
616557
616635
616689
616757
616767
616790
617436
617993
618127
618219
618311
618550
618788
619240
619453
619574
620003
620502
620600
620668
620797
621175
621358
621444
621583
622027
622371
622396
622433
622767
623127
623153
623261
623440
623495
623860
624122
625753
626335
631728
632799
634932
637389
638210
653010
653292
654290
655970
656513
657167
657706
657916
658494
659160
661812
662370
664258
666884
668724
669731
672310
674245
675569
679163
684214
684785
685619
686138
687119
687773
692658
695149
696493
697448
697825
698889
699345
700210
702366
703448
703679
704970
705461
705599
707139
707701
711980
712021
712041
712533
714299
714390
717234
717565
718604
723771
724452
729595
729727
731835
732440
732484
733876
734719
734723
735223
735561
736264
736787
737878
738149
738639
738694
739371
739864
740249
740325
740786
741466
741468
742006
742398
742980
743419
744741
744898
745144
746755
746930
747540
747952
748250
748914
748989
749584
751491
751640
751942
752577
752960
753439
753443
753583
754934
756073
756204
756895
757634
757924
758197
760240
761035
761111
761471
761559
763154
763217
764017
764843
765382
765780
767895
768326
768895
769130
769479
770357
771204
772988
773331
773493
775002
775383
777179
777319
778017
778462
778466
778695
778698
778855
779533
779784
780125
780196
780855
782913
784065
784556
787826
788080
788247
789070
789110
789391
789545
790704
791569
793919
794248
794611
794639
794818
796483
797398
798317
798706
801089
803252
803600
803876
804050
805459
806597
807970
810351
817773
817778
817898
818839
819603
819872
821073
822157
823513
823514
823924
823956
824022
824083
824472
825612
826897
827039
827281
827344
827410
827637
827754
827818
828400
828612
828939
829305
829955
830201
830534
830708
832102
832721
833102
833186
833945
835212
836316
836821
837155
837740
838634
839435
839577
840115
841186
841409
842057
843326
843468
844279
844535
845238
845834
845965
846913
849047
849076
850287
854939
862846
863803
863993
864313
864345
864948
865378
866605
866670
867332
867342
867960
868266
869065
869078
869685
869696
869865
870253
870506
871597
871822
871984
872365
873712
874128
874415
874734
874911
875101
875750
876531
876597
877203
877469
877574
877676
878173
878785
879068
879125
879166
879388
879452
879779
880018
880445
880558
880605
880760
880837
880905
881192
881389
881662
881845
882335
883395
883606
883998
884176
884245
884508
884807
885531
885634
885674
885724
886408
886899
886924
887042
887379
887828
888764
889462
889830
889959
890216
890276
890518
891167
891560
892098
892110
893080
895023
895064
895649
895765
896583
897154
897203
897326
897373
898005
898398
898488
898639
898933
899247
899330
899574
899638
899788
899914
900789
901011
901480
901879
902470
903230
903493
903655
904034
904661
904772
904975
905119
905130
905229
905873
906577
907256
907465
907616
907965
908076
908210
908239
908561
909180
909658
910448
910611
910897
911353
911475
911887
911967
912261
912315
913464
914112
914486
914722
915325
915686
915947
916245
916381
916865
918855
919299
920487
922012
922589
922746
923782
923784
924027
924254
924262
925477
927276
927592
927958
929119
930235
930297
930308
931146
931376
931403
931866
932199
932279
932650
932988
933050
933077
934091
934189
935075
935227
935878
935922
936127
936632
937601
938145
938188
938584
941598
942083
942254
942270
943482
944957
944990
945174
946201
946557
948321
948870
948947
949250
949285
949334
949677
949782
950274
950534
950589
951912
951994
952954
953133
953696
953733
953870
954109
954307
956000
956307
956393
957469
958096
958171
958301
958606
958765
958863
959350
959369
959390
959459
959573
959654
960904
961231
963067
963258
963372
963608
963806
964762
964806
964919
964983
965032
965265
965732
965780
966086
966445
966593
967199
967474
967612
969035
969221
970436
970916
971007
971599
971894
971904
971992
972274
973633
977296
977658
978914
980566
980914
981371
981418
981846
982237
983147
984274
984661
984775
985407
985588
985710
986305
986410
986779
987412
987415
988004
988331
988673
988692
988923
989394
989525
989745
989996
990333
990467
994183
994612
995068
995311
996211
998371
998545
998627
998827
999796
1000180
1000212
1000230
1000572
1001274
1001802
1002608
1005938
1006344
1006775
1007975
1008326
1008413
1008562
1009163
1009849
1010670
1012481
1012584
1014432
1014735
1014952
1015057
1015214
1015718
1016700
1016894
1016985
1017324
1017395
1017619
1019257
1019603
1020856
1022568
1023310
1023349
1023645
1025003
1025269
1025474
1025942
1026225
1026604
1026838
1027723
1030310
1030971
1031532
1031553
1031992
1033136
1034094
1034783
1034893
1035277
1035563
1036212
1036452
1037716
1037938
1039249
1039288
1039534
1039589
1040391
1040980
1041694
1042524
1042827
1043027
1043111
1044582
1044608
1044893
1045493
1045581
1045791
1046489
1046545
1046665
1047251
1047905
1048011
1048927
1049044
1049064
1049672
1049907
1050259
1050540
1050864
1052000
1052726
1053562
1053819
1054186
1054312
1054435
1055722
1055931
1056066
1056136
1056484
1056600
1056892
1057197
1057209
1057343
1057679
1057944
1058185
1058415
1059033
1059122
1059225
1059504
1059661
1060144
1061717
1063076
1063364
1063483
1063543
1063727
1064097
1064162
1064563
1064726
1064854
1065001
1065137
1065158
1065591
1066253
1066546
1066625
1066626
1066844
1066889
1067114
1068315
1069382
1070333
1070388
1070604
1071331
1071864
1072004
1072065
1072489
1072676
1073436
1073949
1074699
1075083
1075258
1075480
1076144
1076336
1076431
1076634
1077855
1078468
1078868
1078872
1079952
1080102
1080244
1080370
1080602
1080706
1081768
1082527
1082751
1082933
1084517
1084815
1085097
1086180
1086227
1086750
1088112
1088894
1089409
1090029
1090818
1090991
1091502
1091680
1091926
1092002
1092210
1092861
1093208
1093978
1095220
1095268
1095721
1095891
1096107
1096121
1097340
1097861
1098390
1098547
1098836
1099020
1099079
1099331
1099347
1099359
1100621
1100853
1101548
1101767
1101837
1102327
1102748
1102967
1103163
1103450
1104149
1105448
1105858
1106191
1107636
1107926
1107928
1109186
1109853
1110175
1110438
1110880
1111303
1112722
1115407
1115415
1122030
1122500
1124305
1135670
1139056
1149491
1149848
1150274
1150653
1150810
1152822
1153149
1154858
1156576
1157432
1158163
1158446
1158578
1159069
1159078
1159098
1159102
1159705
1159774
1159958
1159966
1160093
1160717
1160814
1161487
1161766
1162191
1162278
1163145
1163691
1163724
1164112
1164116
1164184
1164229
1164311
1164324
1164616
1164963
1165109
1165427
1165600
1166561
1166868
1167207
1167570
1167586
1168767
1169281
1169666
1170448
1170752
1170827
1170934
1171265
1171370
1172049
1172616
1173625
1174443
1174484
1174643
1174695
1175006
1175223
1175791
1176487
1176955
1177312
1177879
1177944
1178133
1178568
1178623
1179103
1179606
1180306
1180356
1180366
1180756
1182381
1183011
1183776
1184199
1184695
1188282
1189216
1189972
1190088
1191389
1191682
1191759
1192197
1192519
1192539
1192664
1192820
1192948
1193246
1193729
1194377
1195165
1196055
1196316
1197639
1197850
1198308
1198352
1198563
1198647
1198813
1199558
1199983
1200272
1201029
1202876
1202978
1203549
1204127
1204131
1204589
1205093
1205181
1205733
1206265
1206301
1206420
1206909
1207269
1207721
1208935
1209542
1210893
1211373
1211406
1215708
1216869
1216886
1216935
1217273
1218394
1218673
1218747
1218881
1219628
1219646
1220228
1220283
1221584
1221768
1222517
1225831
1225976
1226398
1226863
1229202
1229789
1233005
1233360
1234306
1234341
1234768
1235236
1236406
1236905
1237802
1238156
1238160
1239144
1239428
1239591
1239872
1240314
1240847
1241233
1241399
1241572
1241798
1241833
1242917
1243476
1243675
1244541
1244906
1245373
1246350
1246442
1246579
