103556
107536
108486
109200
109720
110569
111299
111911
117305
128096
157556
161491
168850
171572
181186
184525
187317
193058
199328
200628
201169
223124
228673
231767
234370
234582
244406
244703
247918
248202
257800
266754
271363
286999
289744
295056
309534
317176
319105
346697
347042
347676
348780
349205
349445
357076
371614
372139
382617
393298
446165
454008
512762
527874
585227
616043
635176
642489
695006
723572
725938
735241
797262
797569
797879
817236
822018
842519
893469
926313
947206
958288
967444
972938
999943
1021655
1167941
1184993
1226881
1226895
1239525
