100194
100351
100388
100942
101105
101998
102475
104293
104424
105649
105892
105919
106150
107030
107216
107727
107811
107936
108228
108765
108805
108875
108938
109054
109279
109615
109730
109765
109828
110168
110211
110899
111176
111432
111737
111809
111896
111958
112041
112044
112401
112979
113036
113181
113211
113297
113787
113838
113875
113960
114216
114666
114934
115334
115562
116969
117065
117086
117610
117669
117790
118229
118478
118606
119438
119454
119510
120124
120461
120622
120734
121128
121408
121437
121499
121590
121814
122130
122808
122976
122994
123294
123344
123501
123642
123777
123949
123953
124144
124784
126035
126217
126601
126875
126975
127640
127790
127960
128090
128103
128645
128737
129105
129464
129686
130053
130181
130300
130366
130571
131320
131348
131514
131516
131572
132253
132260
132286
132417
132505
132721
133070
133113
133707
133755
133892
134163
134545
134631
134783
134914
134917
136832
137504
137677
138296
138325
138389
138395
138451
138707
139038
139363
140465
140480
140578
140614
140965
141181
141312
141332
141601
141642
141648
141815
143382
143826
144417
144465
144626
145215
145467
146208
146314
146559
146574
147410
147432
147772
148440
148963
149020
149080
149318
149886
149963
149980
150337
150817
151353
152266
152992
153358
153900
153970
153994
154066
154084
154183
154248
154300
154715
154897
155063
156096
156268
156366
156634
156705
156974
157047
157112
157229
157246
157796
158186
158639
158939
159051
159250
159431
159567
160433
160513
160892
161010
161058
161197
161425
161742
162055
162167
162362
162796
163810
163934
164225
164231
164593
165344
165402
165785
166603
166799
167298
167992
168735
168983
170158
171002
171103
171799
172052
172406
172756
173095
173319
173416
173968
174296
174307
174525
174547
174585
174617
175080
175616
175866
175869
176264
176469
176862
177693
177933
178751
178786
178797
179724
179988
180207
180223
180374
180415
180826
181624
181758
181935
181964
182297
182535
183140
183398
184070
184343
184791
184838
184841
184887
185215
185339
185724
185798
186738
186748
186974
187495
187715
187833
187947
188309
188482
188588
188766
188835
189043
189283
190062
190261
191304
191307
191537
191561
191747
192516
192562
192624
192635
193056
193278
193469
193677
193796
195071
195197
195384
195808
195876
196232
196871
196976
197039
197297
197627
197750
197752
198410
199576
199673
199856
199984
200047
200391
200501
201113
201118
201158
201887
201921
202124
202227
202350
202409
203128
203487
203590
204037
204208
204301
204400
204504
205109
205166
205800
205866
206055
206111
206155
207002
207120
208423
208744
208815
209010
209608
209988
210492
211149
212031
212508
212552
212891
212932
213211
213325
214177
214182
214517
214946
215267
215374
215849
216241
216620
217076
217297
217726
217739
218262
218465
219147
219353
219957
220023
220364
220492
221681
221900
222403
223220
223493
223786
224471
224522
225571
226086
226924
227142
227509
227626
227925
228704
228856
228947
229452
229546
229782
230094
230124
230138
230440
230616
231301
231418
231629
231807
231859
232159
232696
233042
233415
233569
233592
234017
234140
234320
234827
235297
235596
236292
236598
237181
238173
238581
239129
239835
239844
240151
240175
240521
240562
241230
241393
241558
241897
242201
242452
242928
242966
244024
244651
244827
245072
245092
245144
246011
246348
247822
248072
248336
248425
248428
248633
248676
248801
249382
249816
250153
250204
250397
250456
250535
251002
251287
251365
251719
252326
252444
252641
252901
253230
254849
254873
255972
256697
257373
257705
257832
257851
257982
257995
258025
258065
258523
258784
259381
259544
259866
259907
259947
260019
260720
261384
261715
262086
262427
262806
262924
263293
263477
263583
263913
264277
265084
265244
265374
265630
266087
266414
266488
266716
266849
266889
267198
267277
267737
267956
268305
268558
269417
269732
270189
270220
270378
271158
271256
271497
272234
272556
273010
273229
273854
273864
274394
274440
274467
274836
274953
275401
275462
275782
275829
275928
276275
276679
276711
277301
277345
277677
277990
278491
278702
279756
280320
280433
280693
280868
280966
281256
281890
281951
281988
282068
282188
282388
282393
282624
285090
285626
285732
286161
286228
286306
286315
286391
286769
287131
287308
287608
287842
288098
288685
288714
289246
289822
290030
290405
291218
291553
291806
291899
292347
292427
292888
293416
293652
293851
293960
293965
294412
294552
295084
295890
295906
296308
296343
296815
296915
297113
297988
298214
298426
298450
298473
299175
299397
299627
300145
300473
300501
300745
300774
300916
301157
301616
302471
302709
302962
302991
302998
303422
304298
304373
304445
305264
305347
305419
305645
305678
306257
306583
306731
307210
307718
307874
308299
308695
308992
309021
309153
309563
310030
310133
310155
310380
310847
310920
312415
312774
312856
312870
313130
313143
313472
313731
313839
313887
314138
314188
314228
314234
314408
314475
314647
314813
315504
315746
316138
316303
316368
317586
318265
318300
318455
318476
318551
319114
319317
319484
319870
320242
320498
320791
321236
322387
322977
322989
323051
323281
323469
323804
323949
324441
325066
325208
325831
325873
326603
326764
326781
327015
327025
327313
327482
327681
327874
328201
328876
329014
329364
329426
329819
330312
330487
331214
331420
332348
332432
332651
332850
333054
333423
333668
333674
333793
333899
334431
334438
335094
335334
335481
335643
336247
336830
337215
337592
337665
337840
338042
338288
339048
339378
339445
339511
339524
339885
339905
339977
340446
341256
341341
341716
341803
342099
342338
343202
343449
343816
343869
344415
344469
344630
344970
345538
346289
346475
347476
347542
347545
348339
348618
348948
349114
349537
349622
350054
350143
350768
351013
351040
351249
351763
352980
353175
353460
353744
353824
354730
355203
355247
355402
355552
355661
355848
355942
356187
356672
356945
357845
358331
358338
358519
359077
359121
360284
360695
360867
361002
361047
361281
361404
361480
361488
362310
362989
363005
363093
363733
364658
364676
364809
364850
365037
365174
365613
365690
366177
366241
366974
367609
367948
368080
368354
368452
369089
369127
369654
370342
370988
371485
371575
372049
372572
372592
373882
374383
374485
374708
375104
375108
375230
375338
375519
376854
377472
377785
377790
378412
378436
378542
378563
378965
379139
379272
379459
380329
380689
380828
380881
381310
381668
381774
381797
381808
382117
382180
382334
382492
382719
382851
383158
383585
384386
385318
386618
387459
387480
387660
388097
388979
388999
389020
389285
390199
390670
390807
390982
391085
392099
392932
393396
393462
393559
393980
394073
394148
394699
394811
395636
395777
396036
396038
396506
397295
399087
399284
399389
400153
400253
400788
400880
401190
401272
402047
402096
402221
402485
402886
403184
403445
403485
403759
403961
403979
404122
404152
404347
404670
405310
405314
406141
406546
407186
407912
408811
409352
409431
409846
409911
410397
410508
410819
411304
411452
411890
412414
412468
413973
414149
414193
414465
415088
415122
416219
416537
416623
416890
417692
418124
418126
419307
420839
421070
421137
421208
421796
422261
422871
423459
423591
424321
424865
425001
425062
425086
425149
425455
425954
426406
426430
426469
426563
427096
427250
427283
427966
428439
428816
428875
429092
429530
429537
429595
429748
429826
429913
430868
430880
430886
431743
431807
431870
432669
432898
433095
433579
433622
433959
434135
434197
434444
434495
434667
435281
435389
435551
435834
436386
436536
436986
437974
438169
438646
439106
439628
440725
441047
442803
442885
443105
444342
444803
445147
445207
445481
445612
445663
446043
446438
446830
446878
447204
447321
448108
448259
448585
448590
448779
448792
449166
449531
450524
450548
450648
451364
451429
451487
451623
451669
451913
451914
452331
452375
452878
453193
453200
453834
454013
454161
454219
454400
454896
455312
456059
457287
457820
458121
458163
458746
458921
459070
459432
459988
460228
460415
460550
460711
460754
460805
460889
461427
461515
461571
461997
462055
462819
462890
463253
463278
463507
463510
463969
464167
464208
464280
464331
464835
464928
465110
465127
465285
465370
465521
466471
466500
466582
466822
466946
466979
467042
467764
468426
468467
468570
468791
468837
468961
469803
470042
470065
470144
470752
470805
471039
471256
471630
471775
471776
471841
471922
472019
472053
472493
472568
473077
473693
473727
473831
473942
474027
474098
474401
474702
475419
475440
475454
475671
475855
476228
477413
477692
477807
478530
478556
479256
479396
479458
479474
480136
480373
480638
480899
481432
481773
482352
482580
482649
482699
482740
483128
483161
483533
483791
484042
484493
484879
485052
485149
485289
485938
486524
487374
487513
488638
488933
489345
489861
490024
490190
490737
490755
490823
491395
491449
491803
491936
492075
492670
493156
493340
493372
493464
493984
494174
494923
494940
495018
495047
495304
495325
495387
495424
495441
497674
497696
497711
498225
498489
498512
498529
498824
499303
499519
499532
499566
499712
500586
500694
501835
502006
502695
503231
503865
503953
504100
504549
504975
505859
505941
506588
506632
506984
507418
507976
508067
508075
508101
508501
508618
508803
508840
509386
509835
510060
510062
510635
510669
510973
511024
511129
511792
511998
512483
513762
514311
514478
514775
515368
515602
516301
516389
516402
516407
516496
516505
516709
516711
516797
516827
516890
517175
517260
517499
518130
518226
518436
518696
518762
518800
518843
518902
519137
519304
519452
519469
519472
519847
519861
519885
520071
520508
520531
520693
520752
521161
521191
521340
521982
521999
522060
522574
523766
523822
524662
524845
525126
526049
526088
526488
526693
526900
526976
526985
527199
527677
528008
528536
528601
528700
528716
528757
528811
528869
528917
529037
529795
530327
530862
530944
531053
531392
531406
531668
532306
532504
532620
533279
533301
533587
533708
534904
535413
535838
535916
535929
536214
536334
536487
536722
536911
536990
537145
537176
537872
538133
538243
538955
539188
539572
539741
539813
540071
540247
540428
541417
541470
541689
542073
542084
542166
542277
543323
543430
543563
543699
544950
545672
545865
546403
546453
546706
546857
547403
547635
547651
548108
548830
548999
549038
549061
550156
550216
550268
550387
550874
550893
551098
551179
551892
552715
552846
552896
552903
552972
553151
553832
554079
554368
554525
554567
554673
555013
555151
555525
555753
555871
556062
556233
556943
557170
557371
557398
557541
557602
558424
558639
558641
558940
559661
560139
560331
560697
560864
561615
561915
562172
562434
562667
562802
563799
563868
563904
564071
564110
564592
564686
565138
565366
565437
565740
566352
567280
567971
568132
568735
568859
568863
569174
569912
570060
570490
570636
570723
571913
571960
572030
572285
572483
572651
572744
573223
573259
573393
573766
574409
574634
574753
574838
574988
575287
575459
575826
576301
576380
576902
576975
578038
578290
578301
578639
578715
579353
579539
579652
580153
580829
581622
581731
581812
582405
582842
583460
583691
583791
584107
584471
585321
587513
587730
587965
588002
588268
588437
589776
591171
592157
592510
592647
593107
593447
594027
594239
594535
595081
595248
595399
596052
596217
597177
597464
598262
598394
598520
598679
598989
599279
599725
600365
600388
600407
600449
600467
601246
601588
601640
601900
601965
602009
602580
602583
602997
603143
604098
604451
604551
604772
605068
605207
605319
605523
605763
605844
606450
606739
606762
607089
607267
607784
607833
608425
608666
608982
609056
609104
609205
609497
609597
610441
610976
611039
611059
611740
612288
612518
612824
613272
613324
613804
614304
615217
615243
615774
616105
616225
616561
616635
616689
616783
616924
617645
618311
618667
618779
619106
620290
620532
621048
621991
622174
623370
623440
624033
624505
625091
625577
625943
626122
626163
626293
626337
627555
627846
629549
633114
638210
639696
641006
641173
643337
644142
645406
647884
648052
649715
649774
651048
652979
653292
653427
654029
656266
656858
657916
658129
658655
660497
664671
664948
665738
666223
668592
668785
670457
670780
673209
673790
674172
674245
674510
680859
681522
683849
684785
685675
686041
686919
687466
691556
691791
693851
695135
696493
698499
699477
700984
703617
703679
707139
711978
713391
714679
715147
715341
715453
716605
717621
717996
720385
720705
721265
721306
722327
723417
723615
723771
725674
725683
726503
728050
729030
729048
730007
730981
734723
735292
735736
736264
737370
738258
738639
739388
739860
740786
741468
741484
741648
741764
742006
744951
745144
745419
745567
747446
747609
748250
749414
750189
751017
751640
753246
753808
754772
755092
756209
756311
756770
756856
756895
757192
758197
758362
759286
760007
760414
760736
761137
761277
763495
764518
769479
771082
773493
776007
776578
777643
778698
778982
779241
779524
779732
780196
781798
783503
783978
784957
785031
785339
785547
787610
789070
789650
790583
791686
791944
794248
796107
798831
798943
804528
805158
805164
805683
807093
808013
808622
810001
810428
814744
815181
815784
817519
817773
818643
818839
819320
819522
821955
822157
822185
822937
824083
825224
825311
827281
827754
828186
829768
829769
831612
832235
832718
833102
833231
834080
834357
836821
836943
838190
838612
838634
838788
839184
839435
840183
841252
841409
842170
842314
843188
843255
845961
847010
847382
847660
847693
848826
849063
849327
857103
862846
863192
863202
864534
864719
865525
865871
868477
868999
870078
870253
871314
871822
872217
873363
873625
873816
874591
874911
875101
875200
875222
876327
876693
879040
879099
879166
879617
879726
880018
880102
880445
880558
880711
881054
881500
881662
881754
881847
882604
883345
884542
886366
886368
887080
887828
887891
889462
889768
890211
890276
891167
892868
892959
894384
895072
895218
895569
895682
895765
896292
897112
897154
897233
897326
898879
899601
899638
899725
899788
899949
900554
900881
901058
901075
901480
901879
902587
902966
903640
904119
904707
904975
905059
905130
905482
905659
906775
907465
907974
908014
908076
908239
908504
908667
910238
910334
910386
910611
911071
911475
911614
914699
915181
915245
915686
916245
917021
917561
918367
919238
922200
922746
923982
924257
924447
927314
927882
928507
928890
928931
930235
930957
932389
934354
937357
937365
939477
940354
941247
942898
943369
943514
944871
946082
946483
947024
947256
948013
948905
949568
950781
951912
951920
952141
952297
953088
953343
953511
953681
953755
954244
954307
954786
954912
955102
955263
955533
956341
956935
957469
957568
958732
961949
963069
963091
963258
963615
964750
965032
965178
967160
967165
967384
967612
968493
968496
970021
970052
970173
970916
971894
971983
971992
972539
972937
973330
973691
974145
975449
975701
975853
977640
978552
980801
981371
981962
982129
982614
984203
984556
984988
985407
985590
985710
986037
987358
987792
988692
989360
989745
989826
990145
992218
993844
994183
994488
995076
995709
995860
998202
998545
999259
999728
999796
999970
1000406
1001799
1002608
1003499
1006950
1007314
1007975
1008136
1008413
1009010
1010411
1011122
1011336
1012154
1012481
1013377
1013519
1014536
1014685
1014979
1015088
1015337
1015499
1015669
1016225
1016402
1018105
1018638
1018706
1019250
1019603
1020121
1021223
1021380
1022678
1023349
1025017
1025324
1026838
1027715
1028364
1029030
1029264
1030140
1030310
1030410
1030880
1030911
1030971
1031383
1031512
1032078
1032314
1033497
1034783
1034893
1035211
1035277
1036212
1037190
1037716
1038025
1038186
1038520
1038786
1038955
1039101
1039249
1039589
1039821
1040391
1042374
1042827
1043083
1044118
1044423
1044582
1044594
1045120
1046906
1047905
1047955
1048849
1049064
1050811
1051441
1052000
1052803
1053073
1053328
1053560
1054084
1054616
1055039
1055191
1056238
1056600
1056623
1056892
1057197
1058591
1058749
1059954
1060858
1061200
1061317
1061567
1061637
1061717
1062170
1063785
1063946
1063971
1064162
1064323
1065136
1065483
1065655
1065901
1066122
1066548
1066628
1066889
1067883
1068315
1070101
1070156
1070303
1070388
1071331
1071450
1072004
1072489
1072676
1073228
1073498
1074022
1074210
1075083
1075943
1076634
1077588
1077767
1077821
1078646
1078872
1080375
1081019
1081436
1082406
1082751
1083655
1083810
1083852
1084698
1085057
1085603
1085762
1086983
1087105
1087925
1089040
1089689
1089824
1089919
1090029
1090134
1090275
1090991
1093004
1093208
1095220
1095721
1095891
1097340
1097881
1098547
1098840
1099084
1099347
1099487
1099947
1100051
1101823
1102540
1102687
1102967
1103089
1103098
1104545
1105168
1105448
1105519
1106173
1106362
1106776
1106966
1107201
1107311
1108363
1109265
1109301
1109458
1109853
1110411
1110685
1111303
1111436
1112122
1112588
1112698
1113819
1114915
1116356
1121384
1122527
1123126
1124305
1124356
1124508
1133552
1133574
1139056
1139380
1150209
1150381
1150453
1150667
1151413
1152248
1153136
1154207
1154284
1154685
1154722
1156107
1157149
1158085
1158216
1158336
1158419
1158578
1159100
1159132
1160216
1160717
1160772
1161081
1162191
1162193
1163442
1163690
1163691
1163734
1163746
1163901
1164265
1165385
1165492
1165634
1165812
1166148
1166224
1166696
1166865
1167207
1167617
1167677
1168082
1168259
1168320
1168550
1168767
1169143
1169281
1170800
1171265
1171591
1171944
1172945
1173505
1173625
1173955
1173969
1175571
1175910
1175947
1176119
1176770
1176921
1177989
1178623
1178842
1179412
1180366
1180862
1181655
1183011
1186493
1186514
1187387
1187405
1187758
1188174
1189232
1189972
1191682
1191689
1191759
1191955
1192664
1193235
1194451
1195073
1196227
1196418
1197110
1197766
1198352
1199229
1199364
1199866
1199905
1199933
1200229
1201800
1202133
1202481
1202494
1202592
1202722
1203263
1203306
1203549
1203609
1204127
1205519
1205586
1206265
1207037
1207540
1208115
1209219
1209542
1210145
1210332
1210851
1212318
1212474
1213236
1213697
1213768
1214860
1215184
1215438
1215497
1215839
1216244
1216506
1216816
1217121
1217691
1217885
1218394
1218594
1218664
1218965
1218994
1219333
1220214
1220283
1220313
1221274
1221607
1221728
1222168
1223105
1223988
1224381
1225176
1226719
1227145
1227315
1227732
1229161
1229524
1229703
1230877
1231035
1232187
1232407
1232575
1233049
1233056
1233167
1233360
1234306
1235144
1235206
1235378
1235780
1235962
1236101
1236516
1236675
1236696
1236845
1237545
1237578
1237605
1237802
1237940
1238198
1238217
1238574
1238615
1238925
1239079
1239141
1239396
1239591
1239805
1239872
1240056
1240554
1241233
1241825
1242017
1242175
1242705
1243373
1243476
1245019
1246474
1246482
1246576
1246586
1246673
