103080
105109
111320
111595
118443
121517
133014
134811
140287
144223
147422
149358
150303
151025
154165
156003
156305
159390
165583
170455
172457
174204
175059
176093
177158
179122
179354
180886
183036
191656
201078
201169
205440
208650
211249
211726
222422
227535
232640
232716
242142
244023
253342
253769
263990
270347
274448
274812
282859
283101
284434
289972
290854
291839
292707
296939
300092
300677
318712
320493
321596
322611
324207
324387
325217
327194
332928
335322
335616
336148
336239
338862
340868
340892
343860
344568
345926
347996
350405
351599
351983
355592
355952
358113
361847
366154
366496
371503
371614
372060
376811
377865
382617
386564
388004
390818
392865
395217
397222
399636
400827
402592
402629
408499
409730
415543
415771
416067
422794
425791
426793
429282
429671
431711
435267
439351
446165
446518
448223
448629
449227
449689
455588
456150
459030
460608
461119
462764
465046
472335
482398
484956
494647
496126
504536
516692
520105
521874
522578
529492
529566
535690
535711
536284
536854
537265
540322
542549
542964
553406
558155
565979
567520
568136
579243
584815
586612
586731
590436
592102
592368
592916
595004
595074
603359
608203
612887
615790
616647
618484
626124
638941
647384
671395
678109
678188
690889
694933
705311
721809
729149
734827
735241
747911
750091
765773
771424
773647
806212
817871
818420
821419
832438
841620
847586
849340
869320
871644
872909
873394
880568
882282
882992
884298
890122
898615
924203
930557
932270
934346
936719
936736
939722
949370
950056
953894
953914
956686
958288
961289
961337
964541
969405
969956
970623
972285
977704
979326
991010
991985
1007415
1011327
1011380
1015620
1023000
1030684
1030922
1033786
1035736
1039816
1041415
1043904
1044697
1049623
1055005
1057173
1057848
1058467
1063103
1063450
1064451
1066878
1067387
1074543
1075171
1076700
1078605
1089611
1089632
1100106
1106512
1108657
1110165
1111293
1155422
1158650
1160765
1165766
1167769
1168827
1169334
1170991
1174792
1179952
1181760
1195378
1197273
1205694
1211928
1212744
1219889
1220333
1224179
1226252
1231998
1236629
1237467
1240239
1241990
1244138
