103556
106845
108559
129865
131114
132328
133014
133955
137637
138661
139918
144223
148645
148673
149358
150303
151984
154529
159390
170455
172457
173576
174204
178316
179122
179210
179354
180587
188096
193219
207999
209038
211249
213053
216255
217576
222422
222546
223769
227535
228137
232475
233562
235302
244023
255496
261750
263990
266856
271519
275145
275365
282723
284704
285727
286762
290288
290387
290527
293587
296615
299586
305396
308945
309883
318498
323880
324156
325063
327491
329479
332928
336239
338862
338894
339517
339692
340868
347928
348780
349205
350883
351599
355592
355952
357076
359239
361274
364767
366154
367316
371146
377348
377865
378833
383671
392166
392865
395875
397005
400827
401319
402629
406394
411832
412807
414915
416480
418954
425600
430340
430837
435267
438159
440651
442282
443466
444007
446868
458452
460608
462236
466365
466370
473484
473825
474158
474380
480106
480255
480445
480514
487410
495371
499204
500773
504536
506852
508777
513229
521874
527508
528623
529492
529847
534894
536854
537265
537392
542549
546132
547006
551256
556243
556676
561360
571013
575027
577372
579243
582195
583577
586731
587888
591971
592856
592916
593807
596427
599293
603349
609552
613217
615790
617626
639169
658039
672563
715583
733528
734827
750068
756427
796188
804295
806212
818420
821419
831250
832438
834995
839250
839720
849404
867749
869594
870977
872909
872971
874436
878915
880786
886056
889372
890626
911537
915015
925293
930557
933462
936719
939722
947351
949243
951512
953867
963942
964541
971035
977704
979326
1009063
1011380
1015386
1017280
1022699
1023000
1025779
1029136
1031803
1033353
1040699
1048120
1048142
1052901
1055005
1058160
1058940
1063103
1063450
1065835
1066878
1067863
1071032
1071940
1072656
1074510
1075171
1081866
1094910
1096704
1102631
1106348
1110165
1113184
1121044
1123466
1140087
1153290
1155422
1163559
1176130
1179949
1192624
1198151
1204199
1204460
1206752
1220333
1223446
1224179
1224499
1226252
1240667
1241245
1242874
1245469
