135990
137702
150201
188206
190081
191099
232528
233608
289595
313330
315521
326027
353471
373189
374181
377865
384082
385785
390288
402629
406180
416480
416877
420524
421188
423346
429671
430021
431767
438276
440211
444738
449227
454311
457331
461439
470371
470683
480079
482054
483240
485828
490931
495371
495463
499323
516269
522003
529566
532667
535312
537653
548976
550905
556676
557851
560827
562740
564203
567223
580138
581071
584282
584815
587888
589027
589957
590891
601724
601993
609552
621029
633283
656026
673831
698237
743189
743895
748683
750190
757060
759058
761780
781095
790221
837578
839720
859466
872909
872971
873394
876096
880568
881163
884273
886947
911331
912703
914853
917356
923737
930557
931936
935849
937939
939722
945432
945568
956580
958148
959435
961655
964385
966858
969405
970562
970623
975212
975791
978181
981003
991985
996514
997744
998432
1003686
1008808
1014152
1031480
1032905
1032999
1033257
1040709
1043904
1055005
1063450
1064451
1065835
1070877
1071871
1071940
1075171
1076700
1099995
1102714
1111293
1113184
1116758
1152913
1153818
1158928
1160628
1160852
1162122
1163063
1163559
1164896
1165834
1166781
1167769
1167825
1169334
1169908
1170139
1171111
1174792
1174804
1177544
1178019
1179279
1181387
1182777
1187181
1188127
1188714
1190770
1191183
1191310
1192624
1195219
1195348
1198123
1203396
1206752
1211526
1216002
1221526
1224499
1225501
1226252
1228271
1231998
1232202
1233232
1233613
1234438
1235083
1239440
1239584
1242559
1244116
