101374
106319
111737
117667
132253
133832
135444
139176
147288
151510
154953
156490
161861
163810
163968
164330
166154
178315
184130
201607
223349
234222
235381
235596
238316
246112
251493
251654
251696
255116
267322
275156
275401
280156
280766
281256
281283
281822
282934
285587
286321
286372
286476
287842
288842
289284
290202
290411
291825
292474
294109
298742
299248
300430
302709
303169
307536
310920
310944
313143
313291
314228
314647
314666
315162
318269
318414
319870
326869
328376
329649
330450
331420
332221
332268
332286
333496
333729
334680
334919
336328
337132
339428
339456
339675
340229
344587
349972
350768
352623
353724
353744
355838
356791
356945
357845
358166
358664
362354
362814
364954
365265
365679
366005
366052
366273
366535
366561
366974
369854
371191
372970
373230
373268
373743
375633
375851
376036
376177
376648
376802
378542
378893
379272
380551
381624
382915
382947
383680
384139
384386
385630
386618
386890
387459
391139
391437
391756
392990
393650
393980
394148
394832
395003
395081
397605
398341
399197
399356
400415
400938
401366
403445
404535
404882
404903
405368
406153
408382
408472
408811
409022
409185
409846
410878
410921
412237
412833
415230
415598
417277
417564
418519
419062
420529
421909
422118
422497
422607
423459
423953
424345
424567
425409
427182
427737
427767
428547
428793
429160
429748
430029
431508
432312
433003
433772
433994
435345
435684
437310
438646
439607
440757
440771
440971
441041
442250
444052
444143
445207
445326
445370
445528
446533
446948
446979
447204
448682
448779
451130
451156
452878
454477
454794
454905
456059
456412
456536
458700
459260
459771
459932
460754
460808
460889
460915
460955
462727
463018
463550
463969
464086
464473
464558
464835
465110
466048
466214
466406
466568
466862
467755
468749
471406
471628
471672
472042
472468
473266
474401
474699
474850
476070
476509
477097
477232
477520
478470
480562
482426
482649
482740
482817
482827
483143
483402
483791
484120
484505
484507
484669
485025
485415
485938
486239
487307
487498
488635
488638
489117
489216
489345
489485
491523
491709
491744
492650
494509
495507
495544
496630
497711
498613
499230
499286
499952
500089
500216
502383
503463
504317
504404
504875
506129
506382
507869
507889
507976
508101
508397
508618
509394
509547
510336
510875
511824
512866
513144
514324
515602
516231
516496
516505
516784
517784
517914
518166
518226
518436
518680
518892
519068
519137
519261
519847
519903
520051
520357
522060
523212
523465
523687
523822
524084
524662
525897
526049
526900
527748
527937
527980
529078
530543
530730
530805
530814
530862
531218
531947
532306
532669
532803
532807
533587
534916
535687
535895
536913
537182
537871
537872
539741
540458
540798
541016
541774
542513
542908
544399
545672
545807
546628
546857
547712
547968
548105
548669
548830
549049
549634
550372
552261
552388
552534
552846
554157
554667
554673
555013
555446
555653
556062
556852
557620
557636
558424
558639
558646
558887
559252
559504
559661
559766
560139
560724
560730
562595
564071
564110
564511
564738
565138
565827
566217
566352
566531
567311
567447
567455
568454
568670
568783
569119
570060
570416
570636
572165
573335
573520
573530
574212
574988
575050
575557
575667
575957
576692
576975
577541
577718
578715
578880
579001
579132
579607
580122
580346
580695
581288
582421
582736
582842
583933
584174
586326
587093
587539
587703
587965
588946
588965
589121
589303
590488
590694
590840
591380
591620
592647
594602
594749
595172
596222
596414
597545
597790
598054
598439
598679
599647
600064
600365
600624
600705
600964
601072
602079
602293
602580
602649
602814
603306
603786
605207
605352
605939
606290
606541
607034
607470
607593
607653
607948
608228
608303
608425
609205
609958
610403
610511
611332
611629
612518
612824
613642
613711
614047
614286
615774
615802
616081
616355
616561
617150
617251
618439
618667
618866
619257
619810
619942
620486
621006
622081
622410
622758
622782
623173
623200
624471
624505
624871
624879
625131
625204
625643
626163
626543
655024
659935
665395
666223
667914
669327
673209
674374
674510
675581
676950
679482
679509
681566
687176
687466
688849
691791
697228
709851
710572
710726
711253
711515
712438
714548
714679
714886
715396
715453
715903
716095
716317
716325
716646
716869
717341
717518
718506
720846
733680
733681
734911
735711
736012
736844
737244
738077
739388
739860
739929
740547
741484
741709
742338
742796
743017
744951
745446
745848
747169
748401
749217
749878
750492
750791
752972
753246
753354
754291
754772
755092
755143
756311
757740
758350
758598
758771
759360
759670
760007
760146
761277
761442
761804
763495
766075
767252
767474
773124
774480
775182
776007
777643
778982
779663
784859
785682
789882
794535
794690
795345
815145
819859
821006
824841
827072
830062
832718
834357
834588
836063
838008
838066
839184
841123
841848
842634
844055
844497
844575
845932
847294
848278
849022
849508
860385
863109
863192
863449
864534
865142
865871
865927
866016
866215
867539
867552
867567
868830
869055
869328
869439
869888
871314
871335
871586
871654
871864
872398
873063
873567
873625
873972
873976
875601
876894
877058
878894
879335
879402
880629
881989
882879
883111
884501
886335
886366
886876
887504
889469
889564
889954
890147
890387
890399
890737
890863
891498
891506
893132
894091
894344
894647
895588
896292
897112
898853
899080
899949
901274
901836
902666
903506
904707
904882
905482
906384
906604
906675
907235
907866
907875
908659
909296
910334
911071
911241
912815
913521
916116
916497
917473
917490
917561
917631
918133
918439
919286
922200
923220
923537
924214
926125
926392
928890
930957
931304
932498
932910
933151
933731
934224
934452
935624
935949
936098
937009
937357
937394
937402
937616
939545
940319
940391
940576
945273
945336
947310
948825
949112
950519
950781
950786
950885
952741
953002
953511
953681
954742
954984
955263
958470
958684
959239
961949
964536
964915
965637
968004
968496
969099
969925
970198
972334
972883
973156
973217
973272
973649
973977
974102
975489
976383
976584
977130
977640
978488
978592
979705
979771
979867
980527
980703
981004
982129
982344
983480
985590
986037
986299
986736
987100
987792
988803
989025
989343
990145
992661
994004
994453
994504
995076
995276
995709
996455
997717
998220
998282
998288
999010
999970
1000007
1000503
1000560
1001300
1002508
1002537
1002551
1003498
1003499
1004943
1005523
1005776
1005793
1006106
1006485
1006578
1006960
1008561
1009673
1009827
1010263
1010274
1012008
1012296
1013224
1013420
1014384
1014685
1015669
1016216
1016299
1017704
1018350
1019889
1020360
1020489
1021380
1021894
1022159
1027367
1027715
1028131
1028470
1028864
1029318
1029577
1029767
1029981
1031685
1031787
1032078
1032079
1033466
1033795
1034684
1035275
1036553
1036597
1037190
1037370
1037482
1037526
1037646
1038312
1038880
1039101
1039954
1042010
1042128
1042285
1042374
1043039
1043083
1045030
1045302
1046200
1046906
1047372
1047490
1047587
1049835
1051361
1052397
1053328
1053469
1054006
1054616
1054709
1054887
1054918
1055143
1055196
1057525
1057667
1057887
1058036
1058664
1058749
1058945
1059892
1059954
1060427
1060821
1060827
1061200
1061589
1061637
1063767
1063883
1064750
1065303
1065480
1066110
1066192
1066859
1067295
1068195
1068521
1068889
1069071
1069137
1069295
1069932
1070101
1070187
1070303
1070412
1071138
1071450
1073553
1073917
1073996
1074210
1074474
1074594
1075774
1075926
1076215
1077034
1077899
1078906
1080352
1081376
1081840
1083206
1083240
1083739
1084345
1084846
1085670
1087105
1088226
1088496
1088505
1088742
1088792
1089618
1089775
1090057
1090134
1090258
1091025
1091666
1091846
1092742
1093839
1095856
1096362
1096478
1097881
1098200
1098325
1098455
1098840
1099947
1100272
1101768
1102113
1102873
1102876
1104517
1104744
1105168
1105302
1105518
1105519
1106081
1106260
1106851
1107101
1107968
1108055
1108114
1108145
1108363
1108747
1109086
1109653
1110685
1110941
1111436
1111461
1112419
1112543
1113308
1113352
1113680
1113819
1115939
1116420
1116587
1116598
1119712
1120037
1120799
1121072
1121183
1121597
1124356
1133552
1133620
1138368
1139357
1149164
1150038
1150209
1150453
1150798
1151012
1151439
1151709
1151882
1152207
1153136
1153824
1154091
1155017
1156769
1157017
1157537
1157557
1157582
1157947
1158085
1158216
1158336
1158603
1159082
1159100
1159223
1159583
1160216
1160764
1160776
1160893
1161081
1162398
1162691
1162775
1163180
1163442
1164065
1164265
1164639
1164942
1165777
1166138
1166148
1166747
1167530
1168111
1168259
1169210
1169349
1169656
1170295
1170642
1170775
1171152
1171502
1172178
1172498
1172790
1172823
1173099
1173969
1174871
1175187
1175501
1176297
1176390
1176570
1176580
1177442
1177587
1178183
1178539
1178902
1179354
1179385
1179640
1179987
1180278
1180731
1180860
1180978
1181201
1181547
1181716
1183190
1183928
1184263
1185071
1185177
1185189
1185954
1187211
1187696
1188145
1188579
1188682
1188877
1189254
1189700
1189897
1191051
1191106
1191727
1191856
1192334
1193422
1193655
1193899
1195597
1195732
1195917
1196031
1196346
1196398
1196540
1196633
1197029
1197263
1197957
1198341
1198565
1198602
1198934
1199229
1199496
1199905
1201800
1201947
1202494
1202496
1203191
1203307
1203562
1203711
1203960
1204382
1204480
1205188
1205519
1205586
1206635
1207468
1207885
1208790
1208918
1208988
1209189
1209383
1209843
1209984
1211463
1211596
1211924
1213074
1213223
1213402
1213730
1214411
1214423
1214425
1214496
1214543
1214748
1215234
1215775
1216164
1216535
1216554
1218083
1218188
1218239
1218259
1218364
1218594
1218664
1218965
1219326
1219378
1220033
1220085
1220840
1221122
1221189
1221274
1221408
1221676
1222254
1223695
1224008
1225176
1225265
1226038
1226719
1227145
1227224
1228925
1229161
1229524
1229708
1231035
1231267
1231887
1232187
1232316
1232428
1232568
1232952
1234161
1234287
1234374
1234579
1234753
1235123
1235638
1235962
1236222
1236335
1236516
1236675
1236696
1237165
1237221
1237605
1237925
1238615
1239028
1239050
1239422
1240056
1240402
1240419
1240460
1240554
1241312
1241616
1241699
1242370
1242992
1243288
1243464
1244423
1244683
1244869
1244961
1245205
1245402
1245706
1245778
1246283
1246383
1246482
1246576
