100194
100199
100351
100942
101020
101105
101205
101246
102136
102233
103240
103814
104293
104518
105047
105377
105492
105919
106150
106203
106982
107030
107493
107884
108228
108294
108526
108765
108875
108938
109054
109498
109525
109730
109828
109899
110592
110731
110899
111432
111552
111737
111880
111990
112041
112044
112935
113036
113297
113487
113699
113725
113797
114304
114666
114817
114932
115526
116281
116290
116388
116560
116969
117667
118071
118302
118478
118606
119521
120286
120461
120768
121128
121408
121443
121730
122130
122614
123777
123801
123953
124464
126035
126718
126975
127319
127376
127760
127790
127960
128103
128265
128359
128523
128643
128896
129105
129151
129318
129390
130366
130464
130555
130571
131402
131511
131514
131554
132014
132260
133022
133045
133070
133556
133892
133998
134917
135205
135500
136646
136832
137123
137252
137871
138118
138287
138923
138928
141126
141357
141636
141642
142122
142373
142694
144256
144417
144811
145209
145215
145772
145827
146004
146032
146069
146175
146208
146559
147513
147734
148040
148195
149020
149036
149242
149886
149963
150164
151252
152266
152484
152797
152992
153656
153899
153900
154193
154248
154431
154953
154982
155072
155907
156096
156634
156644
156715
156974
157047
157314
157861
158032
158554
159035
159094
160437
161674
162055
162167
162183
162284
162402
163124
163264
163523
163620
163753
163810
163869
163968
164310
164947
165076
165344
165358
165402
165785
166154
166516
166524
166799
167298
168079
168201
168983
170777
170782
171039
171090
171706
171795
171799
172305
172560
172838
173181
173260
173319
174212
174458
174525
174578
174617
174648
174942
175673
175869
176228
176549
176713
176750
176862
177205
177933
178786
178797
179706
179727
179750
179988
180230
180808
181027
181421
181816
181867
182297
182357
182361
182535
182910
183417
183834
184045
184677
184838
184841
185156
185297
185339
187011
187314
187833
187915
188528
188531
188982
189043
191307
191472
191561
191795
192277
192386
192639
193807
193871
194283
195024
195200
195241
195864
196174
196232
196976
197219
197718
197808
197892
197985
198477
198525
198674
199673
199835
200898
201152
201193
201410
201528
202124
202858
203487
204037
204431
204764
204804
204882
205363
205866
206111
207233
208189
208410
208744
209608
209872
211044
211149
211979
212363
212413
212932
213013
213461
214182
214303
214517
215849
215998
217076
217726
219080
219736
220021
220023
220306
221737
222244
223906
224478
224522
225255
226537
226912
226924
227142
227677
228296
228458
228538
228704
229711
229974
230094
230440
231094
231418
231807
231829
231930
233042
233534
234221
234320
234495
234604
234827
234859
235297
235527
236443
237190
237374
238743
238881
239186
239256
239412
239844
240049
240151
240504
240562
240683
241230
241533
241983
242064
242171
242190
242480
242618
243422
243627
243983
244101
244827
245076
245092
245141
247066
247209
247304
248530
248786
249024
249382
249572
249816
250176
250929
251002
251428
252507
253055
253171
253280
253749
254833
254903
256060
257851
257970
258382
258523
259381
259881
259927
259947
260024
261215
261223
261240
261367
261384
261727
262086
262318
262442
262557
263477
263519
264205
264917
265981
266087
266488
266648
266691
266873
267299
267463
267648
267775
268572
269223
269882
270220
270349
270568
270927
271240
271256
271346
271452
271676
272234
272686
272966
273854
273864
274371
274836
274894
274953
275025
275377
275978
276275
278259
278763
279218
279941
280156
280693
280880
281256
281971
281988
282068
282186
282533
282624
282671
283278
283533
284995
285626
285662
286161
286210
286215
286228
286321
286554
287468
287490
287663
288039
288051
288098
288685
288714
288795
288842
289245
289307
289781
289839
290340
290961
291218
291317
291564
291659
291752
291806
291944
292347
292531
293965
294156
294969
295084
295440
295730
296030
296343
297354
297467
297929
298450
298742
299083
299397
299418
299446
299907
299926
300297
300984
301402
301967
302471
302709
302998
303309
303397
303419
303546
304012
304298
304373
305264
305678
306731
307039
307244
307299
307536
307665
307921
307974
308992
309153
309563
310581
310920
311654
311714
312314
312355
312801
312825
312931
313112
313291
314188
314228
314234
314587
314647
314666
314938
315068
315284
315579
315946
315996
316042
316209
316343
316368
317211
317815
317831
318322
319024
320144
320242
321182
321236
321348
322466
322776
323051
323804
324418
324614
324977
326056
326781
327351
327605
328114
328876
329057
329426
329683
330205
330312
331038
331214
331247
331273
332432
332762
332850
332943
333899
333900
334874
335334
335335
335481
335737
336312
336414
336730
336921
337089
338091
338288
338798
339428
339445
339606
339675
339905
340253
341101
341341
341716
343449
343583
343673
343754
343869
344106
345301
345500
345887
346164
346333
346666
346834
346951
347067
347414
347476
347568
347715
347942
348102
348322
348948
348997
349049
349622
349878
350009
350143
350522
350769
350958
351078
351613
351686
351712
351763
352405
352527
352623
353097
353221
353337
353509
354353
354783
355035
355387
355831
355892
356172
357025
357250
358331
358338
359002
359077
359766
359870
360303
361188
361488
362310
362617
363302
363733
363786
364676
364804
364809
365174
365431
365455
366241
366567
366834
366896
366974
366986
367524
367674
369390
369391
369567
369654
369769
369960
370342
371498
372108
372351
372524
372863
372970
373743
374085
374383
374591
375021
375104
375108
375338
375617
375618
376289
376431
376513
376527
376854
377414
377424
377599
378563
381294
381688
381808
382334
382642
382915
382985
383035
383170
384261
384267
385318
385630
386199
386629
387660
388097
388275
388739
389100
389285
389853
389945
390693
391437
391617
391792
392200
392706
392833
392932
393261
393439
393559
393980
394073
394646
394741
394811
395636
395817
396106
397295
397452
398211
398410
399087
399352
399710
400788
401213
402504
402637
403184
403412
403445
403765
403833
404347
404374
404535
405226
405239
405626
406056
406435
406626
407134
407141
407186
407553
407912
408176
408216
408266
408811
409174
409352
409431
409494
409911
409989
410242
410508
412127
413855
413937
415088
415126
415349
416396
416537
416657
416890
418403
418965
419307
419944
420839
420842
421070
421137
421208
421214
421358
421796
421852
422118
422261
422871
422901
422933
423300
423602
424321
425522
425951
425954
426430
426807
427035
427096
427250
428547
428875
429092
429595
430566
431350
431384
431870
432898
432995
433464
433495
433838
434481
435521
435841
435869
436386
436895
436986
437259
437383
438426
438637
439081
439252
439261
439310
439825
440600
440924
441866
442303
443070
444052
445147
445207
445481
445522
446043
446166
446599
446878
447143
447204
447321
448040
448255
448486
448792
449285
449654
449743
449925
450011
450776
451129
451487
451669
452545
452878
453192
453193
453384
453834
454083
454161
454197
454364
455008
456298
456683
456892
457107
457287
457865
458323
458746
458921
459345
459432
460243
460523
460754
461159
461848
462636
462736
462924
463507
464331
464842
465370
466214
466406
466468
467703
469049
469533
470432
470752
471402
471956
472439
472493
472871
473077
473693
473727
474394
474401
474598
474879
475838
476652
477216
477610
477616
477648
477807
478604
480033
480136
480366
480373
480899
482021
482305
482729
482998
482999
483076
483100
483533
483688
483791
484042
484177
484507
484669
484879
485025
485052
485361
485421
485422
485938
486791
487374
488821
490096
491256
491803
492345
492634
492760
493156
493366
494923
495047
495424
495441
495911
496238
497577
497711
497798
497894
498199
498303
498529
498824
499519
499712
500078
500205
500915
501757
501913
502383
502830
503073
503187
503953
504001
504102
504975
505454
506019
506129
506588
506611
506984
507197
507317
507605
508067
508445
508501
508618
508840
509386
510060
510208
510225
510450
510635
511074
511819
512204
512440
514462
514476
515047
515406
515555
515788
516399
516402
516496
516578
516711
516797
516890
517175
517260
517413
517999
518233
518714
518762
518808
518843
518902
518911
518920
519137
519327
519469
519472
519593
519718
519722
519885
519887
519997
520394
520531
521161
521418
521461
521837
521885
521894
522769
523099
523586
523672
524084
524222
524485
525365
525946
526399
526587
526900
526976
527081
527677
527838
528008
528441
528757
528917
529602
529795
529805
530055
530085
530131
530433
530862
530869
531298
531406
532337
533587
533921
534268
535159
535212
535729
535895
536074
536334
536398
536512
536870
536913
537640
538243
538246
539813
540247
540798
541016
541099
541193
541230
541273
541286
541417
541470
542530
543430
543612
543869
546013
546750
546857
547031
547386
547635
547651
547665
548232
548830
548967
548999
549038
549238
549263
549392
549424
550149
550293
550387
550799
551179
551221
551381
552778
552870
554580
554673
555122
555559
555727
555797
555981
556062
556204
556233
556689
556852
557034
557292
558639
558934
559445
560080
561354
561901
562015
562434
562758
563379
563483
563531
563799
563868
564220
564430
564592
564710
565138
565223
565366
565526
565842
566408
566531
567034
567756
569268
569623
569912
570060
570324
570365
571624
571913
571960
572285
572850
573223
573477
573488
573766
573956
574090
574753
574818
574979
574988
575287
575459
575826
576011
576327
576380
576731
576831
577441
577541
577620
577702
578365
578507
578715
579539
580277
582026
583460
584447
584471
584492
584973
586233
586484
588666
589044
589124
590111
591107
592027
592214
592510
592618
592647
593236
594027
594114
594239
594535
594927
595081
595248
596052
596160
596217
596325
596440
596500
597464
597494
597681
598054
598989
600064
600143
600418
600449
600675
601405
601544
601586
601900
601940
602293
602580
602583
602997
603334
603348
603391
603487
604361
604451
605153
605523
606450
607089
608169
608653
609151
609478
611967
612525
612824
615217
615774
616591
616689
616767
616924
616935
617055
618224
618667
619482
620486
620532
621583
621627
622174
622579
623440
624033
624521
624822
624828
625131
625577
625592
625753
626543
626547
628994
632799
634638
634932
636409
637082
637172
639907
642745
648052
650731
652546
653292
654290
655024
655783
657916
659845
660497
663939
665101
668724
669899
674245
674344
675528
676950
681522
682155
684785
686064
686238
686625
687466
689153
690546
692658
695853
696497
697228
697825
697903
698889
699807
701886
703493
703612
703679
704816
704970
705599
707101
711978
712438
714379
714981
714997
715341
716095
716607
717621
717686
717976
718449
718647
719305
719880
721420
723407
723771
724769
726166
726503
727214
730825
733181
733681
734723
736206
736264
737370
738639
739860
740276
741648
742751
744146
745408
747446
747540
747609
748897
749020
749773
750189
751056
751640
753354
754685
755092
755860
755948
756073
758197
758478
758619
759580
761471
762412
762882
763495
765409
767208
767895
769912
771316
772456
773493
773826
775022
775133
775182
776007
776247
778695
778698
778855
779533
779663
781588
783083
783503
784262
784455
785031
786954
787610
788247
788906
789767
789882
790218
792356
794690
797589
798694
798831
799041
799798
800672
801089
804391
804528
804991
805158
805459
806452
806597
807033
808909
813375
814206
814744
815100
815181
815334
815553
815942
817512
817595
819320
819522
819833
819859
821006
823539
823956
824083
825883
826897
827072
827281
828607
829305
832718
833102
834878
835254
836821
837172
838190
838368
838612
838634
838913
839184
839662
840183
841049
843694
844047
845238
845332
845601
845961
846301
846717
847294
847660
848418
849095
862083
863192
864222
864534
865290
865871
867149
867784
869865
871314
871463
872133
873712
873816
875200
875487
876693
877469
879303
879531
880018
880022
880160
880447
881061
881754
883606
883609
883628
883840
885724
886099
886366
886524
887379
887764
887828
889405
890100
890147
890216
890276
890399
890643
891055
891917
892868
895682
895975
896260
897112
897154
899601
899638
899949
900464
901836
902440
902846
904652
905016
905059
905130
905482
905873
906526
906704
907616
907866
907922
908014
910412
910640
911227
911241
911369
911475
911614
911887
911967
912284
912949
913577
914486
914984
915181
915429
915568
915947
915967
916245
917858
918459
919066
920326
920333
920487
920780
921598
922261
922413
922746
922899
923299
923982
924972
925477
926125
926215
926375
928890
929119
929431
930781
935624
936316
940391
942017
946557
947655
948247
948492
950145
950274
950583
950781
951105
951420
953034
953668
953681
953767
953816
954060
954307
955102
955120
955263
956000
956341
956698
956708
957469
958708
958960
959369
963615
964536
964899
965693
966930
968655
968664
969958
970408
970436
971440
971686
971894
971904
973631
973691
975489
975853
976581
976710
976732
979815
980247
980527
981371
981401
982213
982856
983125
984130
985590
986779
988022
988673
988692
989006
989279
989745
990333
991347
992699
993656
995068
995311
995513
995709
996305
996421
997283
997960
997980
998009
998545
998627
999513
999694
999728
1000007
1001002
1001550
1001746
1003312
1004943
1006578
1007668
1008376
1009010
1010092
1014587
1015214
1015523
1016343
1016700
1017496
1017573
1017619
1019250
1019603
1020524
1021223
1023349
1026225
1027704
1028364
1028470
1028559
1029458
1030310
1030391
1031060
1031171
1031383
1031701
1032311
1032314
1034783
1035944
1036212
1036452
1037063
1037190
1037716
1039029
1039714
1039954
1040595
1041523
1044582
1044841
1045030
1045120
1046162
1046200
1046757
1047587
1047905
1048846
1049835
1052000
1052397
1052775
1052919
1053208
1053560
1053632
1054205
1054709
1055039
1055931
1055988
1056623
1056766
1056787
1056892
1057525
1057638
1057759
1058415
1058591
1058664
1058749
1059343
1059661
1060124
1060144
1061637
1061789
1063037
1063547
1063632
1063767
1063971
1064162
1064491
1066546
1067295
1067318
1070005
1071778
1071986
1072676
1073436
1074813
1075341
1077452
1078545
1078771
1080287
1080370
1081772
1082539
1082555
1082659
1083319
1083441
1085353
1085762
1087105
1088923
1090057
1090134
1090323
1091846
1093043
1093208
1095868
1095891
1096278
1097861
1097881
1098521
1098547
1099079
1099186
1099219
1099695
1102269
1102306
1102540
1102687
1103450
1105168
1105858
1106306
1106383
1106966
1107311
1107320
1108145
1109186
1109301
1110438
1110497
1111244
1112698
1113174
1113308
1113778
1116587
1121072
1122610
1124356
1124706
1133574
1140726
1142122
1149541
1150587
1150728
1151143
1151439
1151475
1151882
1152114
1153149
1154091
1157557
1157721
1158085
1158336
1158364
1158411
1158446
1158578
1158603
1158986
1159082
1159100
1159102
1160764
1161081
1161348
1161989
1162081
1163145
1163690
1163691
1163734
1163746
1164173
1166138
1167207
1168051
1168259
1168767
1169281
1170752
1170775
1171591
1173099
1173969
1175527
1176067
1176603
1176947
1176950
1177510
1177582
1177610
1178692
1178946
1179008
1179498
1180455
1182559
1186493
1187732
1188174
1188651
1188698
1188808
1189501
1189972
1191051
1191484
1191759
1192664
1193315
1193606
1194377
1194451
1194832
1195165
1195241
1196227
1197551
1197856
1197916
1198352
1198565
1198602
1198788
1199229
1199560
1199905
1200229
1200297
1200313
1201299
1201305
1201800
1202342
1202349
1203191
1204202
1204480
1205188
1205519
1209111
1210893
1211025
1212318
1213796
1215775
1216244
1218364
1218664
1219628
1220175
1220484
1220735
1221607
1223638
1224381
1225683
1225976
1226798
1227145
1228143
1228184
1228810
1229161
1231687
1232187
1233149
1234517
1235206
1235780
1236101
1236516
1236675
1237221
1237605
1237802
1238217
1238505
1240402
1240460
1240903
1241233
1241350
1241825
1242017
1243938
1244423
1244683
1245706
1245952
