100194
100497
101105
101165
101299
101303
101374
101389
101392
102099
102532
102746
102917
103517
103914
105047
105126
105498
105843
105892
106129
106150
106174
106203
106500
106939
107030
107174
107231
107305
107463
107844
107874
107966
108520
108938
109051
109054
109076
109220
109302
109363
109498
109828
110297
110731
110754
111211
111432
111737
111809
111828
111880
111958
112013
112041
112511
113014
113109
113206
113487
113566
113700
113725
113755
113787
113794
113797
113875
113895
114363
114465
114666
114730
114811
114864
114932
114995
115022
115111
115438
115588
115606
115880
116188
116517
116566
116759
117157
117669
117850
117912
118478
118554
119805
120248
120286
120672
120734
120768
121128
121192
121408
121672
122976
123357
123501
123777
123801
123949
124069
124291
124464
124681
124913
125034
125615
125815
125897
126059
126124
126249
126277
126718
127111
127136
127303
127364
127376
127725
127739
127760
127790
128265
128523
128859
129105
129151
129289
129415
130019
130181
130366
130508
130532
130640
130700
131071
131320
131348
131514
131516
131572
132014
132253
132260
132454
132500
132519
132722
132739
133397
133767
133892
134483
134631
134917
136064
136067
136832
136996
137223
137677
137871
138682
138794
138965
139113
139416
139568
140093
140183
140465
140480
141177
141207
141601
141943
141964
142372
142373
142418
142659
143331
143498
144205
144626
144666
144811
145017
145215
145230
145422
145467
145875
145974
146201
146208
146390
146701
147360
147410
147504
147772
147895
147896
148360
148440
148590
148601
149020
149302
149350
149886
149963
150337
150382
150817
151055
151252
151971
152033
152186
152266
152370
152797
152801
152992
152995
153673
153731
153850
153963
154184
154248
154289
154300
154890
155231
155496
155710
155862
155879
155913
156096
156121
156243
156366
156634
156644
156705
156805
156974
157047
157181
157833
158123
158388
158639
158972
159082
159219
159250
160153
160433
161156
162167
162402
162754
162796
163869
163934
164050
164308
164313
164597
165229
165324
165344
165402
165734
165785
166524
166603
167209
167298
167428
167823
168379
168584
168775
168832
168983
169206
170131
170167
170311
170729
170837
170884
171002
171090
171396
171664
171711
171799
172406
172838
173319
173528
174578
174585
175370
175596
175673
176214
176862
177556
177767
177933
178222
178285
178797
179265
179267
179742
179988
180230
180273
180952
181027
181642
181964
182238
182299
182361
182535
182794
183228
183417
183878
183978
184045
184070
184660
184731
184756
184838
184841
185135
185156
185411
185699
185742
186860
187715
187833
187947
188482
188528
188537
188551
188588
188629
188982
189014
189043
189419
189637
189769
190085
190298
191027
191185
191304
191307
191426
191463
191561
191714
191747
191835
192058
192516
192639
193056
193333
193465
193943
194077
194125
194411
194561
194636
194668
195024
195200
195260
195349
195808
195864
196232
196976
197039
197201
197718
197939
198133
198355
198443
198674
199194
199285
199656
199673
199911
199984
200047
200898
201118
201584
201600
202075
202124
203487
203556
203657
203707
203819
203921
204060
204301
204431
204821
205071
205109
205515
206236
206416
206965
207105
207483
208256
208285
208744
208883
209033
209276
209598
209599
209608
209659
211111
212139
213109
213120
213322
214272
214303
214551
215351
215374
215782
215849
215998
216179
216329
216808
217797
218262
218498
218744
218865
219965
220023
220158
220439
220492
220829
221843
221882
221900
222551
222640
223161
223220
223786
223831
224070
224472
224478
224522
224585
225009
225819
226086
226302
226537
226621
226924
227132
227267
228704
228856
229065
229076
229252
229572
229711
229770
230124
230440
230856
231629
231807
231893
231934
232159
232553
232805
233569
234017
234220
234320
234661
235297
235462
235952
236292
236443
236734
236773
237287
237374
237469
238281
238415
238481
238881
239081
239503
239835
240151
240304
240766
241230
241388
241558
241682
241897
242195
242440
242618
242680
242913
243592
244127
244198
244827
245072
245076
245092
245493
246255
246440
247515
247704
247754
247851
248106
248627
249024
249189
249382
249449
249602
249865
249904
250400
250620
250929
250963
251141
251287
251568
251654
251708
251924
252184
252324
252505
252704
252901
253255
253296
253734
253749
254208
254395
254833
255407
256229
256626
256648
256735
256884
257663
257832
257851
257982
258025
258382
258533
259132
259544
259561
259881
259945
260525
260993
261240
261384
261502
261542
261715
261752
261918
262086
262090
262236
262270
262444
262565
263293
263913
264151
264205
264927
265350
265374
265419
265630
266150
266177
266265
266488
266716
266879
267175
267391
267463
267798
268342
268529
268921
269223
269312
269404
269558
269603
269882
270220
270517
270927
271256
271265
271349
271497
272123
272307
272549
272583
273267
273829
273947
274132
274199
274330
274742
274759
275782
275978
276052
276094
276275
276372
276634
276929
277091
277301
277744
278491
278677
279218
279941
279979
280156
280320
280686
280693
280766
280850
280890
280966
280999
281256
281377
281555
281633
281956
281971
282112
282261
282311
282396
282426
282533
283016
283792
284050
284052
284372
284573
284889
284995
285090
285450
285626
286104
286173
286391
286890
287131
287148
287308
287468
287608
287730
287754
288098
288142
288159
288366
288466
288685
288714
289065
289246
290667
291022
291317
291564
291752
291806
291899
292347
292493
292709
292885
293147
293965
293992
294576
294943
295084
295124
295397
295601
295941
296174
296181
296219
296286
296343
296815
297113
297431
297510
298245
298450
298742
298935
299505
299608
299637
300069
300136
300145
300175
300473
300688
300774
301402
302246
302619
302871
303121
303419
303422
303696
304487
304554
305264
305419
305516
305678
305744
306042
306100
306257
306731
306788
306942
307210
307359
307874
307966
308273
308992
309153
309520
309563
310155
310914
310920
311714
312415
312801
312931
312955
313112
313472
313674
313731
313776
314138
314234
314652
315168
315504
315575
315579
315631
316593
316835
317586
317641
317870
318075
318128
318300
318322
318983
319461
319824
319839
320242
320498
320843
321180
322776
322922
322977
323031
323046
323762
324178
324352
324418
325026
325124
325241
325302
325309
325873
325922
326190
326485
326598
326603
326781
327351
327361
327452
327610
327874
327994
328351
328934
329014
329426
329649
329667
329683
329769
329819
330487
331214
331273
331420
331786
332068
332286
332432
332635
332924
333496
333577
333924
335103
335156
335321
335400
335469
335544
336115
336514
337752
337921
338009
338042
338103
338105
338619
338762
339051
339159
339356
339428
339445
339524
339606
339822
339977
340199
340311
340329
340456
341023
341101
341102
341253
341341
343312
343449
344157
344220
344269
344329
344415
344702
344797
345108
345301
345337
345803
346125
346289
346333
346406
346415
346950
347476
347680
348085
348101
348948
348997
349219
349360
349408
349522
349536
349622
349959
350054
350390
350593
350732
350768
350923
350965
351013
351040
352527
352539
352980
353175
354333
354353
354401
355203
355387
355661
355676
355809
355838
356160
356217
356791
356806
356937
357674
357820
357876
357957
358021
358331
358394
358869
358958
359007
359113
359592
360593
360750
361281
361741
361791
361926
362058
362768
362894
363005
363045
363046
363786
364367
364658
364804
365174
366241
366503
366593
366803
366974
366994
367047
367139
367552
367609
368080
368496
369391
369654
369660
369718
369769
370127
371444
371498
371519
371575
371866
372038
372225
372638
372863
373230
373699
373743
373929
374383
374468
374485
374511
375197
375544
376177
376513
376613
376762
376802
377365
378183
378200
378542
379466
380236
380333
380689
380881
380944
381294
381310
381313
381555
381808
382265
382530
382985
383035
383124
383585
383984
384139
384261
384301
384443
384876
385630
385660
385713
386301
386308
387297
387373
387459
387532
387644
387660
388739
388801
388979
388999
389285
389312
389628
389823
389961
390039
390100
390199
390427
391083
391139
392301
392321
392366
392698
392769
392937
393334
393439
393523
393614
394121
394148
394541
394624
394741
394947
395023
395250
395636
396088
396106
396894
397316
397622
397953
399468
399682
399691
400253
400788
400840
400880
400905
400916
400992
401082
401419
401551
401848
401971
402120
402443
402484
403184
403445
403552
403765
404019
404281
404827
405901
406056
406484
406750
406987
407141
407237
407270
407276
407610
407955
408216
408597
408811
408988
409352
409421
410397
410726
410740
410824
410921
410970
411215
411452
412068
412122
412515
413192
414193
414738
415088
415447
416080
416555
416623
416684
416959
417444
417564
418815
419058
419062
419136
419307
419983
420269
421137
421208
421558
421796
422151
422349
422405
422458
422847
422871
422901
423302
423574
423878
424321
424597
424865
425263
425951
426807
427096
427250
427408
427572
427779
427921
428547
428651
428793
428887
429092
429719
429748
430438
430521
430778
430886
431743
431746
432122
432305
432995
433003
433073
433579
433889
433944
434088
434197
434234
434444
434481
434798
435091
435521
435551
435869
436127
436551
437004
437624
437932
437974
439087
439106
439261
439383
440569
440622
441047
441739
442178
442439
442885
443552
443780
444175
444316
444787
444898
445108
445381
445481
446169
446185
446535
446878
447204
447321
447576
447717
448040
448354
448660
448792
449026
449115
449488
449529
449743
449890
449925
450524
450548
450623
450648
450776
451020
451129
451301
451658
451897
452295
452331
452425
453193
453207
453834
454013
454083
454219
454538
454907
454965
455312
455830
456040
456209
456790
456892
457287
457624
457865
458323
458348
458615
458836
458921
459345
459432
460228
460550
460805
460889
461002
461322
461624
461997
462924
463030
463433
463507
463550
463787
463903
463969
464167
464208
464331
464781
464835
465285
465308
465370
465513
465591
465771
465877
466214
466468
466493
466822
466946
467764
468288
468383
468426
468467
468493
468541
469049
469167
469360
470042
470065
470564
470752
470805
471461
471841
472493
472871
473077
473263
473727
474006
474269
474673
474699
474879
475180
475440
475803
476566
476702
476798
477056
477413
477520
477565
477692
477807
477841
477935
478167
478556
479256
479474
479553
480366
480373
480562
480623
480899
481682
481859
481929
482021
482318
482512
482699
482953
482998
483161
483211
483469
483533
483688
484120
484505
484507
484879
485052
485098
485876
485938
486197
486524
487076
487374
487798
488258
488635
488933
489993
490282
490577
490823
490898
491523
491536
491709
491803
492313
492488
492634
492650
493696
493937
494061
494963
495206
495325
495409
495684
496467
496832
496856
497223
497620
497798
498022
498199
498303
498529
498969
499127
499147
499303
499532
499991
500021
500694
500737
501153
501187
501913
502556
502695
502923
503187
503579
503769
504317
504538
504769
504878
505184
505613
506019
506129
506632
507197
508067
508075
508101
508445
509007
509218
509386
510060
510086
510208
510225
510479
510669
510699
510875
510973
511129
511792
512147
512400
512483
512485
513392
514668
515047
515638
515731
516100
516399
516464
516578
516711
516884
517175
517260
517711
517784
518375
518398
518488
518759
518800
518911
519059
519137
519261
519306
519327
519469
519861
520041
520056
521183
521201
521325
521549
521837
521885
522267
522268
522769
522884
523099
523545
523818
524222
524668
524777
524978
525126
525889
526488
526727
526778
526900
527150
527677
527838
528367
528415
528757
528848
528869
529296
529602
529761
529874
529904
530131
530805
530814
530862
531053
531398
532233
532306
533525
533587
533921
534555
535243
535249
535454
535686
535838
535929
536398
536487
536722
537489
537723
537872
538133
538471
538619
538893
538955
539054
539446
539488
539813
539879
540234
540517
540625
540798
540861
541016
541273
541286
541417
541453
542288
542397
542559
543323
543423
543430
543558
543877
544203
544364
544950
544959
545072
545368
545865
545910
545944
546453
546628
546634
546857
547651
548830
548950
549038
549247
549634
549659
549705
550155
550268
550293
550874
551179
551221
551228
551633
552061
552703
552770
552846
553113
553151
554079
554157
554164
554234
554521
554567
554580
554667
554904
555398
555540
555653
555714
555753
556062
556224
556301
556657
556927
557128
557428
557541
557871
558877
558934
559082
559661
560139
560485
560559
560724
561354
561560
561915
561920
562198
562434
562758
562802
562982
563064
563386
563600
563748
563799
563837
563868
563904
564535
565022
565138
565546
566212
566430
566577
567220
567321
567436
567649
568132
568454
568769
568859
568863
568886
569268
569528
569912
570444
571624
571960
572123
572329
572511
573223
573259
573366
573477
574048
574634
574753
574836
574855
575042
575459
575523
575740
575827
576712
576975
576981
577476
578147
578301
578365
578786
578902
579165
579182
579539
579893
580153
580256
580695
580717
580987
582622
583156
583460
584126
584471
584801
585069
585130
585301
585524
586653
586840
587703
588342
588437
588498
588946
588965
589104
589325
589526
589776
590237
590488
590914
591109
591473
591897
592027
592510
592647
593268
593459
594027
594142
594239
594278
594535
594666
594753
594866
595081
595841
596052
596217
596222
596920
597464
597790
598372
598391
598520
598623
598832
598952
599279
599365
600388
600407
600607
600624
601306
601654
601965
601966
602580
602707
602861
602997
603391
604098
604361
604625
605153
605207
606281
606450
606739
606762
606922
607089
607278
607784
607833
607850
608176
608982
609414
609497
610196
610403
610441
610798
612288
612518
612824
612953
613367
613804
614578
615164
615217
615259
616225
616278
616635
616689
616790
616909
616924
618219
618337
618347
618550
619453
619942
620502
620668
620797
621444
621583
622027
622174
622371
622782
623127
623370
623440
624122
624519
624828
625131
625483
625590
626162
626163
626343
626452
633165
633637
634932
636458
637113
637389
638210
638666
640694
642835
643718
645406
648052
651029
651048
652195
652590
653292
654240
654290
656513
657021
657167
658129
658355
658494
659160
661695
662382
664258
665395
666884
667914
668724
669731
669786
671210
672310
673209
674374
675569
677165
680679
680791
681522
684214
684785
686138
687176
687773
688008
688065
691998
692908
695149
696493
697724
697825
701121
703448
704970
705461
705599
711253
711308
711978
712041
712533
714299
715147
715453
716095
716869
717196
717234
717565
717621
719359
721265
723615
723771
724438
727800
731462
731874
732056
732440
732484
733876
734723
736264
736787
737370
737667
737878
738149
738639
738717
739371
739856
739860
739864
740249
740276
740786
741484
741709
742338
743017
743419
744128
744146
744741
745144
746930
747446
747609
747952
748021
748250
748989
749584
751017
751640
751942
752568
752912
753439
753583
755092
755143
756073
756204
757634
757740
758197
760359
761035
761111
761277
761471
762882
764017
764100
765382
769710
770844
773493
773826
774184
775002
776007
777319
778017
778698
778855
778982
779663
779784
780673
781499
784065
784556
785031
787610
789245
789482
793919
794248
794611
794639
794690
794978
795191
796448
796552
797398
797767
798156
798317
798831
798943
803876
804391
804528
805158
805459
806299
806452
806484
806597
807093
808422
808622
808909
810351
814206
814239
815181
815942
817898
818643
818839
819320
819522
819859
819872
821001
822157
822198
824022
825378
825612
825683
827039
827281
827712
827754
828186
828939
829256
829305
829955
830062
832235
832293
832721
833102
833186
833945
834283
834357
835212
836316
836821
836943
837373
837799
838612
838634
839184
839435
840183
841186
841409
842170
842634
844047
844279
844497
844535
844897
845238
845601
845639
845718
845834
845965
846301
847660
847910
849047
852354
852509
854939
860385
862846
863192
863803
864313
864345
864534
865871
866133
866385
866605
867332
867539
867553
867567
867784
867805
868266
868830
869065
869323
869328
869865
869888
870293
870506
871654
872222
873063
873625
874415
874911
875200
875487
876212
876531
876615
876768
877469
878785
879068
879125
879166
880018
880605
880760
880837
881500
881614
881662
881754
881847
882335
883395
883606
884176
884508
885525
885531
885724
887042
887379
887624
887828
887891
888764
888861
890147
890211
890216
890276
890518
890821
892110
892510
893080
893132
894344
895064
895649
895765
896272
896576
897112
897154
897203
898398
899330
899574
899638
899725
899788
900464
900789
900910
901313
901480
901879
901985
902470
903300
903640
903655
904661
904772
904975
905119
905130
907256
907866
908504
908659
908701
908982
910238
910274
910334
910448
910611
911071
911353
912051
912261
913464
913899
914699
915084
916245
916381
917490
918133
918302
918855
918942
919299
919805
920328
922012
923982
925477
928890
929119
929267
930235
930297
930308
930679
931866
932199
932374
932650
933026
933077
934224
934626
935227
935922
937696
940505
942083
945490
946201
946557
947685
948247
948321
949285
950534
950781
950817
950963
951912
952642
952954
953088
953133
953870
954473
954690
955102
955120
956307
956341
957231
957469
957568
959062
959369
959459
961231
961949
963091
963372
963615
963873
964075
964536
964762
964983
965178
965417
966233
966445
967474
967500
969221
969250
970021
970436
971143
971599
971894
972883
974417
975853
976105
976256
976383
977296
977658
979705
979743
979998
980566
981322
981401
983147
983577
984547
985588
985590
986790
987415
987792
988004
988472
988692
988859
989025
989098
989145
989279
989394
989745
989996
990333
991052
991727
992218
992235
992452
994183
994612
995709
995860
997149
997163
997717
998371
998545
998703
999259
999728
999737
999796
999970
1000212
1000560
1000572
1001746
1001802
1001810
1001837
1002608
1003223
1005523
1005938
1006578
1007022
1007975
1008326
1009010
1009163
1012250
1012481
1013535
1014415
1014432
1014488
1014685
1014735
1014952
1015669
1016570
1016624
1016894
1017324
1017395
1017619
1019257
1019603
1020488
1020706
1022090
1022740
1023595
1023645
1023819
1024219
1025065
1025269
1025285
1025942
1026225
1026604
1027715
1027971
1029030
1029676
1029987
1030140
1030310
1030971
1032321
1033136
1033378
1033381
1033497
1034893
1035277
1036212
1036452
1036517
1037084
1037190
1037370
1037646
1037938
1038860
1039138
1039249
1039534
1039714
1040391
1042216
1042458
1043111
1044189
1044423
1044582
1044608
1045120
1045493
1045791
1046018
1046200
1046422
1046489
1047235
1047905
1047955
1048276
1048870
1049044
1049064
1049074
1050089
1050540
1051361
1052503
1053328
1054887
1055062
1055722
1055931
1056066
1056136
1056258
1056484
1057197
1057209
1057343
1057511
1058591
1059033
1059122
1059459
1060176
1060752
1061588
1061637
1061717
1062852
1063037
1063076
1063252
1063343
1063483
1063727
1064162
1064563
1065158
1066626
1066628
1066844
1066889
1067245
1067295
1067487
1068315
1069071
1069382
1070069
1070333
1070572
1071331
1071864
1072065
1072489
1073436
1074539
1075341
1075480
1076431
1077085
1077855
1079739
1079952
1079981
1080244
1080578
1080706
1081716
1081768
1082527
1082751
1083883
1084345
1085225
1085236
1085603
1085639
1086227
1086750
1087105
1088671
1089136
1089306
1089775
1089824
1090029
1091502
1092457
1092742
1093208
1094458
1095721
1095891
1096121
1097548
1098390
1098547
1099079
1099347
1099592
1099695
1100334
1100769
1101548
1101837
1102327
1102967
1103098
1105168
1105632
1105858
1106966
1107636
1107928
1107968
1108350
1109186
1109294
1109301
1109853
1110438
1110941
1112722
1113008
1113092
1115407
1115415
1117552
1120037
1120799
1121072
1122369
1122500
1124305
1125216
1133555
1135820
1139056
1139380
1149478
1149491
1150209
1150274
1150667
1150924
1151882
1152014
1152114
1156576
1157333
1157557
1158216
1158305
1158336
1158446
1158947
1159078
1159098
1159705
1159958
1159966
1160093
1160216
1160568
1160717
1160772
1160814
1161081
1161406
1161856
1162191
1162320
1163145
1163442
1163690
1163691
1163746
1163901
1164229
1164311
1164560
1164616
1165427
1165483
1166148
1166433
1166747
1166865
1167207
1167570
1167617
1168051
1168259
1168767
1170642
1170752
1170827
1171222
1171265
1171370
1171591
1172049
1172616
1173625
1174277
1174484
1174643
1175223
1175274
1176435
1176487
1176955
1177879
1177944
1177989
1178133
1178150
1178332
1178435
1178568
1178623
1178842
1179103
1179263
1179606
1180306
1180366
1180756
1181566
1181716
1182692
1183766
1185643
1186493
1187405
1187943
1188282
1188682
1188909
1189171
1189972
1191297
1191389
1191605
1191682
1191727
1192197
1192299
1192519
1192664
1192948
1193605
1193813
1195917
1196227
1196346
1196697
1196711
1197149
1197766
1197850
1198352
1198602
1198647
1199229
1200044
1201029
1201800
1202494
1202876
1202978
1203042
1203541
1203549
1203926
1204589
1205093
1205181
1205586
1205733
1206265
1206909
1207494
1207885
1208418
1210145
1212304
1212318
1212485
1212683
1213074
1213495
1213768
1214239
1214543
1214860
1215438
1215757
1215832
1216244
1216869
1216886
1217273
1218364
1218664
1219628
1219646
1219925
1220283
1221377
1221464
1221607
1223164
1224008
1225800
1225976
1226398
1226719
1226798
1226863
1227145
1228097
1228771
1228789
1228845
1229161
1230067
1231035
1231420
1232358
1233360
1234157
1234306
1234374
1234579
1234768
1235780
1236675
1236845
1236905
1236968
1237777
1237802
1238156
1238217
1238501
1239144
1239448
1239801
1240402
1241171
1241233
1241572
1242017
1242917
1243476
1243675
1244906
1246442
