106845
120153
126268
127367
129603
132873
133955
134419
137637
141534
142784
144223
147466
147670
149358
150303
157480
158654
162269
164245
168797
170455
173068
176093
176923
178316
179210
180587
192657
205655
215571
226704
227713
230354
232475
232716
238407
243852
249736
274391
275145
275365
285727
285933
288286
288540
290527
293830
297198
300450
303113
304419
312694
313574
317085
322611
325191
325217
326163
331350
335616
339517
339726
347996
349038
349175
349890
351983
352503
353700
355192
357905
358113
358261
360281
360516
369158
369359
373276
377348
382344
383197
388751
390818
392166
392865
395875
396597
397717
399636
405080
405963
406069
408099
411041
411179
414071
414487
415771
419573
422146
425791
427699
430600
446067
449661
449975
450559
456150
458452
459308
460608
461604
463535
465179
466365
468051
473484
474380
479054
480255
481567
484511
486113
487410
487727
488325
488731
490873
491581
492619
495718
496126
499344
499990
509781
511908
513229
514356
514721
515491
515936
517522
520105
523187
523772
526524
529492
529543
529696
529710
532152
532366
535711
536648
536854
545785
545945
547497
548152
551256
552096
555241
555991
556559
558155
558564
564534
565979
572243
572727
574760
576281
577867
578876
579194
579243
581927
582195
583577
584297
590436
592368
592856
595074
596761
601806
602965
603359
605982
606928
608770
608795
613217
616156
617626
618576
621421
623403
632424
671403
672788
678188
684803
690889
691537
697580
700038
705311
706051
716465
725689
751399
753505
756427
762847
767608
772088
776458
776825
777174
790252
794349
821505
825962
828136
829273
829744
830896
832733
839250
841620
849340
857299
866455
867045
881068
881324
882992
885851
889372
902131
903826
917807
919151
921280
922108
931348
933793
935817
941597
943536
945698
946912
948238
956686
961337
964541
966883
972104
972285
978032
978653
979326
987379
1000369
1009063
1010794
1011496
1011787
1012322
1012477
1012523
1013116
1014377
1015386
1018648
1021980
1022699
1025140
1028858
1039622
1041263
1042448
1044697
1049623
1050325
1058467
1058727
1063103
1066509
1066872
1066878
1067387
1067863
1071032
1072656
1073556
1074308
1077172
1078605
1089061
1089611
1091381
1098992
1102578
1102631
1105731
1106348
1106512
1107167
1108996
1121044
1125095
1140687
1150404
1153290
1155422
1158650
1162495
1165940
1166717
1167620
1170319
1170504
1170991
1171818
1173287
1175532
1180476
1183793
1187667
1189196
1190251
1191561
1192997
1195041
1197342
1198151
1198347
1199390
1201555
1202025
1204460
1205694
1211928
1214469
1217590
1218070
1219618
1220333
1222260
1223554
1224446
1225803
1229219
1237795
1238912
1240239
1241990
1242580
