100715
106845
107724
111299
117305
117461
122953
129865
130260
131114
132067
133014
134419
135537
137637
138455
140050
143551
143739
145163
146149
147422
147958
149358
153096
154165
156480
157573
159390
159875
161358
162382
162721
164245
168011
168139
172457
173068
175261
175435
175448
177107
178316
179122
182205
184407
186661
189203
190219
190598
193058
193219
196252
198094
201704
202034
209038
211249
216255
222422
223769
224183
227535
232158
232475
232640
234582
235302
238407
241262
249736
261750
262354
263990
268238
269944
271745
275145
276060
282961
284704
285111
285933
286999
289744
290854
293261
293509
295722
295911
297198
299586
300450
302336
308901
313330
313531
313574
315521
317110
319166
319952
320828
321596
324132
327617
331082
332928
334030
334862
335616
336083
337599
338748
338862
340892
345926
347643
347996
349175
349205
349445
351599
351983
352441
354817
355592
355952
356538
357076
358261
359239
366154
367316
368055
369359
376207
377062
377865
378833
382160
384249
384798
388401
390288
392032
392166
392865
397005
397222
400827
402700
404674
407466
408070
411179
415846
416265
416480
419573
420925
421188
422146
422794
429282
429671
430340
431083
431759
431767
432571
432893
433359
436180
438350
443448
445530
445789
446165
447519
450717
452551
455558
460441
460608
461439
461473
462764
470371
470683
472574
474144
474380
474680
480079
480106
480255
480514
481113
481450
484511
486282
488325
488875
490250
490873
493932
497545
501079
501499
507155
508716
512350
512746
512762
515936
525441
527874
529492
536998
537265
537392
537965
540322
542862
545785
548446
550614
551256
551714
551871
552295
555631
555882
555991
556676
564612
565670
567840
572727
574336
574776
577372
577640
579243
580138
580438
581203
581927
583577
583690
584815
585265
585615
586353
589753
592102
592856
595004
595074
596616
599293
600515
603359
610554
612887
613217
613920
618413
619616
620811
620993
621412
623517
626124
630096
631865
632628
672563
715527
731766
732589
734827
741582
742911
743180
743189
744426
746805
753505
762055
766612
768277
773468
778926
790221
801364
818420
821296
824341
826217
832733
833255
834995
837578
843993
864972
867946
869622
870787
871644
872216
872317
872512
872580
872921
872971
874366
874436
879527
881068
882421
886811
889372
892407
892685
895220
896790
899392
902131
904012
904689
905875
911537
915015
915497
919294
923049
924203
925293
926689
936557
936719
941597
943536
945568
945668
949140
953867
954615
956686
956992
960169
961337
962845
964541
966883
969405
969956
970623
976826
978653
979326
985214
985512
987379
989009
994721
996587
1008808
1011496
1012544
1014510
1021655
1021980
1025140
1033353
1035622
1035736
1037406
1040881
1043904
1044697
1052762
1058467
1063103
1064451
1066878
1069952
1071032
1071940
1073687
1075171
1080641
1085992
1089061
1089611
1098505
1100329
1106512
1114513
1156202
1164896
1167769
1168827
1171111
1175090
1177218
1178284
1178382
1181203
1181387
1182076
1182777
1184993
1188417
1188815
1190200
1191700
1192896
1193538
1196573
1198123
1198151
1201555
1204460
1209791
1210001
1220333
1230138
1232749
1234017
1236011
1241990
