100270
100715
103011
103223
104122
106845
114621
115147
122194
122953
127367
129603
132873
133014
133955
137637
138455
141519
141534
142784
144223
144573
148600
149358
149422
150303
153996
155384
156305
156694
157480
157573
158654
162971
166996
170455
172030
172457
175030
175435
178316
178862
179210
181491
182205
183036
183965
184165
186567
192657
193219
196079
205655
206396
209038
220140
222422
222702
223769
225006
227535
227713
229728
230354
232475
234582
235111
237011
238407
240869
241262
244452
248818
249736
251261
253595
265636
269795
273632
274391
275145
275365
288540
288700
289744
290387
290527
293261
296144
296700
297198
304419
310156
317085
317365
322211
323278
324156
325217
326163
332928
334851
335616
336771
338862
339726
347643
348211
348663
348780
349038
349205
350405
351599
353700
354817
355952
357076
366154
371266
373276
377865
382160
382344
382617
383055
383197
388751
389056
392032
392166
392403
395875
396597
399636
402629
405080
405963
406069
411041
412751
414487
414778
418357
419573
420524
422794
427662
427951
429671
436393
438276
444738
446165
447519
448379
449661
449975
450559
450717
452539
452551
454160
457331
457637
460608
461604
465179
466365
469008
474144
474380
480061
480079
480255
481080
481335
481567
483240
484230
484511
486113
487727
488325
488731
490639
490873
492034
495371
495463
495718
496084
496594
499990
512746
513064
514721
516692
517911
518888
519498
523187
525441
526524
527874
527976
529492
529543
529696
531486
532366
535711
536648
536854
541094
542549
545785
552096
555991
556559
556676
557637
563679
565979
566428
567200
572243
574760
574776
578876
583577
584282
588525
590436
591159
592368
592856
596761
598769
601806
603359
603945
605982
606579
606928
608203
608770
608795
609082
612284
613217
613501
616156
616311
617626
633283
634702
656898
658691
671403
675152
678109
678188
697580
698237
700038
706051
725135
733528
734827
738293
743895
748232
756427
762847
767608
772088
776458
776825
777174
804295
807713
818420
821181
821505
825962
830896
832733
832957
833255
838830
839250
839720
849340
865696
866663
871210
872909
872971
873394
882992
892685
902131
904638
917807
931348
933793
935817
939722
943536
945432
946912
947757
953914
961337
964541
969405
970623
972938
975791
978032
979326
980992
987379
988786
991985
998432
1003026
1011787
1012477
1012523
1012544
1013116
1020474
1037406
1039622
1039741
1042448
1049623
1055005
1058467
1058727
1063103
1065835
1066872
1066878
1067387
1067863
1071032
1072656
1074308
1074510
1077172
1078605
1080790
1088585
1089061
1089632
1096704
1098992
1106348
1106512
1108996
1109874
1121044
1140687
1152296
1155422
1158650
1160765
1162122
1162495
1163559
1164301
1165940
1167620
1170504
1170991
1171818
1174792
1175532
1177218
1181387
1184993
1190251
1191561
1198347
1199621
1201555
1202025
1204460
1205694
1211928
1214200
1216823
1217590
1220333
1220893
1224446
1226252
1226895
1236011
1237795
1238912
1241990
1242580
1242652
