100615
101105
101682
102136
103344
105126
105769
106150
108122
108235
108765
108875
108938
109054
109363
109525
109551
109993
110196
111211
111432
111880
112698
113036
113595
113797
114170
114342
114995
115515
116517
116969
118478
118554
118606
119931
120036
120148
120248
120286
120672
121029
121107
121128
121433
121499
121730
122221
122259
125615
125629
125918
126035
126667
126875
127376
127760
127790
127873
129105
130044
132465
132519
133070
133113
133917
134631
134914
137233
138296
139544
140093
141332
141636
141642
141913
142659
143826
144512
145772
146032
146263
146559
147255
147391
147410
147734
148851
149020
149597
149776
149886
149963
150393
151252
152484
152824
153490
153850
154066
155913
156346
157310
157435
158639
159490
160867
161206
162167
162362
162402
163934
164593
165076
165402
165855
166799
167298
168201
169554
171222
171799
172305
172679
173181
173210
173319
174425
174525
174619
174640
175456
175673
176750
177126
177438
177975
178797
179416
179706
180230
180808
181312
181642
181964
182361
182406
182535
185215
185724
185798
187715
187833
188478
188558
188588
189419
189769
190168
190328
191027
191293
191307
191358
191426
191472
191561
192277
193274
193796
193807
194636
195791
195864
196232
196328
197166
197297
197752
197808
198862
198923
199647
199673
199937
199942
200156
200347
200423
200726
200898
202507
202754
203487
203556
204400
205731
206155
206416
207645
208744
209608
209659
209677
210060
210628
211448
212139
214162
215168
215374
215791
216318
217779
217797
218865
219080
221595
222551
223940
224098
224478
224522
224651
225571
225811
226210
226358
226924
227234
227628
227723
228704
230126
230780
230856
231136
231266
231687
232029
234017
234140
234320
234800
234859
235297
236115
236344
237181
237979
238728
238881
239412
239451
239730
240151
240562
241904
242027
242033
242064
242618
243592
244024
245076
247016
248801
249680
249934
250638
251141
251505
252507
252909
252990
254338
255198
256054
257373
257818
257832
259143
260199
260237
261090
261240
261280
261748
262087
262090
262236
262442
263293
263477
263913
264098
265158
266265
267277
267648
267956
269223
269413
269800
269975
270220
270349
270856
271256
271668
271964
273277
274953
275025
276372
276711
276929
277180
277677
278763
279311
280880
280966
281281
283816
284497
284655
286769
287131
287608
287800
288642
289974
291345
291806
294576
294969
295048
295265
296181
296501
297113
298424
300297
301402
302471
303616
303696
304639
305006
306257
307009
307039
307359
309153
309563
309886
310155
310576
311654
312355
313423
313776
317586
318322
321180
323804
324171
324664
325302
326897
327910
328105
329769
331214
331273
333268
333577
333672
333674
333899
334185
335334
335544
335558
336059
336312
336318
336831
337351
337358
337531
338341
340253
341101
341341
343312
343449
343673
343754
346289
346333
347067
347545
347715
348997
350433
350522
350719
350842
350923
351013
351648
351763
353221
355848
358338
359113
361488
361994
362181
362481
363005
364367
364804
365831
365878
366656
368517
369474
372225
372638
375021
375519
375744
376431
376468
376964
386196
386629
387123
387680
389385
390199
392706
392932
393210
393261
394741
395636
397874
398935
399284
401082
402886
403184
404019
407955
409352
410425
410856
416213
416219
416890
418780
419307
421796
422261
422379
423347
424857
425149
426561
426947
427327
427572
434371
436127
436986
437011
439252
439310
440908
441738
445481
446750
449488
449596
454273
454907
454965
455008
456005
456685
457599
458339
458746
459070
459432
461322
461997
462132
462435
464321
464331
465285
465370
466573
469619
470065
470758
471630
471775
474598
475440
478658
480373
483545
486210
491878
492222
495076
495387
496617
500915
506972
508409
509392
509945
510384
511024
511129
511755
512101
514478
515406
515710
515938
516578
516827
516884
517885
518871
518902
519997
521161
521746
521806
521885
522140
522769
522871
528700
528917
531681
532504
535047
537370
538133
538955
540247
541193
541417
541453
541470
542487
543430
544445
545953
547017
547797
549238
549403
551221
551228
551934
552896
552972
558182
560331
563799
563868
564220
564231
565260
568886
572850
572979
575459
576731
577229
577925
578038
578750
584447
586840
594237
595081
596052
600143
602583
603134
603391
605319
605763
606450
608352
614630
614909
621645
622174
624798
625091
625396
626547
642259
651048
655685
658355
665738
671878
681522
683200
687861
688065
689153
711978
715147
715221
715503
717621
721265
722375
726503
728393
730209
736206
740276
744897
747609
756722
771232
776247
781914
787610
801580
804528
804991
805164
808787
815181
815553
815942
818643
819320
819522
825982
832293
837799
838612
839662
840183
846301
847660
863041
863202
866385
867784
868477
875200
875771
876043
876634
876693
879765
880981
881238
881754
883094
886050
887080
894888
896576
907710
908982
912460
915181
922455
923982
937696
942898
947030
953816
955102
955120
956341
957394
958708
960839
963500
963615
964386
965473
967280
967295
970488
970654
973987
974122
975853
977829
978729
992130
999728
1004644
1006301
1008136
1009344
1010000
1011392
1017496
1018514
1023023
1024511
1031252
1032258
1033381
1033518
1039029
1044118
1045120
1049074
1053489
1054362
1056139
1056332
1059459
1059950
1063017
1066554
1070989
1074343
1074996
1075341
1078551
1090194
1095810
1099219
1099695
1101214
1104426
1106362
1107311
1109621
1111244
1112698
1113008
1120736
1135848
1139417
1163690
1163901
1164080
1167617
1171591
1173294
1175061
1176435
1177459
1178525
1179306
1179522
1186493
1187405
1187773
1196227
1199933
1200507
1202105
1202722
1206274
1208091
1208199
1210145
1210646
1211025
1213768
1216244
1221561
1221607
1229100
1235780
1236845
1238217
1241394
1244043
1245352
