106845
120446
126268
126398
132873
133955
134419
134811
135206
139305
142784
144223
145132
149358
152472
154365
178316
179210
207999
232716
235302
249736
253769
275145
275365
284704
285727
295911
304419
312694
313354
323880
335616
336868
343664
349038
357905
362946
401667
411041
425791
446458
458452
460608
461473
472574
473825
480445
480557
523772
526168
536854
538050
542676
556245
556559
572727
581043
583577
585615
585855
585878
597155
608795
718423
748376
758819
759352
763902
766154
772281
798602
821296
829273
834995
849251
849340
867045
867749
871644
883810
917073
917243
937134
938814
949243
956686
979326
1006439
1009063
1025140
1038563
1044697
1049504
1049623
1058467
1063103
1066878
1071032
1074308
1106348
1121044
1140087
1155422
1158650
1170319
1170504
1170991
1173138
1175532
1187192
1193538
1203156
1204460
1216114
1217590
1220333
1224179
1226584
1241367
