102917
104345
105047
105649
109730
110899
111025
111670
111939
112041
112044
112387
113297
114666
115438
116290
116539
116560
120927
123294
123801
124681
125076
126059
126217
128537
128864
129151
129289
130181
130366
131572
131834
132260
132640
132936
134388
135382
137090
137806
137871
140555
140911
140931
142056
142141
143668
144164
144205
144417
145215
145344
145467
145827
146175
146208
147503
147984
148117
148229
148611
150176
150337
151216
152992
153044
153900
153963
154084
154248
154289
155496
155563
156634
156655
156954
156974
157047
160443
161058
161425
161742
163984
164453
165344
165358
166603
168523
171795
173756
174076
174585
175203
176862
177160
179742
179988
183691
184841
189043
189194
192516
193677
195200
196976
197571
198355
198674
199278
201118
202124
203067
204153
204774
205078
205668
207458
208232
209076
214517
214528
214775
215998
219746
219957
223435
225761
226858
227142
228280
231094
233042
237374
238005
238743
241388
241558
242171
242201
243550
247304
249449
249715
250456
250535
250700
251365
252620
252890
257705
257995
258719
259738
261384
262086
262403
262440
266488
268529
270927
272301
275167
277313
278324
278602
280693
282068
282624
282802
283278
284398
284672
286173
286584
287490
288010
288489
288685
288795
289220
289822
289839
290249
291564
291682
291744
292126
292347
293908
294360
295084
295086
296815
297354
298174
298450
299083
299397
299714
299870
299907
302580
302619
303980
304298
305264
305423
306607
307050
307210
307279
308992
309662
310030
310380
310392
311714
312774
313839
314126
314234
315575
315579
315746
315996
316762
317641
318850
318927
319625
320144
320316
320498
321172
321182
322146
322776
323949
324605
325309
325831
326208
326483
326879
327129
327681
327874
328037
329149
329839
330312
331203
331412
332078
332348
334228
334634
338947
339142
339606
341253
341716
342099
343816
344299
344329
345921
346758
347476
348085
349705
350143
350390
350408
350725
350965
351040
351078
351542
351686
353144
355203
355725
356187
357012
357025
359007
359077
359909
361791
362310
363089
363786
365043
365174
366803
367523
368969
369391
370342
371498
371800
372351
373710
374468
374708
376513
377599
378650
379043
380569
380670
380689
380944
381294
381808
382117
382334
384803
385750
386748
388097
388275
388315
388392
389100
389161
391191
392200
392528
392937
393938
394811
396683
398211
400788
400935
401213
403759
405310
406252
407030
407049
407134
407141
407974
409174
409935
410463
410581
410982
411452
412414
413554
413937
413973
414193
414473
415088
415447
416684
417077
421137
422458
423574
424321
424458
424865
425954
426430
427025
427096
427250
428418
429199
429680
429826
430438
431359
432995
433115
433987
434444
435091
435389
437421
438718
439115
439261
439714
440641
440924
445147
446043
446166
446599
446878
447317
447321
447368
448375
450548
450730
450776
451429
453193
454130
454161
455334
455346
456892
458798
458921
459204
459318
460481
460523
460550
460697
461078
461118
461317
461515
461611
461624
463253
463488
464208
464842
465596
465645
466437
466468
468259
468493
468888
470255
471841
472019
473077
473693
474394
475803
477807
478604
479064
479474
480033
480366
480899
481021
482761
483161
483704
484493
485052
485876
486791
487076
487260
489665
490190
490282
491395
492313
492488
493372
493712
493984
494554
495047
497470
498956
499303
499519
500021
500946
501606
502556
503187
503769
503865
504100
506019
506588
506611
507729
507911
508067
508445
509918
510669
511527
511672
513029
513192
515501
516245
516711
517640
517651
517916
519593
519885
519917
520331
521350
522862
525672
526727
528008
528811
529602
529783
529795
529911
530130
530317
531587
532277
532369
532925
533301
534342
534617
536214
536487
536512
537111
537170
539054
539312
539813
542084
542178
543913
544260
545368
548967
549759
550156
550293
550419
550874
551446
553151
554736
557170
557417
558877
559333
561277
562758
563386
565223
567321
567756
568991
571501
572292
573223
573766
575229
575287
575826
576267
576286
576380
579117
579539
580256
580277
580717
581869
581916
583460
583711
584082
585153
585321
586233
587513
587925
588423
593064
593137
594027
594278
594535
595226
597681
598262
598952
598989
599725
600173
601940
602997
604551
607089
608989
609478
611397
612525
615217
616635
617055
617212
617647
617754
621743
621956
623440
624122
624190
625654
627118
632799
636755
638210
649715
653292
666438
666700
668634
668724
670255
671673
672522
674245
676748
688836
689144
697903
703448
704970
714379
716605
716607
717996
724769
730007
731036
732484
733250
736264
738639
740249
742955
743742
746930
747540
748250
748312
749584
749773
750189
751640
753583
755485
756073
757634
757950
758197
758390
758395
758478
764196
765409
768062
768895
769631
770747
771082
773493
779417
779784
784400
784577
787826
792356
799631
801822
803600
803876
804418
805459
810796
817595
819872
827637
828865
829768
833102
834134
835212
836316
837172
838190
838634
841680
843317
844279
866605
868156
869865
870253
873816
874128
876531
876655
877676
878293
879166
879726
880018
881049
881662
883606
884018
884245
885531
887379
887828
889405
890100
890216
891167
891365
891917
893381
894075
895942
896389
898564
898831
899176
901879
902440
903423
904975
908076
908561
911475
911967
912284
914112
918021
918534
920725
923299
925817
928649
930235
932988
933835
937410
938188
942254
943633
948756
949285
949782
950583
952141
953733
954244
955991
957469
958732
959117
960264
963258
963329
963523
964983
965032
967165
967217
969068
970916
975486
975897
978552
980613
981371
981962
982154
983313
984775
985291
985588
985682
986978
988692
994488
995068
995841
997029
998545
999021
999694
1001964
1002608
1003366
1007606
1012481
1015337
1017547
1018889
1019603
1020231
1022785
1024487
1026225
1026838
1030310
1031992
1032954
1034783
1035211
1035440
1036212
1036452
1037260
1037533
1040044
1041523
1044582
1045493
1046665
1047735
1047905
1052000
1052351
1054705
1055931
1056892
1057197
1057343
1057759
1057939
1059122
1061481
1061837
1063364
1064162
1064772
1066626
1068315
1072676
1075172
1077452
1077855
1082015
1082879
1083441
1085088
1085266
1085922
1086750
1089604
1089966
1095891
1096289
1099079
1099345
1099347
1100545
1101767
1102684
1102967
1103163
1103450
1107141
1108704
1108928
1109186
1109496
1110843
1113738
1114714
1115415
1115416
1122775
1135670
1139056
1149491
1150381
1151736
1160970
1163504
1163691
1166561
1167207
1167570
1168767
1171491
1171716
1172145
1174098
1174443
1176487
1176543
1180709
1182118
1188808
1189972
1190007
1191759
1194325
1195165
1197850
1198352
1198788
1200836
1201603
1202725
1203072
1204361
1205093
1206265
1208170
1209542
1211930
1215534
1215892
1217165
1218394
1218881
1219661
1222388
1223638
1224401
1225802
1225976
1229615
1231303
1233005
1233360
1234806
1235206
1236406
1237802
1239214
1241233
1241765
1242397
1243075
1245083
