111737
124509
132253
206982
226041
235596
280156
281256
282269
286321
289284
292531
298742
302709
307536
310964
312443
313130
319870
332286
333047
334919
336328
339428
342096
350768
352623
353744
356791
356945
357863
362814
366033
366974
371279
373230
373743
376560
379152
379272
384386
385398
385630
393650
394148
396547
401255
403445
406848
408811
412833
423459
424567
428793
429748
430521
432312
436386
444068
445207
447204
451129
454794
460754
462727
463550
464412
464835
465110
467755
477279
478470
478572
483402
484507
485938
486050
488635
500078
507869
510225
510381
515047
516496
516505
519137
519261
520051
520357
521711
521837
522060
523465
524345
526900
527980
530805
530862
533530
539741
541985
542513
542908
543993
545049
547665
552282
552846
554300
554673
555013
555981
556062
556852
556927
558004
561468
562783
564738
565138
568465
570324
572123
577449
578715
578924
579904
580132
580346
582622
584471
587093
589121
591620
592497
593237
593782
594008
594602
596414
598054
598439
600064
600365
600682
601965
607312
609150
611967
612824
614173
615774
620532
621060
624998
625577
636727
673254
686041
687466
697228
699324
705507
711414
714679
716095
733680
733681
736012
747169
748401
755143
757740
759360
763484
763495
771755
779663
789882
794982
820173
830308
832718
837208
839184
839912
844055
849882
863109
866860
868554
868830
868996
873625
877424
888449
890800
895859
897112
899080
899535
899617
899838
899949
902966
905292
905482
910334
911241
922200
932374
937402
939408
950519
951420
953511
957528
959903
960978
962196
964393
964536
972782
972883
975306
977640
982995
983620
987792
990328
992594
992699
999970
1000503
1002551
1005897
1006960
1008376
1009439
1011002
1014384
1015669
1020596
1028470
1030391
1035023
1035944
1037190
1038880
1039138
1043104
1045030
1046906
1047587
1047617
1053073
1056070
1057525
1057887
1059264
1061637
1065975
1067295
1068889
1069932
1070412
1071450
1078738
1080305
1084345
1090323
1091846
1102873
1105519
1109653
1116587
1117545
1119712
1121072
1125216
1132309
1149164
1151882
1154809
1157557
1157744
1158085
1158321
1159082
1159100
1159139
1160216
1160772
1161081
1162378
1163597
1166138
1168259
1168320
1171103
1171502
1172598
1176570
1177119
1179385
1179498
1180978
1182149
1185071
1193320
1194391
1195104
1200839
1203191
1204848
1218346
1218364
1218664
1218965
1220085
1220735
1225265
1227145
1229161
1232316
1232676
1234157
1236516
1237605
1238243
1239028
1239942
1240460
1242223
1244683
1245268
1245402
1245706
1246482
