100715
101492
101812
107150
107981
111320
111800
118951
122194
122953
126867
138455
138874
148673
151984
152989
155384
168371
172457
179354
186567
187761
208877
212940
222422
222750
227535
239147
241363
253342
290288
294706
296144
302852
329479
334092
336083
336239
344568
345926
348211
351599
354153
354556
355592
355952
358805
371266
376207
378833
382160
383671
389914
397005
401319
414915
415543
416801
421226
426192
427662
438369
443466
447972
448223
450717
462236
492034
526949
546438
557623
592102
606704
609082
615790
658039
682613
727718
734827
796188
818420
821181
869622
874436
919017
925293
953867
959624
963812
969956
1011380
1025779
1033583
1041891
1067321
1074510
1109874
1165766
1170848
1196573
